## fname ../data/sample_MESA_output/profile_agb_timmes_logE.data  masscut 0.95    N 8   mp (Ms) 1e-07   mp (g) 1.988e+26   RKstep 1.000e+09
#N    (ru+rl)/2 (cm)    M(g) contained in shell ru-rl   internal energy E (unlog)...ergs?
8 6.43614175087e+12 2.86078623954e+29 1.96647774438e+13
8 6.43714175087e+12 2.85898874507e+29 1.96597434287e+13
8 6.43814175087e+12 2.85718971905e+29 1.96547094137e+13
8 6.43914175087e+12 2.85538916108e+29 1.96496753987e+13
8 6.44014175087e+12 2.85358707078e+29 1.96446413836e+13
8 6.44114175087e+12 2.85178344775e+29 1.96396073686e+13
8 6.44214175087e+12 2.84997796267e+29 1.96345680142e+13
8 6.44314175087e+12 2.84815950978e+29 1.96294792624e+13
8 6.44414175087e+12 2.84633104067e+29 1.96243905105e+13
8 6.44514175087e+12 2.84450102472e+29 1.96193017587e+13
8 6.44614175087e+12 2.84266946152e+29 1.96142130068e+13
8 6.44714175087e+12 2.84083635069e+29 1.9609124255e+13
8 6.44814175087e+12 2.83900169184e+29 1.96040355031e+13
8 6.44914175087e+12 2.83716843722e+29 1.95989744666e+13
8 6.45014175087e+12 2.83537099602e+29 1.95939656375e+13
8 6.45114175087e+12 2.83358281518e+29 1.95889568084e+13
8 6.45214175087e+12 2.83179311644e+29 1.95839479792e+13
8 6.45314175087e+12 2.83000189942e+29 1.95789391501e+13
8 6.45414175087e+12 2.82820916374e+29 1.95739303209e+13
8 6.45514175087e+12 2.82641490901e+29 1.95689214918e+13
8 6.45614175087e+12 2.82462121957e+29 1.95639195045e+13
8 6.45714175087e+12 2.82283783132e+29 1.9558922743e+13
8 6.45814175087e+12 2.82105401329e+29 1.95539259815e+13
8 6.45914175087e+12 2.81926868396e+29 1.954892922e+13
8 6.46014175087e+12 2.81748184294e+29 1.95439324584e+13
8 6.46114175087e+12 2.81569348986e+29 1.95389356969e+13
8 6.46214175087e+12 2.81390362434e+29 1.95339389354e+13
8 6.46314175087e+12 2.8121166542e+29 1.9528951302e+13
8 6.46414175087e+12 2.81033795525e+29 1.95239665862e+13
8 6.46514175087e+12 2.80855834853e+29 1.95189818703e+13
8 6.46614175087e+12 2.80677723699e+29 1.95139971544e+13
8 6.46714175087e+12 2.80499462025e+29 1.95090124386e+13
8 6.46814175087e+12 2.80321049792e+29 1.95040277227e+13
8 6.46914175087e+12 2.80142486964e+29 1.94990430068e+13
8 6.47014175087e+12 2.79962864598e+29 1.94940072848e+13
8 6.47114175087e+12 2.79781926421e+29 1.94889670656e+13
8 6.47214175087e+12 2.7960080786e+29 1.94839268465e+13
8 6.47314175087e+12 2.79419537251e+29 1.94788866273e+13
8 6.47414175087e+12 2.79238114555e+29 1.94738464081e+13
8 6.47514175087e+12 2.79056539734e+29 1.9468806189e+13
8 6.47614175087e+12 2.78875003507e+29 1.94637841845e+13
8 6.47714175087e+12 2.78696555698e+29 1.94588228021e+13
8 6.47814175087e+12 2.78519481489e+29 1.94538614196e+13
8 6.47914175087e+12 2.78342258063e+29 1.94489000372e+13
8 6.48014175087e+12 2.78164885382e+29 1.94439386547e+13
8 6.48114175087e+12 2.77987363408e+29 1.94389772723e+13
8 6.48214175087e+12 2.77809692104e+29 1.94340158898e+13
8 6.48314175087e+12 2.77632003306e+29 1.94290604407e+13
8 6.48414175087e+12 2.77455304976e+29 1.9424110593e+13
8 6.48514175087e+12 2.77278569993e+29 1.94191607454e+13
8 6.48614175087e+12 2.77101686384e+29 1.94142108977e+13
8 6.48714175087e+12 2.7692465411e+29 1.940926105e+13
8 6.48814175087e+12 2.76747473134e+29 1.94043112023e+13
8 6.48914175087e+12 2.76570143419e+29 1.93993613546e+13
8 6.49014175087e+12 2.76393084471e+29 1.93944202854e+13
8 6.49114175087e+12 2.76216770473e+29 1.93894818577e+13
8 6.49214175087e+12 2.76040361093e+29 1.93845434299e+13
8 6.49314175087e+12 2.75863803667e+29 1.93796050022e+13
8 6.49414175087e+12 2.75687098157e+29 1.93746665745e+13
8 6.49514175087e+12 2.75510244525e+29 1.93697281468e+13
8 6.49614175087e+12 2.75333242735e+29 1.9364789719e+13
8 6.49714175087e+12 2.75155014787e+29 1.93597958458e+13
8 6.49814175087e+12 2.74975539005e+29 1.93548016183e+13
8 6.49914175087e+12 2.74795911305e+29 1.93498073908e+13
8 6.50014175087e+12 2.74616133956e+29 1.93448131633e+13
8 6.50114175087e+12 2.74436206919e+29 1.93398189358e+13
8 6.50214175087e+12 2.74256130157e+29 1.93348247083e+13
8 6.50314175087e+12 2.74076199431e+29 1.93298590837e+13
8 6.50414175087e+12 2.73899710052e+29 1.93249424452e+13
8 6.50514175087e+12 2.73724001764e+29 1.93200258068e+13
8 6.50614175087e+12 2.73548146564e+29 1.93151091683e+13
8 6.50714175087e+12 2.73372144414e+29 1.93101925299e+13
8 6.50814175087e+12 2.73195995277e+29 1.93052758914e+13
8 6.50914175087e+12 2.73019699117e+29 1.9300359253e+13
8 6.51014175087e+12 2.7284359199e+29 1.92954501868e+13
8 6.51114175087e+12 2.72668220922e+29 1.92905441361e+13
8 6.51214175087e+12 2.72492764234e+29 1.92856380855e+13
8 6.51314175087e+12 2.72317161162e+29 1.92807320349e+13
8 6.51414175087e+12 2.72141411668e+29 1.92758259842e+13
8 6.51514175087e+12 2.71965515717e+29 1.92709199336e+13
8 6.51614175087e+12 2.71789480214e+29 1.92660142229e+13
8 6.51714175087e+12 2.7161395797e+29 1.92611184861e+13
8 6.51814175087e+12 2.71438886984e+29 1.92562227494e+13
8 6.51914175087e+12 2.71263670171e+29 1.92513270126e+13
8 6.52014175087e+12 2.71088307493e+29 1.92464312759e+13
8 6.52114175087e+12 2.70912798914e+29 1.92415355391e+13
8 6.52214175087e+12 2.70737144396e+29 1.92366398024e+13
8 6.52314175087e+12 2.70561223337e+29 1.92317258275e+13
8 6.52414175087e+12 2.70383549062e+29 1.92267733854e+13
8 6.52514175087e+12 2.70205205722e+29 1.92218209433e+13
8 6.52614175087e+12 2.70026714919e+29 1.92168685012e+13
8 6.52714175087e+12 2.69848076615e+29 1.92119160591e+13
8 6.52814175087e+12 2.69669290775e+29 1.9206963617e+13
8 6.52914175087e+12 2.6949035736e+29 1.92020111749e+13
8 6.53014175087e+12 2.69312681271e+29 1.91971163843e+13
8 6.53114175087e+12 2.69137956456e+29 1.91922398549e+13
8 6.53214175087e+12 2.68963274838e+29 1.91873633256e+13
8 6.53314175087e+12 2.68788448374e+29 1.91824867962e+13
8 6.53414175087e+12 2.68613477026e+29 1.91776102668e+13
8 6.53514175087e+12 2.6843836076e+29 1.91727337374e+13
8 6.53614175087e+12 2.68263132936e+29 1.91678587846e+13
8 6.53714175087e+12 2.68088486616e+29 1.91629915817e+13
8 6.53814175087e+12 2.67914121662e+29 1.91581243788e+13
8 6.53914175087e+12 2.67739612369e+29 1.91532571759e+13
8 6.54014175087e+12 2.67564958702e+29 1.9148389973e+13
8 6.54114175087e+12 2.67390160626e+29 1.91435227701e+13
8 6.54214175087e+12 2.67215218104e+29 1.91386555672e+13
8 6.54314175087e+12 2.67040277616e+29 1.91337933946e+13
8 6.54414175087e+12 2.66866130092e+29 1.91289353365e+13
8 6.54514175087e+12 2.66691926563e+29 1.91240772783e+13
8 6.54614175087e+12 2.6651757916e+29 1.91192192202e+13
8 6.54714175087e+12 2.66343087848e+29 1.9114361162e+13
8 6.54814175087e+12 2.66168452592e+29 1.91095031039e+13
8 6.54914175087e+12 2.65993673354e+29 1.91046450457e+13
8 6.55014175087e+12 2.65817781186e+29 1.90997351697e+13
8 6.55114175087e+12 2.65640435587e+29 1.90948196772e+13
8 6.55214175087e+12 2.6546290676e+29 1.90899041846e+13
8 6.55314175087e+12 2.65285232395e+29 1.90849886921e+13
8 6.55414175087e+12 2.65107412455e+29 1.90800731996e+13
8 6.55514175087e+12 2.64929446904e+29 1.90751577071e+13
8 6.55614175087e+12 2.64751643058e+29 1.90702722623e+13
8 6.55714175087e+12 2.6457721415e+29 1.90654314104e+13
8 6.55814175087e+12 2.64403395827e+29 1.90605905585e+13
8 6.55914175087e+12 2.64229434545e+29 1.90557497066e+13
8 6.56014175087e+12 2.64055330268e+29 1.90509088546e+13
8 6.56114175087e+12 2.6388108296e+29 1.90460680027e+13
8 6.56214175087e+12 2.63706692585e+29 1.90412271508e+13
8 6.56314175087e+12 2.63532596171e+29 1.90363936037e+13
8 6.56414175087e+12 2.63359001371e+29 1.90315611014e+13
8 6.56514175087e+12 2.63185287099e+29 1.90267285991e+13
8 6.56614175087e+12 2.63011430292e+29 1.90218960967e+13
8 6.56714175087e+12 2.62837430915e+29 1.90170635944e+13
8 6.56814175087e+12 2.62663288933e+29 1.90122310921e+13
8 6.56914175087e+12 2.62489062436e+29 1.90074011912e+13
8 6.57014175087e+12 2.62315472912e+29 1.9002576849e+13
8 6.57114175087e+12 2.62141997625e+29 1.89977525067e+13
8 6.57214175087e+12 2.61968380258e+29 1.89929281644e+13
8 6.57314175087e+12 2.61794620775e+29 1.89881038221e+13
8 6.57414175087e+12 2.61620719141e+29 1.89832794798e+13
8 6.57514175087e+12 2.61446675321e+29 1.89784551375e+13
8 6.57614175087e+12 2.61271830057e+29 1.89735880916e+13
8 6.57714175087e+12 2.61095237633e+29 1.89687055709e+13
8 6.57814175087e+12 2.60918396506e+29 1.89638230503e+13
8 6.57914175087e+12 2.60741411612e+29 1.89589405297e+13
8 6.58014175087e+12 2.60564282913e+29 1.89540580091e+13
8 6.58114175087e+12 2.60387010375e+29 1.89491754885e+13
8 6.58214175087e+12 2.60209815877e+29 1.89443147332e+13
8 6.58314175087e+12 2.60035611364e+29 1.89395056274e+13
8 6.58414175087e+12 2.59862401383e+29 1.89346965217e+13
8 6.58514175087e+12 2.5968905015e+29 1.89298874159e+13
8 6.58614175087e+12 2.5951555763e+29 1.89250783102e+13
8 6.58714175087e+12 2.5934192379e+29 1.89202692045e+13
8 6.58814175087e+12 2.59168148594e+29 1.89154600987e+13
8 6.58914175087e+12 2.5899460518e+29 1.89106571073e+13
8 6.59014175087e+12 2.58821557198e+29 1.89058553589e+13
8 6.59114175087e+12 2.58648397638e+29 1.89010536106e+13
8 6.59214175087e+12 2.58475097213e+29 1.88962518623e+13
8 6.59314175087e+12 2.58301655888e+29 1.8891450114e+13
8 6.59414175087e+12 2.58128073629e+29 1.88866483657e+13
8 6.59514175087e+12 2.57954408401e+29 1.88818490346e+13
8 6.59614175087e+12 2.57781350109e+29 1.88770544513e+13
8 6.59714175087e+12 2.57608377133e+29 1.8872259868e+13
8 6.59814175087e+12 2.57435263709e+29 1.88674652847e+13
8 6.59914175087e+12 2.57262009804e+29 1.88626707013e+13
8 6.60014175087e+12 2.57088615382e+29 1.8857876118e+13
8 6.60114175087e+12 2.56915080408e+29 1.88530815347e+13
8 6.60214175087e+12 2.56740571025e+29 1.88482389447e+13
8 6.60314175087e+12 2.56564417708e+29 1.88433854632e+13
8 6.60414175087e+12 2.56388047996e+29 1.88385319816e+13
8 6.60514175087e+12 2.56211536132e+29 1.88336785001e+13
8 6.60614175087e+12 2.56034882083e+29 1.88288250185e+13
8 6.60714175087e+12 2.55858085812e+29 1.8823971537e+13
8 6.60814175087e+12 2.55681470486e+29 1.88191498546e+13
8 6.60914175087e+12 2.55508214663e+29 1.88143687955e+13
8 6.61014175087e+12 2.55335411294e+29 1.88095877364e+13
8 6.61114175087e+12 2.55162468238e+29 1.88048066774e+13
8 6.61214175087e+12 2.54989385461e+29 1.88000256183e+13
8 6.61314175087e+12 2.54816162929e+29 1.87952445592e+13
8 6.61414175087e+12 2.5464280639e+29 1.87904637339e+13
8 6.61514175087e+12 2.54469824641e+29 1.87856892961e+13
8 6.61614175087e+12 2.54297166005e+29 1.87809148583e+13
8 6.61714175087e+12 2.5412436807e+29 1.87761404205e+13
8 6.61814175087e+12 2.53951430803e+29 1.87713659827e+13
8 6.61914175087e+12 2.5377835417e+29 1.87665915449e+13
8 6.62014175087e+12 2.53605138136e+29 1.87618171071e+13
8 6.62114175087e+12 2.53431948082e+29 1.87570465649e+13
8 6.62214175087e+12 2.53259364811e+29 1.87522785832e+13
8 6.62314175087e+12 2.53086707119e+29 1.87475106015e+13
8 6.62414175087e+12 2.5291391048e+29 1.87427426197e+13
8 6.62514175087e+12 2.52740974858e+29 1.8737974638e+13
8 6.62614175087e+12 2.52567900221e+29 1.87332066563e+13
8 6.62714175087e+12 2.52394628136e+29 1.87284301604e+13
8 6.62814175087e+12 2.52219757911e+29 1.87236026378e+13
8 6.62914175087e+12 2.52043814116e+29 1.87187751152e+13
8 6.63014175087e+12 2.51867729689e+29 1.87139475925e+13
8 6.63114175087e+12 2.51691504595e+29 1.87091200699e+13
8 6.63214175087e+12 2.51515138802e+29 1.87042925473e+13
8 6.63314175087e+12 2.51338632273e+29 1.86994650247e+13
8 6.63414175087e+12 2.51163535229e+29 1.86946966162e+13
8 6.63514175087e+12 2.50990971591e+29 1.86899404972e+13
8 6.63614175087e+12 2.50818394426e+29 1.86851843783e+13
8 6.63714175087e+12 2.50645679012e+29 1.86804282593e+13
8 6.63814175087e+12 2.50472825313e+29 1.86756721404e+13
8 6.63914175087e+12 2.50299833297e+29 1.86709160214e+13
8 6.64014175087e+12 2.50126778109e+29 1.86661626493e+13
8 6.64114175087e+12 2.49954350348e+29 1.86614121928e+13
8 6.64214175087e+12 2.49781873751e+29 1.86566617364e+13
8 6.64314175087e+12 2.49609259261e+29 1.86519112799e+13
8 6.64414175087e+12 2.49436506844e+29 1.86471608235e+13
8 6.64514175087e+12 2.49263616468e+29 1.8642410367e+13
8 6.64614175087e+12 2.49090605678e+29 1.863766053e+13
8 6.64714175087e+12 2.48917988972e+29 1.86329154962e+13
8 6.64814175087e+12 2.48745608461e+29 1.86281704623e+13
8 6.64914175087e+12 2.4857309041e+29 1.86234254285e+13
8 6.65014175087e+12 2.48400434787e+29 1.86186803946e+13
8 6.65114175087e+12 2.48227641558e+29 1.86139353608e+13
8 6.65214175087e+12 2.4805471069e+29 1.86091903269e+13
8 6.65314175087e+12 2.47880988716e+29 1.86044020073e+13
8 6.65414175087e+12 2.47705410508e+29 1.85995964319e+13
8 6.65514175087e+12 2.4752957483e+29 1.85947908565e+13
8 6.65614175087e+12 2.47353599881e+29 1.85899852811e+13
8 6.65714175087e+12 2.47177485626e+29 1.85851797057e+13
8 6.65814175087e+12 2.47001232033e+29 1.85803741304e+13
8 6.65914175087e+12 2.46825167545e+29 1.85756008494e+13
8 6.66014175087e+12 2.46652420539e+29 1.85708654793e+13
8 6.66114175087e+12 2.46480036395e+29 1.85661301093e+13
8 6.66214175087e+12 2.4630751535e+29 1.85613947392e+13
8 6.66314175087e+12 2.46134857372e+29 1.85566593692e+13
8 6.66414175087e+12 2.45962062427e+29 1.85519239991e+13
8 6.66514175087e+12 2.45789156526e+29 1.85471894318e+13
8 6.66614175087e+12 2.45616658311e+29 1.85424585867e+13
8 6.66714175087e+12 2.45444333706e+29 1.85377277415e+13
8 6.66814175087e+12 2.4527187253e+29 1.85329968964e+13
8 6.66914175087e+12 2.45099274749e+29 1.85282660513e+13
8 6.67014175087e+12 2.4492654033e+29 1.85235352062e+13
8 6.67114175087e+12 2.44753669241e+29 1.85188043611e+13
8 6.67214175087e+12 2.44581002368e+29 1.85140771954e+13
8 6.67314175087e+12 2.44408715093e+29 1.85093505951e+13
8 6.67414175087e+12 2.44236311024e+29 1.85046239948e+13
8 6.67514175087e+12 2.44063770677e+29 1.84998973945e+13
8 6.67614175087e+12 2.43891094018e+29 1.84951707942e+13
8 6.67714175087e+12 2.43718281015e+29 1.84904441939e+13
8 6.67814175087e+12 2.43545062762e+29 1.84856850195e+13
8 6.67914175087e+12 2.43369651274e+29 1.84808967073e+13
8 6.68014175087e+12 2.43193903281e+29 1.84761083951e+13
8 6.68114175087e+12 2.430180173e+29 1.84713200829e+13
8 6.68214175087e+12 2.42841993295e+29 1.84665317707e+13
8 6.68314175087e+12 2.42665831235e+29 1.84617434586e+13
8 6.68414175087e+12 2.42489765316e+29 1.84569780707e+13
8 6.68514175087e+12 2.42316614348e+29 1.84522587745e+13
8 6.68614175087e+12 2.42144271911e+29 1.84475394784e+13
8 6.68714175087e+12 2.41971793818e+29 1.84428201822e+13
8 6.68814175087e+12 2.41799180034e+29 1.8438100886e+13
8 6.68914175087e+12 2.41626430529e+29 1.84333815898e+13
8 6.69014175087e+12 2.41453560511e+29 1.84286626639e+13
8 6.69114175087e+12 2.41281035752e+29 1.84239467683e+13
8 6.69214175087e+12 2.4110871936e+29 1.84192308728e+13
8 6.69314175087e+12 2.40936267616e+29 1.84145149772e+13
8 6.69414175087e+12 2.40763680487e+29 1.84097990817e+13
8 6.69514175087e+12 2.40590957942e+29 1.84050831861e+13
8 6.69614175087e+12 2.40418099947e+29 1.84003672905e+13
8 6.69714175087e+12 2.40245425333e+29 1.83956541403e+13
8 6.69814175087e+12 2.40073112875e+29 1.83909414457e+13
8 6.69914175087e+12 2.399006852e+29 1.8386228751e+13
8 6.70014175087e+12 2.39728122443e+29 1.83815160564e+13
8 6.70114175087e+12 2.39555424572e+29 1.83768033618e+13
8 6.70214175087e+12 2.39382591555e+29 1.83720906672e+13
8 6.70314175087e+12 2.39209244277e+29 1.83673417288e+13
8 6.70414175087e+12 2.39033765461e+29 1.83625663378e+13
8 6.70514175087e+12 2.38857970296e+29 1.83577909468e+13
8 6.70614175087e+12 2.38682038329e+29 1.83530155558e+13
8 6.70714175087e+12 2.38505969527e+29 1.83482401648e+13
8 6.70814175087e+12 2.38329763857e+29 1.83434647738e+13
8 6.70914175087e+12 2.38153728647e+29 1.8338719457e+13
8 6.71014175087e+12 2.37980878592e+29 1.8334012296e+13
8 6.71114175087e+12 2.37808449071e+29 1.8329305135e+13
8 6.71214175087e+12 2.37635885046e+29 1.8324597974e+13
8 6.71314175087e+12 2.37463186483e+29 1.8319890813e+13
8 6.71414175087e+12 2.37290353352e+29 1.8315183652e+13
8 6.71514175087e+12 2.37117422534e+29 1.83104772327e+13
8 6.71614175087e+12 2.36944906277e+29 1.83057727601e+13
8 6.71714175087e+12 2.36772472619e+29 1.83010682874e+13
8 6.71814175087e+12 2.3659990474e+29 1.82963638148e+13
8 6.71914175087e+12 2.36427202608e+29 1.82916593422e+13
8 6.72014175087e+12 2.36254366191e+29 1.82869548695e+13
8 6.72114175087e+12 2.36081406528e+29 1.82822506126e+13
8 6.72214175087e+12 2.35908756772e+29 1.8277548737e+13
8 6.72314175087e+12 2.35736317564e+29 1.82728468613e+13
8 6.72414175087e+12 2.35563744418e+29 1.82681449857e+13
8 6.72514175087e+12 2.35391037301e+29 1.82634431101e+13
8 6.72614175087e+12 2.35218196181e+29 1.82587412345e+13
8 6.72714175087e+12 2.35045221026e+29 1.82540393588e+13
8 6.72814175087e+12 2.3487111791e+29 1.82492829501e+13
8 6.72914175087e+12 2.34695350922e+29 1.82445178025e+13
8 6.73014175087e+12 2.34519388837e+29 1.82397526549e+13
8 6.73114175087e+12 2.34343291053e+29 1.82349875073e+13
8 6.73214175087e+12 2.34167057536e+29 1.82302223597e+13
8 6.73314175087e+12 2.33990688254e+29 1.8225457212e+13
8 6.73414175087e+12 2.33815501972e+29 1.82207451739e+13
8 6.73514175087e+12 2.33642855078e+29 1.82160479444e+13
8 6.73614175087e+12 2.33470225314e+29 1.8211350715e+13
8 6.73714175087e+12 2.33297462116e+29 1.82066534855e+13
8 6.73814175087e+12 2.33124565454e+29 1.8201956256e+13
8 6.73914175087e+12 2.32951535294e+29 1.81972590265e+13
8 6.74014175087e+12 2.32778547973e+29 1.81925633988e+13
8 6.74114175087e+12 2.32605980223e+29 1.81878685441e+13
8 6.74214175087e+12 2.32433321166e+29 1.81831736894e+13
8 6.74314175087e+12 2.32260528942e+29 1.81784788347e+13
8 6.74414175087e+12 2.32087603518e+29 1.81737839801e+13
8 6.74514175087e+12 2.31914544864e+29 1.81690891254e+13
8 6.74614175087e+12 2.31741441993e+29 1.81643955117e+13
8 6.74714175087e+12 2.31568826673e+29 1.81597029596e+13
8 6.74814175087e+12 2.31396137538e+29 1.81550104075e+13
8 6.74914175087e+12 2.31223315501e+29 1.81503178553e+13
8 6.75014175087e+12 2.31050360529e+29 1.81456253032e+13
8 6.75114175087e+12 2.3087727259e+29 1.81409327511e+13
8 6.75214175087e+12 2.30703888654e+29 1.81362163007e+13
8 6.75314175087e+12 2.30528415831e+29 1.81314600462e+13
8 6.75414175087e+12 2.30352320053e+29 1.81267037916e+13
8 6.75514175087e+12 2.30176089636e+29 1.81219475371e+13
8 6.75614175087e+12 2.29999724549e+29 1.81171912826e+13
8 6.75714175087e+12 2.29823224758e+29 1.8112435028e+13
8 6.75814175087e+12 2.29646830785e+29 1.81077025341e+13
8 6.75914175087e+12 2.29473317553e+29 1.81030138645e+13
8 6.76014175087e+12 2.29300521688e+29 1.80983251949e+13
8 6.76114175087e+12 2.29127593423e+29 1.80936365253e+13
8 6.76214175087e+12 2.28954532726e+29 1.80889478557e+13
8 6.76314175087e+12 2.28781339564e+29 1.80842591861e+13
8 6.76414175087e+12 2.28608050852e+29 1.80795710604e+13
8 6.76514175087e+12 2.28435146479e+29 1.80748842017e+13
8 6.76614175087e+12 2.28262294212e+29 1.8070197343e+13
8 6.76714175087e+12 2.28089309791e+29 1.80655104843e+13
8 6.76814175087e+12 2.27916193185e+29 1.80608236257e+13
8 6.76914175087e+12 2.27742944362e+29 1.8056136767e+13
8 6.77014175087e+12 2.2756959033e+29 1.80514502604e+13
8 6.77114175087e+12 2.27396579042e+29 1.80467649936e+13
8 6.77214175087e+12 2.27223667405e+29 1.80420797268e+13
8 6.77314175087e+12 2.27050623858e+29 1.80373944601e+13
8 6.77414175087e+12 2.26877448372e+29 1.80327091933e+13
8 6.77514175087e+12 2.26704140913e+29 1.80280239266e+13
8 6.77614175087e+12 2.26530651499e+29 1.80233313139e+13
8 6.77714175087e+12 2.26355510239e+29 1.80185813551e+13
8 6.77814175087e+12 2.26179165624e+29 1.80138313963e+13
8 6.77914175087e+12 2.26002687352e+29 1.80090814375e+13
8 6.78014175087e+12 2.25826075392e+29 1.80043314787e+13
8 6.78114175087e+12 2.25649329713e+29 1.79995815199e+13
8 6.78214175087e+12 2.25472548549e+29 1.79948412481e+13
8 6.78314175087e+12 2.25298057814e+29 1.7990158016e+13
8 6.78414175087e+12 2.25124974669e+29 1.79854747838e+13
8 6.78514175087e+12 2.24951760073e+29 1.79807915517e+13
8 6.78614175087e+12 2.24778413996e+29 1.79761083195e+13
8 6.78714175087e+12 2.24604936406e+29 1.79714250874e+13
8 6.78814175087e+12 2.24431344591e+29 1.79667419581e+13
8 6.78914175087e+12 2.24258038991e+29 1.79620594162e+13
8 6.79014175087e+12 2.24084863963e+29 1.79573768743e+13
8 6.79114175087e+12 2.23911557707e+29 1.79526943324e+13
8 6.79214175087e+12 2.23738120193e+29 1.79480117905e+13
8 6.79314175087e+12 2.23564551389e+29 1.79433292485e+13
8 6.79414175087e+12 2.23390865649e+29 1.79386467484e+13
8 6.79514175087e+12 2.23217451322e+29 1.79339645405e+13
8 6.79614175087e+12 2.23044179194e+29 1.79292823327e+13
8 6.79714175087e+12 2.22870776059e+29 1.79246001248e+13
8 6.79814175087e+12 2.22697241884e+29 1.7919917917e+13
8 6.79914175087e+12 2.2252357664e+29 1.79152357091e+13
8 6.80014175087e+12 2.22349747945e+29 1.79105486958e+13
8 6.80114175087e+12 2.2217431846e+29 1.79058001405e+13
8 6.80214175087e+12 2.21997578259e+29 1.79010515852e+13
8 6.80314175087e+12 2.21820705288e+29 1.78963030299e+13
8 6.80414175087e+12 2.21643699514e+29 1.78915544746e+13
8 6.80514175087e+12 2.21466560907e+29 1.78868059193e+13
8 6.80614175087e+12 2.21289395255e+29 1.78820676841e+13
8 6.80714175087e+12 2.21114529035e+29 1.78773844233e+13
8 6.80814175087e+12 2.20941011406e+29 1.78727011624e+13
8 6.80914175087e+12 2.2076736318e+29 1.78680179016e+13
8 6.81014175087e+12 2.20593584326e+29 1.78633346407e+13
8 6.81114175087e+12 2.20419674813e+29 1.78586513799e+13
8 6.81214175087e+12 2.20245658275e+29 1.78539678928e+13
8 6.81314175087e+12 2.20071934581e+29 1.78492835845e+13
8 6.81414175087e+12 2.19898290956e+29 1.78445992762e+13
8 6.81514175087e+12 2.19724516935e+29 1.78399149679e+13
8 6.81614175087e+12 2.19550612486e+29 1.78352306596e+13
8 6.81714175087e+12 2.1937657758e+29 1.78305463513e+13
8 6.81814175087e+12 2.19202438929e+29 1.78258616892e+13
8 6.81914175087e+12 2.19028603468e+29 1.78211759405e+13
8 6.82014175087e+12 2.18854830717e+29 1.78164901918e+13
8 6.82114175087e+12 2.18680927767e+29 1.78118044431e+13
8 6.82214175087e+12 2.1850689459e+29 1.78071186944e+13
8 6.82314175087e+12 2.18332731152e+29 1.78024329457e+13
8 6.82414175087e+12 2.18158325768e+29 1.7797730346e+13
8 6.82514175087e+12 2.17981985535e+29 1.77929763058e+13
8 6.82614175087e+12 2.1780471428e+29 1.77882222655e+13
8 6.82714175087e+12 2.17627311051e+29 1.77834682252e+13
8 6.82814175087e+12 2.17449775816e+29 1.7778714185e+13
8 6.82914175087e+12 2.17272108546e+29 1.77739601447e+13
8 6.83014175087e+12 2.17094564679e+29 1.77692308088e+13
8 6.83114175087e+12 2.16919901556e+29 1.77645409251e+13
8 6.83214175087e+12 2.16745821466e+29 1.77598510415e+13
8 6.83314175087e+12 2.16571611549e+29 1.77551611578e+13
8 6.83414175087e+12 2.16397271772e+29 1.77504712741e+13
8 6.83514175087e+12 2.16222802106e+29 1.77457813904e+13
8 6.83614175087e+12 2.16048253916e+29 1.7741090382e+13
8 6.83714175087e+12 2.1587409264e+29 1.77363982284e+13
8 6.83814175087e+12 2.15699855923e+29 1.77317060748e+13
8 6.83914175087e+12 2.15525489559e+29 1.77270139213e+13
8 6.84014175087e+12 2.15350993517e+29 1.77223217677e+13
8 6.84114175087e+12 2.15176367767e+29 1.77176296141e+13
8 6.84214175087e+12 2.1500170377e+29 1.77129360382e+13
8 6.84314175087e+12 2.14827393145e+29 1.77082414224e+13
8 6.84414175087e+12 2.14652996571e+29 1.77035468066e+13
8 6.84514175087e+12 2.14478470529e+29 1.76988521908e+13
8 6.84614175087e+12 2.14303814987e+29 1.7694157575e+13
8 6.84714175087e+12 2.14129029917e+29 1.76894629592e+13
8 6.84814175087e+12 2.13965324861e+29 1.76854897582e+13
8 6.84914175087e+12 2.13844928687e+29 1.76819382895e+13
8 6.85014175087e+12 2.13728015372e+29 1.76783868207e+13
8 6.85114175087e+12 2.13611006422e+29 1.76748353519e+13
8 6.85214175087e+12 2.13493901815e+29 1.76712838831e+13
8 6.85314175087e+12 2.13376701528e+29 1.76677324144e+13
8 6.85414175087e+12 2.13259405537e+29 1.76641809456e+13
8 6.85514175087e+12 2.13142013821e+29 1.76606294768e+13
8 6.85614175087e+12 2.13024526355e+29 1.7657078008e+13
8 6.85714175087e+12 2.12906943117e+29 1.76535265393e+13
8 6.85814175087e+12 2.12789264085e+29 1.76499750705e+13
8 6.85914175087e+12 2.12671489234e+29 1.76464236017e+13
8 6.86014175087e+12 2.12469111309e+29 1.76394392342e+13
8 6.86114175087e+12 2.12177418019e+29 1.76323927223e+13
8 6.86214175087e+12 2.11885011195e+29 1.76253462104e+13
8 6.86314175087e+12 2.11592406852e+29 1.76182996986e+13
8 6.86414175087e+12 2.11299604946e+29 1.76112531867e+13
8 6.86514175087e+12 2.11008879572e+29 1.76044766239e+13
8 6.86614175087e+12 2.10786219849e+29 1.75997706834e+13
8 6.86714175087e+12 2.10611204418e+29 1.75950647428e+13
8 6.86814175087e+12 2.10436060197e+29 1.75903588023e+13
8 6.86914175087e+12 2.10260787158e+29 1.75856528617e+13
8 6.87014175087e+12 2.10085385269e+29 1.75809469212e+13
8 6.87114175087e+12 2.09911976854e+29 1.75764922811e+13
8 6.87214175087e+12 2.09775937703e+29 1.75729309876e+13
8 6.87314175087e+12 2.09658189119e+29 1.7569369694e+13
8 6.87414175087e+12 2.09540345343e+29 1.75658084004e+13
8 6.87514175087e+12 2.09422406352e+29 1.75622471069e+13
8 6.87614175087e+12 2.09304372123e+29 1.75586858133e+13
8 6.87714175087e+12 2.09186242634e+29 1.75551245198e+13
8 6.87814175087e+12 2.09068017862e+29 1.75515632262e+13
8 6.87914175087e+12 2.08949697785e+29 1.75480019327e+13
8 6.88014175087e+12 2.08831282378e+29 1.75444406391e+13
8 6.88114175087e+12 2.08712771621e+29 1.75408793455e+13
8 6.88214175087e+12 2.0859416549e+29 1.7537318052e+13
8 6.88314175087e+12 2.08462869164e+29 1.7532989825e+13
8 6.88414175087e+12 2.08291164829e+29 1.75282839135e+13
8 6.88514175087e+12 2.08116255175e+29 1.7523578002e+13
8 6.88614175087e+12 2.07941217515e+29 1.75188720905e+13
8 6.88714175087e+12 2.0776605182e+29 1.75141661789e+13
8 6.88814175087e+12 2.07590758061e+29 1.75094602674e+13
8 6.88914175087e+12 2.07415336207e+29 1.75047543559e+13
8 6.89014175087e+12 2.07239786229e+29 1.75000484444e+13
8 6.89114175087e+12 2.07064108097e+29 1.74953425329e+13
8 6.89214175087e+12 2.06888301781e+29 1.74906366214e+13
8 6.89314175087e+12 2.06712367251e+29 1.74859307099e+13
8 6.89414175087e+12 2.06536302231e+29 1.74812243457e+13
8 6.89514175087e+12 2.06358953852e+29 1.74764414683e+13
8 6.89614175087e+12 2.06180341414e+29 1.74716585908e+13
8 6.89714175087e+12 2.06001599314e+29 1.74668757134e+13
8 6.89814175087e+12 2.0582272752e+29 1.7462092836e+13
8 6.89914175087e+12 2.05643726003e+29 1.74573099585e+13
8 6.90014175087e+12 2.05464594733e+29 1.74525270811e+13
8 6.90114175087e+12 2.0528533368e+29 1.74477442037e+13
8 6.90214175087e+12 2.05105942813e+29 1.74429613262e+13
8 6.90314175087e+12 2.04926422102e+29 1.74381784488e+13
8 6.90414175087e+12 2.04746771518e+29 1.74333955714e+13
8 6.90514175087e+12 2.0456699103e+29 1.74286126939e+13
8 6.90614175087e+12 2.04387633864e+29 1.74238611105e+13
8 6.90714175087e+12 2.04211626445e+29 1.74191348867e+13
8 6.90814175087e+12 2.04035816531e+29 1.74144086628e+13
8 6.90914175087e+12 2.03859879118e+29 1.7409682439e+13
8 6.91014175087e+12 2.03683814176e+29 1.74049562152e+13
8 6.91114175087e+12 2.03507621675e+29 1.74002299914e+13
8 6.91214175087e+12 2.03331301586e+29 1.73955037675e+13
8 6.91314175087e+12 2.0315485388e+29 1.73907775437e+13
8 6.91414175087e+12 2.02978278526e+29 1.73860513199e+13
8 6.91514175087e+12 2.02801575495e+29 1.73813250961e+13
8 6.91614175087e+12 2.02624744758e+29 1.73765988722e+13
8 6.91714175087e+12 2.02447786286e+29 1.73718726484e+13
8 6.91814175087e+12 2.02269538761e+29 1.73670679768e+13
8 6.91914175087e+12 2.02089941135e+29 1.7362261967e+13
8 6.92014175087e+12 2.01910207625e+29 1.73574559572e+13
8 6.92114175087e+12 2.01730344879e+29 1.73526499474e+13
8 6.92214175087e+12 2.01550352867e+29 1.73478439376e+13
8 6.92314175087e+12 2.01370231559e+29 1.73430379279e+13
8 6.92414175087e+12 2.01189980925e+29 1.73382319181e+13
8 6.92514175087e+12 2.01009600935e+29 1.73334259083e+13
8 6.92614175087e+12 2.00829091561e+29 1.73286198985e+13
8 6.92714175087e+12 2.00648452771e+29 1.73238138887e+13
8 6.92814175087e+12 2.00467684536e+29 1.7319007879e+13
8 6.92914175087e+12 2.00287579228e+29 1.73142360145e+13
8 6.93014175087e+12 2.00110565161e+29 1.73094848938e+13
8 6.93114175087e+12 1.99933693666e+29 1.7304733773e+13
8 6.93214175087e+12 1.99756695078e+29 1.72999826523e+13
8 6.93314175087e+12 1.99579569369e+29 1.72952315316e+13
8 6.93414175087e+12 1.99402316511e+29 1.72904804108e+13
8 6.93514175087e+12 1.99224936472e+29 1.72857292901e+13
8 6.93614175087e+12 1.99047429225e+29 1.72809781694e+13
8 6.93714175087e+12 1.98869794739e+29 1.72762270486e+13
8 6.93814175087e+12 1.98692032986e+29 1.72714759279e+13
8 6.93914175087e+12 1.98514143936e+29 1.72667248072e+13
8 6.94014175087e+12 1.98336068646e+29 1.72619616416e+13
8 6.94114175087e+12 1.98156403493e+29 1.72571269313e+13
8 6.94214175087e+12 1.97975677729e+29 1.72522922211e+13
8 6.94314175087e+12 1.97794823136e+29 1.72474575108e+13
8 6.94414175087e+12 1.97613839686e+29 1.72426228005e+13
8 6.94514175087e+12 1.97432727347e+29 1.72377880902e+13
8 6.94614175087e+12 1.97251486092e+29 1.723295338e+13
8 6.94714175087e+12 1.9707011589e+29 1.72281186697e+13
8 6.94814175087e+12 1.96888616711e+29 1.72232839594e+13
8 6.94914175087e+12 1.96706988526e+29 1.72184492491e+13
8 6.95014175087e+12 1.96525231305e+29 1.72136145389e+13
8 6.95114175087e+12 1.96343345019e+29 1.72087798286e+13
8 6.95214175087e+12 1.96163003094e+29 1.7203990181e+13
8 6.95314175087e+12 1.95985029066e+29 1.71992071863e+13
8 6.95414175087e+12 1.95807019662e+29 1.71944241915e+13
8 6.95514175087e+12 1.95628883526e+29 1.71896411968e+13
8 6.95614175087e+12 1.9545062063e+29 1.71848582021e+13
8 6.95714175087e+12 1.95272230945e+29 1.71800752073e+13
8 6.95814175087e+12 1.95093714441e+29 1.71752922126e+13
8 6.95914175087e+12 1.94915071089e+29 1.71705092179e+13
8 6.96014175087e+12 1.9473630086e+29 1.71657262231e+13
8 6.96114175087e+12 1.94557403726e+29 1.71609432284e+13
8 6.96214175087e+12 1.94378379656e+29 1.71561602336e+13
8 6.96314175087e+12 1.94189364866e+29 1.71501463003e+13
8 6.96414175087e+12 1.93899154667e+29 1.71428011543e+13
8 6.96514175087e+12 1.93596475659e+29 1.71354560083e+13
8 6.96614175087e+12 1.9329359881e+29 1.71281108622e+13
8 6.96714175087e+12 1.92990524074e+29 1.71207657162e+13
8 6.96814175087e+12 1.92687251409e+29 1.71134205702e+13
8 6.96914175087e+12 1.9243557476e+29 1.7108346773e+13
8 6.97014175087e+12 1.92253989135e+29 1.71035229064e+13
8 6.97114175087e+12 1.92074326417e+29 1.70986990397e+13
8 6.97214175087e+12 1.91894536849e+29 1.70938751731e+13
8 6.97314175087e+12 1.917146204e+29 1.70890513065e+13
8 6.97414175087e+12 1.91534598331e+29 1.70842246212e+13
8 6.97514175087e+12 1.91354753325e+29 1.70793910985e+13
8 6.97614175087e+12 1.91174893921e+29 1.70745575758e+13
8 6.97714175087e+12 1.90994907772e+29 1.70697240532e+13
8 6.97814175087e+12 1.9081479485e+29 1.70648905305e+13
8 6.97914175087e+12 1.90634555125e+29 1.70600570079e+13
8 6.98014175087e+12 1.9045428131e+29 1.70552170455e+13
8 6.98114175087e+12 1.90274202401e+29 1.70503736617e+13
8 6.98214175087e+12 1.90094022283e+29 1.70455302779e+13
8 6.98314175087e+12 1.89913715498e+29 1.70406868941e+13
8 6.98414175087e+12 1.89733282019e+29 1.70358435102e+13
8 6.98514175087e+12 1.89552721815e+29 1.70310001264e+13
8 6.98614175087e+12 1.89400013718e+29 1.70273077332e+13
8 6.98714175087e+12 1.89276585138e+29 1.70236344037e+13
8 6.98814175087e+12 1.89153218854e+29 1.70199610742e+13
8 6.98914175087e+12 1.8902975868e+29 1.70162877446e+13
8 6.99014175087e+12 1.88906204593e+29 1.70126144151e+13
8 6.99114175087e+12 1.88782556573e+29 1.70089410855e+13
8 6.99214175087e+12 1.88658814597e+29 1.7005267756e+13
8 6.99314175087e+12 1.88534978644e+29 1.70015944264e+13
8 6.99414175087e+12 1.88411048691e+29 1.69979210969e+13
8 6.99514175087e+12 1.88287024718e+29 1.69942477674e+13
8 6.99614175087e+12 1.88162906701e+29 1.69905744378e+13
8 6.99714175087e+12 1.88016609329e+29 1.69858621307e+13
8 6.99814175087e+12 1.87837669222e+29 1.69810016206e+13
8 6.99914175087e+12 1.8765744288e+29 1.69761411104e+13
8 7.00014175087e+12 1.87477090508e+29 1.69712806002e+13
8 7.00114175087e+12 1.87296612078e+29 1.696642009e+13
8 7.00214175087e+12 1.8711600756e+29 1.69615595798e+13
8 7.00314175087e+12 1.86935276927e+29 1.69566990696e+13
8 7.00414175087e+12 1.86754420149e+29 1.69518385594e+13
8 7.00514175087e+12 1.86573437198e+29 1.69469780492e+13
8 7.00614175087e+12 1.86392328045e+29 1.69421175391e+13
8 7.00714175087e+12 1.86211092662e+29 1.69372570289e+13
8 7.00814175087e+12 1.86029216295e+29 1.69323369724e+13
8 7.00914175087e+12 1.85845358539e+29 1.69273841852e+13
8 7.01014175087e+12 1.85661224204e+29 1.6922431398e+13
8 7.01114175087e+12 1.85476962086e+29 1.69174786108e+13
8 7.01214175087e+12 1.85292572157e+29 1.69125258237e+13
8 7.01314175087e+12 1.85108054387e+29 1.69075730365e+13
8 7.01414175087e+12 1.84923408746e+29 1.69026202493e+13
8 7.01514175087e+12 1.84738635208e+29 1.68976674621e+13
8 7.01614175087e+12 1.84553733741e+29 1.6892714675e+13
8 7.01714175087e+12 1.84368704318e+29 1.68877618878e+13
8 7.01814175087e+12 1.84183546909e+29 1.68828091006e+13
8 7.01914175087e+12 1.83999015013e+29 1.68778860029e+13
8 7.02014175087e+12 1.83817589299e+29 1.68729817159e+13
8 7.02114175087e+12 1.83636313396e+29 1.68680774288e+13
8 7.02214175087e+12 1.83454911821e+29 1.68631731418e+13
8 7.02314175087e+12 1.83273384546e+29 1.68582688548e+13
8 7.02414175087e+12 1.83091731543e+29 1.68533645678e+13
8 7.02514175087e+12 1.82909952783e+29 1.68484602807e+13
8 7.02614175087e+12 1.82728048238e+29 1.68435559937e+13
8 7.02714175087e+12 1.82546017878e+29 1.68386517067e+13
8 7.02814175087e+12 1.82363861677e+29 1.68337474197e+13
8 7.02914175087e+12 1.82181579605e+29 1.68288431326e+13
8 7.03014175087e+12 1.81998980689e+29 1.68238957006e+13
8 7.03114175087e+12 1.81814235144e+29 1.6818896775e+13
8 7.03214175087e+12 1.81629060501e+29 1.68138978494e+13
8 7.03314175087e+12 1.81443758442e+29 1.68088989238e+13
8 7.03414175087e+12 1.8125832894e+29 1.68038999982e+13
8 7.03514175087e+12 1.81072771966e+29 1.67989010726e+13
8 7.03614175087e+12 1.80887087491e+29 1.67939021471e+13
8 7.03714175087e+12 1.80701275486e+29 1.67889032215e+13
8 7.03814175087e+12 1.80515335923e+29 1.67839042959e+13
8 7.03914175087e+12 1.80329268772e+29 1.67789053703e+13
8 7.04014175087e+12 1.80143074005e+29 1.67739064447e+13
8 7.04114175087e+12 1.79957104838e+29 1.67689314088e+13
8 7.04214175087e+12 1.79774569377e+29 1.6763980899e+13
8 7.04314175087e+12 1.79592290018e+29 1.67590303892e+13
8 7.04414175087e+12 1.7940988537e+29 1.67540798794e+13
8 7.04514175087e+12 1.79227355403e+29 1.67491293695e+13
8 7.04614175087e+12 1.7904470009e+29 1.67441788597e+13
8 7.04714175087e+12 1.78861919403e+29 1.67392283499e+13
8 7.04814175087e+12 1.78679013312e+29 1.67342778401e+13
8 7.04914175087e+12 1.78495981791e+29 1.67293273303e+13
8 7.05014175087e+12 1.7831282481e+29 1.67243768204e+13
8 7.05114175087e+12 1.78129542341e+29 1.67194263106e+13
8 7.05214175087e+12 1.77945966424e+29 1.67144368515e+13
8 7.05314175087e+12 1.77760351756e+29 1.67093903911e+13
8 7.05414175087e+12 1.77574208766e+29 1.67043439306e+13
8 7.05514175087e+12 1.77387938768e+29 1.66992974702e+13
8 7.05614175087e+12 1.77201541732e+29 1.66942510097e+13
8 7.05714175087e+12 1.77015017631e+29 1.66892045492e+13
8 7.05814175087e+12 1.76828366435e+29 1.66841580888e+13
8 7.05914175087e+12 1.76641588116e+29 1.66791116283e+13
8 7.06014175087e+12 1.76454682645e+29 1.66740651679e+13
8 7.06114175087e+12 1.76267649995e+29 1.66690187074e+13
8 7.06214175087e+12 1.76080490136e+29 1.66639722469e+13
8 7.06314175087e+12 1.75893599366e+29 1.66589508323e+13
8 7.06414175087e+12 1.75710181319e+29 1.66539535493e+13
8 7.06514175087e+12 1.75526994223e+29 1.66489562662e+13
8 7.06614175087e+12 1.7534368227e+29 1.66439589831e+13
8 7.06714175087e+12 1.75160245431e+29 1.66389617001e+13
8 7.06814175087e+12 1.74976683678e+29 1.6633964417e+13
8 7.06914175087e+12 1.74792996984e+29 1.66289671339e+13
8 7.07014175087e+12 1.74609185321e+29 1.66239698509e+13
8 7.07114175087e+12 1.7442524866e+29 1.66189725678e+13
8 7.07214175087e+12 1.74241186974e+29 1.66139752847e+13
8 7.07314175087e+12 1.74057000234e+29 1.66089780017e+13
8 7.07414175087e+12 1.73862771124e+29 1.66026773438e+13
8 7.07514175087e+12 1.73567457724e+29 1.65949959312e+13
8 7.07614175087e+12 1.73260269398e+29 1.65873145185e+13
8 7.07714175087e+12 1.72952886593e+29 1.65796331059e+13
8 7.07814175087e+12 1.72645309267e+29 1.65719516932e+13
8 7.07914175087e+12 1.72339256588e+29 1.65644901877e+13
8 7.08014175087e+12 1.72101656284e+29 1.65594419231e+13
8 7.08114175087e+12 1.71917081944e+29 1.65543936584e+13
8 7.08214175087e+12 1.71732382725e+29 1.65493453937e+13
8 7.08314175087e+12 1.71547558599e+29 1.65442971291e+13
8 7.08414175087e+12 1.71362609537e+29 1.65392488644e+13
8 7.08514175087e+12 1.71189810213e+29 1.65350156233e+13
8 7.08614175087e+12 1.71060163118e+29 1.65312217384e+13
8 7.08714175087e+12 1.70933866567e+29 1.65274278535e+13
8 7.08814175087e+12 1.70807478281e+29 1.65236339685e+13
8 7.08914175087e+12 1.70680998238e+29 1.65198400836e+13
8 7.09014175087e+12 1.7055442642e+29 1.65160461987e+13
8 7.09114175087e+12 1.70427762803e+29 1.65122523138e+13
8 7.09214175087e+12 1.70301007368e+29 1.65084584289e+13
8 7.09314175087e+12 1.70174160094e+29 1.65046645439e+13
8 7.09414175087e+12 1.70047220959e+29 1.6500870659e+13
8 7.09514175087e+12 1.69920189944e+29 1.64970767741e+13
8 7.09614175087e+12 1.69778764215e+29 1.64923583041e+13
8 7.09714175087e+12 1.6959443238e+29 1.64872142498e+13
8 7.09814175087e+12 1.69406809208e+29 1.64820701955e+13
8 7.09914175087e+12 1.69219060086e+29 1.64769261412e+13
8 7.10014175087e+12 1.69031184985e+29 1.64717820868e+13
8 7.10114175087e+12 1.68843183877e+29 1.64666380325e+13
8 7.10214175087e+12 1.68655056734e+29 1.64614939782e+13
8 7.10314175087e+12 1.68466803529e+29 1.64563499239e+13
8 7.10414175087e+12 1.68278424232e+29 1.64512058696e+13
8 7.10514175087e+12 1.68089918817e+29 1.64460618153e+13
8 7.10614175087e+12 1.67901287255e+29 1.6440917761e+13
8 7.10714175087e+12 1.67714444237e+29 1.64358188073e+13
8 7.10814175087e+12 1.67530040128e+29 1.6430724591e+13
8 7.10914175087e+12 1.67345584424e+29 1.64256303747e+13
8 7.11014175087e+12 1.67161005024e+29 1.64205361584e+13
8 7.11114175087e+12 1.669763019e+29 1.64154419421e+13
8 7.11214175087e+12 1.66791475023e+29 1.64103477258e+13
8 7.11314175087e+12 1.66606524367e+29 1.64052535095e+13
8 7.11414175087e+12 1.66421449904e+29 1.64001592932e+13
8 7.11514175087e+12 1.66236251607e+29 1.63950650769e+13
8 7.11614175087e+12 1.66050929448e+29 1.63899708606e+13
8 7.11714175087e+12 1.65865483399e+29 1.63848766444e+13
8 7.11814175087e+12 1.65678825204e+29 1.63796828346e+13
8 7.11914175087e+12 1.65490933326e+29 1.63744883963e+13
8 7.12014175087e+12 1.65302913941e+29 1.6369293958e+13
8 7.12114175087e+12 1.6511476932e+29 1.63640995197e+13
8 7.12214175087e+12 1.64926499436e+29 1.63589050814e+13
8 7.12314175087e+12 1.6473810426e+29 1.63537106431e+13
8 7.12414175087e+12 1.64549583764e+29 1.63485162049e+13
8 7.12514175087e+12 1.64360937922e+29 1.63433217666e+13
8 7.12614175087e+12 1.64172166705e+29 1.63381273283e+13
8 7.12714175087e+12 1.63983270085e+29 1.633293289e+13
8 7.12814175087e+12 1.63794454256e+29 1.63277518119e+13
8 7.12914175087e+12 1.63608674329e+29 1.63226078175e+13
8 7.13014175087e+12 1.63424076039e+29 1.63174638231e+13
8 7.13114175087e+12 1.63239354859e+29 1.63123198286e+13
8 7.13214175087e+12 1.6305451076e+29 1.63071758342e+13
8 7.13314175087e+12 1.62869543716e+29 1.63020318398e+13
8 7.13414175087e+12 1.62684453699e+29 1.62968878453e+13
8 7.13514175087e+12 1.62499240682e+29 1.62917438509e+13
8 7.13614175087e+12 1.62313904638e+29 1.62865998565e+13
8 7.13714175087e+12 1.62128445539e+29 1.62814558621e+13
8 7.13814175087e+12 1.61942863359e+29 1.62763118676e+13
8 7.13914175087e+12 1.61757019566e+29 1.62711272126e+13
8 7.14014175087e+12 1.61569465766e+29 1.62658821771e+13
8 7.14114175087e+12 1.61381447698e+29 1.62606371415e+13
8 7.14214175087e+12 1.61193305283e+29 1.62553921059e+13
8 7.14314175087e+12 1.61005038492e+29 1.62501470704e+13
8 7.14414175087e+12 1.60816647298e+29 1.62449020348e+13
8 7.14514175087e+12 1.60628131674e+29 1.62396569993e+13
8 7.14614175087e+12 1.60439491593e+29 1.62344119637e+13
8 7.14714175087e+12 1.60250727026e+29 1.62291669282e+13
8 7.14814175087e+12 1.60061837947e+29 1.62239218926e+13
8 7.14914175087e+12 1.59872824328e+29 1.6218676857e+13
8 7.15014175087e+12 1.596849619e+29 1.62134693964e+13
8 7.15114175087e+12 1.59500265943e+29 1.6208276573e+13
8 7.15214175087e+12 1.59315671769e+29 1.62030837497e+13
8 7.15314175087e+12 1.59130955625e+29 1.61978909263e+13
8 7.15414175087e+12 1.58946117484e+29 1.6192698103e+13
8 7.15514175087e+12 1.5876115732e+29 1.61875052796e+13
8 7.15614175087e+12 1.58576075107e+29 1.61823124563e+13
8 7.15714175087e+12 1.58390870816e+29 1.61771196329e+13
8 7.15814175087e+12 1.58205544422e+29 1.61719268096e+13
8 7.15914175087e+12 1.58020095897e+29 1.61667339862e+13
8 7.16014175087e+12 1.57834525214e+29 1.61615411629e+13
8 7.16114175087e+12 1.5764802896e+29 1.61562568975e+13
8 7.16214175087e+12 1.5746032113e+29 1.6150962599e+13
8 7.16314175087e+12 1.57272458291e+29 1.61456683004e+13
8 7.16414175087e+12 1.57084472113e+29 1.61403740019e+13
8 7.16514175087e+12 1.56896362566e+29 1.61350797034e+13
8 7.16614175087e+12 1.56708129626e+29 1.61297854049e+13
8 7.16714175087e+12 1.56519773263e+29 1.61244911064e+13
8 7.16814175087e+12 1.56331293453e+29 1.61191968079e+13
8 7.16914175087e+12 1.56142690166e+29 1.61139025094e+13
8 7.17014175087e+12 1.55953963376e+29 1.61086082109e+13
8 7.17114175087e+12 1.55765325729e+29 1.61033276642e+13
8 7.17214175087e+12 1.55579872388e+29 1.60980863138e+13
8 7.17314175087e+12 1.55395691098e+29 1.60928449633e+13
8 7.17414175087e+12 1.55211388937e+29 1.60876036129e+13
8 7.17514175087e+12 1.5502696588e+29 1.60823622625e+13
8 7.17614175087e+12 1.548424219e+29 1.6077120912e+13
8 7.17714175087e+12 1.5465775697e+29 1.60718795616e+13
8 7.17814175087e+12 1.54472971064e+29 1.60666382111e+13
8 7.17914175087e+12 1.54288064156e+29 1.60613968607e+13
8 7.18014175087e+12 1.54103036218e+29 1.60561555103e+13
8 7.18114175087e+12 1.53917887224e+29 1.60509141598e+13
8 7.18214175087e+12 1.5372309191e+29 1.60443173256e+13
8 7.18314175087e+12 1.53430563915e+29 1.6036254001e+13
8 7.18414175087e+12 1.53125986167e+29 1.60281906763e+13
8 7.18514175087e+12 1.52821220967e+29 1.60201273517e+13
8 7.18664175087e+12 3.04731325982e+29 1.60080323648e+13
8 7.18814175087e+12 3.03985716398e+29 1.5999243655e+13
8 7.18964175087e+12 3.03425632479e+29 1.59912983063e+13
8 7.19114175087e+12 3.02871144843e+29 1.59833529576e+13
8 7.19264175087e+12 3.02338986912e+29 1.59759025968e+13
8 7.19414175087e+12 3.01919366297e+29 1.59699342612e+13
8 7.19564175087e+12 3.01536570073e+29 1.59639659256e+13
8 7.19714175087e+12 3.01153375838e+29 1.595799759e+13
8 7.19864175087e+12 3.00769783462e+29 1.59520292544e+13
8 7.20014175087e+12 3.00385792811e+29 1.59460609188e+13
8 7.20164175087e+12 3.00001403753e+29 1.59400925832e+13
8 7.20314175087e+12 2.99605490521e+29 1.59339385655e+13
8 7.20464175087e+12 2.99100516721e+29 1.59258389541e+13
8 7.20614175087e+12 2.98541145566e+29 1.59177393427e+13
8 7.20764175087e+12 2.97981230784e+29 1.59096397313e+13
8 7.20914175087e+12 2.97420772196e+29 1.59015401199e+13
8 7.21064175087e+12 2.96859769626e+29 1.58934405085e+13
8 7.21214175087e+12 2.96298222894e+29 1.58853408971e+13
8 7.21364175087e+12 2.95736812981e+29 1.5877244396e+13
8 7.21514175087e+12 2.95184432128e+29 1.58692248992e+13
8 7.21664175087e+12 2.94636762615e+29 1.58612054023e+13
8 7.21814175087e+12 2.94088561126e+29 1.58531859055e+13
8 7.21964175087e+12 2.93539827485e+29 1.58451664086e+13
8 7.22114175087e+12 2.9299056152e+29 1.58371469118e+13
8 7.22264175087e+12 2.92440763056e+29 1.58291274149e+13
8 7.22414175087e+12 2.91890349876e+29 1.58211079181e+13
8 7.22564175087e+12 2.91337112123e+29 1.58129502995e+13
8 7.22714175087e+12 2.90781449271e+29 1.58047765865e+13
8 7.22864175087e+12 2.90225212263e+29 1.57966028736e+13
8 7.23014175087e+12 2.89668438314e+29 1.57884291606e+13
8 7.23164175087e+12 2.89111127249e+29 1.57802554477e+13
8 7.23314175087e+12 2.88553278893e+29 1.57720817347e+13
8 7.23464175087e+12 2.87995155445e+29 1.57639080217e+13
8 7.23614175087e+12 2.87444562208e+29 1.57558137202e+13
8 7.23764175087e+12 2.86900733488e+29 1.57477317086e+13
8 7.23914175087e+12 2.86356556283e+29 1.57396496969e+13
8 7.24064175087e+12 2.85811854022e+29 1.57315676853e+13
8 7.24214175087e+12 2.85266626535e+29 1.57234856736e+13
8 7.24364175087e+12 2.8472087365e+29 1.5715403662e+13
8 7.24514175087e+12 2.84174571812e+29 1.57073216503e+13
8 7.24664175087e+12 2.83626151835e+29 1.56991304955e+13
8 7.24814175087e+12 2.83075076158e+29 1.56909009965e+13
8 7.24964175087e+12 2.82523388358e+29 1.56826714976e+13
8 7.25114175087e+12 2.81971171136e+29 1.56744419986e+13
8 7.25264175087e+12 2.81418424321e+29 1.56662124996e+13
8 7.25414175087e+12 2.80865147739e+29 1.56579830007e+13
8 7.25564175087e+12 2.80311421044e+29 1.56497535017e+13
8 7.25714175087e+12 2.79763689794e+29 1.56415956329e+13
8 7.25864175087e+12 2.79224543987e+29 1.5633464764e+13
8 7.26014175087e+12 2.78685247715e+29 1.56253338951e+13
8 7.26164175087e+12 2.78145434121e+29 1.56172030262e+13
8 7.26314175087e+12 2.77605103037e+29 1.56090721573e+13
8 7.26464175087e+12 2.77064254297e+29 1.56009412884e+13
8 7.26614175087e+12 2.76522887731e+29 1.55928104195e+13
8 7.26764175087e+12 2.75979893962e+29 1.55845902481e+13
8 7.26914175087e+12 2.75434302882e+29 1.55763141213e+13
8 7.27064175087e+12 2.74888025164e+29 1.55680379945e+13
8 7.27214175087e+12 2.74341226182e+29 1.55597618677e+13
8 7.27364175087e+12 2.73793905765e+29 1.55514857409e+13
8 7.27514175087e+12 2.73246063746e+29 1.55432096141e+13
8 7.27664175087e+12 2.72697699957e+29 1.55349334873e+13
8 7.27814175087e+12 2.72154211661e+29 1.55267192436e+13
8 7.27964175087e+12 2.7162032891e+29 1.55185438582e+13
8 7.28114175087e+12 2.71086747055e+29 1.55103684728e+13
8 7.28264175087e+12 2.70552656224e+29 1.55021930874e+13
8 7.28414175087e+12 2.70018056252e+29 1.5494017702e+13
8 7.28564175087e+12 2.69482946974e+29 1.54858423166e+13
8 7.28714175087e+12 2.68947328227e+29 1.54776669312e+13
8 7.28864175087e+12 2.68320055157e+29 1.54672279096e+13
8 7.29014175087e+12 2.67479252562e+29 1.54546545985e+13
8 7.29164175087e+12 2.66607202646e+29 1.54420812874e+13
8 7.29314175087e+12 2.65748478623e+29 1.54296472941e+13
8 7.29464175087e+12 2.65100353845e+29 1.54214098525e+13
8 7.29614175087e+12 2.64569042114e+29 1.5413172411e+13
8 7.29764175087e+12 2.64037226116e+29 1.54049349694e+13
8 7.29914175087e+12 2.63550498804e+29 1.53977833693e+13
8 7.30064175087e+12 2.6316726896e+29 1.53916145503e+13
8 7.30214175087e+12 2.62797885044e+29 1.53854457313e+13
8 7.30364175087e+12 2.62428130896e+29 1.53792769122e+13
8 7.30514175087e+12 2.62058006395e+29 1.53731080932e+13
8 7.30664175087e+12 2.61687511421e+29 1.53669392741e+13
8 7.30814175087e+12 2.61316645851e+29 1.53607704551e+13
8 7.30964175087e+12 2.60909062474e+29 1.53536508644e+13
8 7.31114175087e+12 2.60396471785e+29 1.53452950594e+13
8 7.31264175087e+12 2.59863360038e+29 1.53369392545e+13
8 7.31414175087e+12 2.59329745026e+29 1.53285834495e+13
8 7.31564175087e+12 2.58795626586e+29 1.53202276446e+13
8 7.31714175087e+12 2.58261004557e+29 1.53118718396e+13
8 7.31864175087e+12 2.57725878777e+29 1.53035160346e+13
8 7.32014175087e+12 2.5719418471e+29 1.52952123321e+13
8 7.32164175087e+12 2.56672746422e+29 1.52869714639e+13
8 7.32314175087e+12 2.56152757172e+29 1.52787305957e+13
8 7.32464175087e+12 2.55632277163e+29 1.52704897275e+13
8 7.32614175087e+12 2.55111306238e+29 1.52622488593e+13
8 7.32764175087e+12 2.5458984424e+29 1.52540079911e+13
8 7.32914175087e+12 2.5406789101e+29 1.52457671229e+13
8 7.33064175087e+12 2.53545050552e+29 1.52374771477e+13
8 7.33214175087e+12 2.53020328252e+29 1.52291036157e+13
8 7.33364175087e+12 2.52494794281e+29 1.52207300837e+13
8 7.33514175087e+12 2.51968766726e+29 1.52123565517e+13
8 7.33664175087e+12 2.51442245431e+29 1.52039830197e+13
8 7.33814175087e+12 2.50915230236e+29 1.51956094877e+13
8 7.33964175087e+12 2.50387720984e+29 1.51872359557e+13
8 7.34114175087e+12 2.49863106816e+29 1.51789104822e+13
8 7.34264175087e+12 2.49348990374e+29 1.5170658691e+13
8 7.34414175087e+12 2.48836753405e+29 1.51624068998e+13
8 7.34564175087e+12 2.48324035434e+29 1.51541551086e+13
8 7.34714175087e+12 2.47810836307e+29 1.51459033173e+13
8 7.34864175087e+12 2.4729715587e+29 1.51376515261e+13
8 7.35014175087e+12 2.4678299397e+29 1.51293997349e+13
8 7.35164175087e+12 2.46268075882e+29 1.5121107477e+13
8 7.35314175087e+12 2.4575153338e+29 1.51127277615e+13
8 7.35464175087e+12 2.45234203836e+29 1.5104348046e+13
8 7.35614175087e+12 2.4471639081e+29 1.50959683305e+13
8 7.35764175087e+12 2.44198094147e+29 1.5087588615e+13
8 7.35914175087e+12 2.43679313691e+29 1.50792088995e+13
8 7.36064175087e+12 2.43160049291e+29 1.5070829184e+13
8 7.36214175087e+12 2.42643210844e+29 1.50624932015e+13
8 7.36364175087e+12 2.42137054229e+29 1.50542403417e+13
8 7.36514175087e+12 2.41633144354e+29 1.5045987482e+13
8 7.36664175087e+12 2.41128763608e+29 1.50377346222e+13
8 7.36814175087e+12 2.40623911839e+29 1.50294817625e+13
8 7.36964175087e+12 2.40118588899e+29 1.50212289028e+13
8 7.37114175087e+12 2.39612794635e+29 1.5012976043e+13
8 7.37264175087e+12 2.39106333826e+29 1.50046895041e+13
8 7.37414175087e+12 2.38598485756e+29 1.49963113732e+13
8 7.37564175087e+12 2.38089879825e+29 1.49879332423e+13
8 7.37714175087e+12 2.37580800835e+29 1.49795551114e+13
8 7.37864175087e+12 2.37071248637e+29 1.49711769805e+13
8 7.38014175087e+12 2.3656122308e+29 1.49627988496e+13
8 7.38164175087e+12 2.36050724013e+29 1.49544207187e+13
8 7.38314175087e+12 2.35542305105e+29 1.49460801237e+13
8 7.38464175087e+12 2.35044496827e+29 1.49378275512e+13
8 7.38614175087e+12 2.34549357274e+29 1.49295749787e+13
8 7.38764175087e+12 2.34053757241e+29 1.49213224062e+13
8 7.38914175087e+12 2.33557696581e+29 1.49130698337e+13
8 7.39064175087e+12 2.33061175149e+29 1.49048172612e+13
8 7.39214175087e+12 2.32564192797e+29 1.48965646887e+13
8 7.39364175087e+12 2.32030552705e+29 1.48873356841e+13
8 7.39514175087e+12 2.31302245957e+29 1.48747137024e+13
8 7.39664175087e+12 2.30504167318e+29 1.48620917208e+13
8 7.39814175087e+12 2.29706892254e+29 1.48494697391e+13
8 7.39964175087e+12 2.29034199294e+29 1.48399879794e+13
8 7.40114175087e+12 2.28536406882e+29 1.48316962263e+13
8 7.40264175087e+12 2.28045241704e+29 1.48234044732e+13
8 7.40414175087e+12 2.27569922481e+29 1.48155224159e+13
8 7.40564175087e+12 2.27188640364e+29 1.48092764385e+13
8 7.40714175087e+12 2.26842812665e+29 1.4803030461e+13
8 7.40864175087e+12 2.26496648858e+29 1.47967844836e+13
8 7.41014175087e+12 2.26150148835e+29 1.47905385061e+13
8 7.41164175087e+12 2.25803312486e+29 1.47842925287e+13
8 7.41314175087e+12 2.25456139706e+29 1.47780465512e+13
8 7.41464175087e+12 2.25092245118e+29 1.4771335806e+13
8 7.41614175087e+12 2.2464163067e+29 1.47630605007e+13
8 7.41764175087e+12 2.24160325019e+29 1.47547851954e+13
8 7.41914175087e+12 2.23678574835e+29 1.47465098901e+13
8 7.42064175087e+12 2.23196379977e+29 1.47382345849e+13
8 7.42214175087e+12 2.22713740306e+29 1.47299592796e+13
8 7.42364175087e+12 2.2223065568e+29 1.47216839743e+13
8 7.42514175087e+12 2.21747063031e+29 1.47133872987e+13
8 7.42664175087e+12 2.21262582119e+29 1.47049697924e+13
8 7.42814175087e+12 2.20777464974e+29 1.46965522861e+13
8 7.42964175087e+12 2.20291901751e+29 1.46881347798e+13
8 7.43114175087e+12 2.19805892308e+29 1.46797172735e+13
8 7.43264175087e+12 2.19319436505e+29 1.46712997672e+13
8 7.43414175087e+12 2.18832534203e+29 1.46628822609e+13
8 7.43564175087e+12 2.18346863721e+29 1.4654484302e+13
8 7.43714175087e+12 2.17871396328e+29 1.46461780822e+13
8 7.43864175087e+12 2.17399793764e+29 1.46378718624e+13
8 7.44014175087e+12 2.16927757558e+29 1.46295656425e+13
8 7.44164175087e+12 2.16455287574e+29 1.46212594227e+13
8 7.44314175087e+12 2.15982383675e+29 1.46129532029e+13
8 7.44464175087e+12 2.15509045725e+29 1.46046469831e+13
8 7.44614175087e+12 2.15035248494e+29 1.45963270046e+13
8 7.44764175087e+12 2.14560779458e+29 1.45878716364e+13
8 7.44914175087e+12 2.14085759248e+29 1.45794162682e+13
8 7.45064175087e+12 2.13610304134e+29 1.45709609001e+13
8 7.45214175087e+12 2.13134413981e+29 1.45625055319e+13
8 7.45364175087e+12 2.12658088652e+29 1.45540501638e+13
8 7.45514175087e+12 2.12181328009e+29 1.45455947956e+13
8 7.45664175087e+12 2.1170536821e+29 1.45371516999e+13
8 7.45814175087e+12 2.11239417367e+29 1.4528805597e+13
8 7.45964175087e+12 2.10777942565e+29 1.4520459494e+13
8 7.46114175087e+12 2.1031604525e+29 1.45121133911e+13
8 7.46264175087e+12 2.09853725287e+29 1.45037672881e+13
8 7.46414175087e+12 2.09390982544e+29 1.44954211852e+13
8 7.46564175087e+12 2.0892781689e+29 1.44870750822e+13
8 7.46714175087e+12 2.08464224583e+29 1.44787257594e+13
8 7.46864175087e+12 2.08000149318e+29 1.44702358684e+13
8 7.47014175087e+12 2.07535616845e+29 1.44617459774e+13
8 7.47164175087e+12 2.07070660852e+29 1.44532560864e+13
8 7.47314175087e+12 2.06605281206e+29 1.44447661954e+13
8 7.47464175087e+12 2.06139477773e+29 1.44362763044e+13
8 7.47614175087e+12 2.05673250422e+29 1.44277864134e+13
8 7.47764175087e+12 2.05207297767e+29 1.44193009156e+13
8 7.47914175087e+12 2.04751063595e+29 1.44109351992e+13
8 7.48064175087e+12 2.04300011426e+29 1.44025694828e+13
8 7.48214175087e+12 2.03848548e+29 1.43942037664e+13
8 7.48364175087e+12 2.03396673188e+29 1.438583805e+13
8 7.48514175087e+12 2.02944386861e+29 1.43774723336e+13
8 7.48664175087e+12 2.02491688891e+29 1.43691066172e+13
8 7.48814175087e+12 2.02032430787e+29 1.43607409008e+13
8 7.48964175087e+12 2.01418891473e+29 1.43481525426e+13
8 7.49114175087e+12 2.00693415856e+29 1.43352810592e+13
8 7.49264175087e+12 1.99965881383e+29 1.43224095758e+13
8 7.49414175087e+12 1.99304719015e+29 1.43115665404e+13
8 7.49564175087e+12 1.98826227908e+29 1.43031721539e+13
8 7.49714175087e+12 1.98380402691e+29 1.42947777675e+13
8 7.49864175087e+12 1.97937270248e+29 1.42863833811e+13
8 7.50014175087e+12 1.97570487816e+29 1.42800005135e+13
8 7.50164175087e+12 1.97258194846e+29 1.4273742911e+13
8 7.50314175087e+12 1.96946266062e+29 1.42674853084e+13
8 7.50464175087e+12 1.9663404047e+29 1.42612277059e+13
8 7.50614175087e+12 1.96321517977e+29 1.42549701034e+13
8 7.50764175087e+12 1.96008698488e+29 1.42487125008e+13
8 7.50914175087e+12 1.95693789249e+29 1.42424548983e+13
8 7.51064175087e+12 1.95315768679e+29 1.42343550186e+13
8 7.51214175087e+12 1.94874535764e+29 1.42258861625e+13
8 7.51364175087e+12 1.94431105539e+29 1.42174173064e+13
8 7.51514175087e+12 1.93987274529e+29 1.42089484503e+13
8 7.51664175087e+12 1.93543042611e+29 1.42004795942e+13
8 7.51814175087e+12 1.9309840966e+29 1.41920107382e+13
8 7.51964175087e+12 1.92653588868e+29 1.41835418821e+13
8 7.52114175087e+12 1.92216060722e+29 1.41752011073e+13
8 7.52264175087e+12 1.91785989188e+29 1.4166887161e+13
8 7.52414175087e+12 1.9135575954e+29 1.41585732146e+13
8 7.52564175087e+12 1.90925140997e+29 1.41502592683e+13
8 7.52714175087e+12 1.90494133439e+29 1.41419453219e+13
8 7.52864175087e+12 1.90062736745e+29 1.41336313755e+13
8 7.53014175087e+12 1.89630952099e+29 1.41253174292e+13
8 7.53164175087e+12 1.89198930591e+29 1.41169336128e+13
8 7.53314175087e+12 1.8876674623e+29 1.41085208183e+13
8 7.53464175087e+12 1.8833418208e+29 1.41001080238e+13
8 7.53614175087e+12 1.879012285e+29 1.40916952293e+13
8 7.53764175087e+12 1.87467885369e+29 1.40832824347e+13
8 7.53914175087e+12 1.87034152568e+29 1.40748696402e+13
8 7.54064175087e+12 1.86600058459e+29 1.40664568457e+13
8 7.54214175087e+12 1.8617153226e+29 1.40581520864e+13
8 7.54364175087e+12 1.85752014595e+29 1.40498962464e+13
8 7.54514175087e+12 1.85332529251e+29 1.40416404063e+13
8 7.54664175087e+12 1.84912666198e+29 1.40333845662e+13
8 7.54814175087e+12 1.84492425321e+29 1.40251287262e+13
8 7.54964175087e+12 1.84071806502e+29 1.40168728861e+13
8 7.55114175087e+12 1.83650809624e+29 1.40086170461e+13
8 7.55264175087e+12 1.83229622401e+29 1.40002984709e+13
8 7.55414175087e+12 1.82808456829e+29 1.39919295772e+13
8 7.55564175087e+12 1.82386960521e+29 1.39835606835e+13
8 7.55714175087e+12 1.81965086191e+29 1.39751917898e+13
8 7.55864175087e+12 1.81542833722e+29 1.39668228961e+13
8 7.56014175087e+12 1.81120202996e+29 1.39584540024e+13
8 7.56164175087e+12 1.80697193898e+29 1.39500851087e+13
8 7.56314175087e+12 1.80278132907e+29 1.39417889037e+13
8 7.56464175087e+12 1.79868617397e+29 1.39335591107e+13
8 7.56614175087e+12 1.79460106571e+29 1.39253293177e+13
8 7.56764175087e+12 1.790512293e+29 1.39170995248e+13
8 7.56914175087e+12 1.78641985471e+29 1.39088697318e+13
8 7.57064175087e+12 1.78232374971e+29 1.39006399389e+13
8 7.57214175087e+12 1.77822397687e+29 1.38924101459e+13
8 7.57364175087e+12 1.7741220212e+29 1.38841338e+13
8 7.57514175087e+12 1.77002154666e+29 1.38757795737e+13
8 7.57664175087e+12 1.76591857456e+29 1.38674253474e+13
8 7.57814175087e+12 1.76181193627e+29 1.38590711211e+13
8 7.57964175087e+12 1.75770163067e+29 1.38507168948e+13
8 7.58114175087e+12 1.75358765662e+29 1.38423626685e+13
8 7.58264175087e+12 1.749470013e+29 1.38340084422e+13
8 7.58414175087e+12 1.74537375068e+29 1.38256982421e+13
8 7.58564175087e+12 1.74137565925e+29 1.38174789025e+13
8 7.58714175087e+12 1.73740012035e+29 1.38092595629e+13
8 7.58864175087e+12 1.73342102843e+29 1.38010402234e+13
8 7.59014175087e+12 1.7294383824e+29 1.37928208838e+13
8 7.59164175087e+12 1.72545218116e+29 1.37846015442e+13
8 7.59314175087e+12 1.72146242361e+29 1.37763822047e+13
8 7.59464175087e+12 1.71724345346e+29 1.37674479633e+13
8 7.59614175087e+12 1.71150509987e+29 1.3754798172e+13
8 7.59764175087e+12 1.70512743124e+29 1.37421483807e+13
8 7.59914175087e+12 1.69874432473e+29 1.37294985893e+13
8 7.60064175087e+12 1.69321700963e+29 1.37196872339e+13
8 7.60214175087e+12 1.68920857011e+29 1.37114475836e+13
8 7.60364175087e+12 1.68528921181e+29 1.37032079333e+13
8 7.60514175087e+12 1.68144690587e+29 1.36951717848e+13
8 7.60664175087e+12 1.67834326887e+29 1.36890354649e+13
8 7.60814175087e+12 1.67559732531e+29 1.3682899145e+13
8 7.60964175087e+12 1.67284882422e+29 1.36767628251e+13
8 7.61114175087e+12 1.67009776481e+29 1.36706265052e+13
8 7.61264175087e+12 1.66734414628e+29 1.36644901853e+13
8 7.61414175087e+12 1.66458796785e+29 1.36583538654e+13
8 7.61564175087e+12 1.66180616922e+29 1.36522175455e+13
8 7.61714175087e+12 1.65840921189e+29 1.3644092585e+13
8 7.61864175087e+12 1.6545312955e+29 1.36357791934e+13
8 7.62014175087e+12 1.65064184577e+29 1.36274658017e+13
8 7.62164175087e+12 1.64674894818e+29 1.361915241e+13
8 7.62314175087e+12 1.64285260165e+29 1.36108390183e+13
8 7.62464175087e+12 1.63895280514e+29 1.36025256266e+13
8 7.62614175087e+12 1.63505152522e+29 1.35942122349e+13
8 7.62764175087e+12 1.63121670383e+29 1.35860111319e+13
8 7.62914175087e+12 1.6274491195e+29 1.35778330186e+13
8 7.63064175087e+12 1.62368024099e+29 1.35696549053e+13
8 7.63214175087e+12 1.61990802098e+29 1.35614767921e+13
8 7.63364175087e+12 1.61613245846e+29 1.35532986788e+13
8 7.63514175087e+12 1.61235355241e+29 1.35451205656e+13
8 7.63664175087e+12 1.60857130179e+29 1.35369424523e+13
8 7.63814175087e+12 1.60478801919e+29 1.35286808355e+13
8 7.63964175087e+12 1.60100562473e+29 1.35203694552e+13
8 7.64114175087e+12 1.5972201926e+29 1.35120580749e+13
8 7.64264175087e+12 1.59343141721e+29 1.35037466945e+13
8 7.64414175087e+12 1.58963929752e+29 1.34954353142e+13
8 7.64564175087e+12 1.58584383254e+29 1.34871239339e+13
8 7.64714175087e+12 1.58204502122e+29 1.34788125536e+13
8 7.64864175087e+12 1.57828175e+29 1.34705613702e+13
8 7.65014175087e+12 1.57460433568e+29 1.34623651944e+13
8 7.65164175087e+12 1.5709360081e+29 1.34541690186e+13
8 7.65314175087e+12 1.56726444027e+29 1.34459728428e+13
8 7.65464175087e+12 1.56358963122e+29 1.3437776667e+13
8 7.65614175087e+12 1.55991157996e+29 1.34295804913e+13
8 7.65764175087e+12 1.5562302855e+29 1.34213843155e+13
8 7.65914175087e+12 1.55254663235e+29 1.34131415496e+13
8 7.66064175087e+12 1.54886359805e+29 1.34047883971e+13
8 7.66214175087e+12 1.54517842092e+29 1.33964352445e+13
8 7.66364175087e+12 1.54149000122e+29 1.3388082092e+13
8 7.66514175087e+12 1.53779833796e+29 1.33797289394e+13
8 7.66664175087e+12 1.53410343016e+29 1.33713757869e+13
8 7.66814175087e+12 1.53040527682e+29 1.33630226343e+13
8 7.67014175087e+12 2.28827357364e+29 1.33519313079e+13
8 7.67214175087e+12 2.28109651872e+29 1.33409162191e+13
8 7.67414175087e+12 2.2739465508e+29 1.33299011302e+13
8 7.67614175087e+12 2.26678819764e+29 1.33188860414e+13
8 7.67814175087e+12 2.25962145585e+29 1.33078709525e+13
8 7.68014175087e+12 2.25244679739e+29 1.32968558637e+13
8 7.68214175087e+12 2.24526774399e+29 1.32856147266e+13
8 7.68414175087e+12 2.23808294245e+29 1.32743590543e+13
8 7.68614175087e+12 2.2308897701e+29 1.3263103382e+13
8 7.68814175087e+12 2.22368819958e+29 1.32518477097e+13
8 7.69014175087e+12 2.21647930597e+29 1.32405920374e+13
8 7.69214175087e+12 2.20935990206e+29 1.3229395831e+13
8 7.69414175087e+12 2.20237521814e+29 1.32182435337e+13
8 7.69614175087e+12 2.19539849512e+29 1.32070912364e+13
8 7.69814175087e+12 2.18841362555e+29 1.31959389391e+13
8 7.70014175087e+12 2.18142060612e+29 1.31847866418e+13
8 7.70214175087e+12 2.17388421872e+29 1.31729209058e+13
8 7.70414175087e+12 2.16380498499e+29 1.31556548232e+13
8 7.70614175087e+12 2.1526243068e+29 1.31383887405e+13
8 7.70814175087e+12 2.14269898391e+29 1.31237129504e+13
8 7.71014175087e+12 2.13534126101e+29 1.3112394874e+13
8 7.71214175087e+12 2.12846937393e+29 1.31010767975e+13
8 7.71414175087e+12 2.12256657214e+29 1.30918301708e+13
8 7.71614175087e+12 2.11767374184e+29 1.30833468406e+13
8 7.71814175087e+12 2.11281463393e+29 1.30748635104e+13
8 7.72014175087e+12 2.10794963475e+29 1.30663801802e+13
8 7.72214175087e+12 2.10307874188e+29 1.305789685e+13
8 7.72414175087e+12 2.09784524387e+29 1.30486510648e+13
8 7.72614175087e+12 2.09133964239e+29 1.30371001065e+13
8 7.72814175087e+12 2.08446669499e+29 1.30255491482e+13
8 7.73014175087e+12 2.07758579055e+29 1.30139981899e+13
8 7.73214175087e+12 2.07069692586e+29 1.30024472317e+13
8 7.73414175087e+12 2.06380884322e+29 1.29908962734e+13
8 7.73614175087e+12 2.05703179361e+29 1.29794450579e+13
8 7.73814175087e+12 2.05034585987e+29 1.29680131689e+13
8 7.74014175087e+12 2.04365425124e+29 1.29565812798e+13
8 7.74214175087e+12 2.0369549031e+29 1.29451493907e+13
8 7.74414175087e+12 2.03024781234e+29 1.29337175016e+13
8 7.74614175087e+12 2.02262035177e+29 1.29202402876e+13
8 7.74814175087e+12 2.01249855425e+29 1.29025738472e+13
8 7.75014175087e+12 2.00179223804e+29 1.28849074068e+13
8 7.75214175087e+12 1.99275069029e+29 1.28710105356e+13
8 7.75414175087e+12 1.98590968403e+29 1.28594192866e+13
8 7.75614175087e+12 1.97936917618e+29 1.28478280376e+13
8 7.75814175087e+12 1.97388388807e+29 1.28388034684e+13
8 7.76014175087e+12 1.96918329627e+29 1.283010248e+13
8 7.76214175087e+12 1.96448932253e+29 1.28214014915e+13
8 7.76414175087e+12 1.95978972514e+29 1.2812700503e+13
8 7.76614175087e+12 1.95508450184e+29 1.28039995145e+13
8 7.76814175087e+12 1.94898178901e+29 1.27921026741e+13
8 7.77014175087e+12 1.93928045065e+29 1.27741713256e+13
8 7.77214175087e+12 1.92876288768e+29 1.27562399771e+13
8 7.77414175087e+12 1.91987501972e+29 1.27421119936e+13
8 7.77614175087e+12 1.91313426367e+29 1.27302958331e+13
8 7.77814175087e+12 1.90668056148e+29 1.27184796726e+13
8 7.78014175087e+12 1.90123145097e+29 1.2709173875e+13
8 7.78214175087e+12 1.89653785716e+29 1.2700200669e+13
8 7.78414175087e+12 1.89185091902e+29 1.26912274629e+13
8 7.78614175087e+12 1.88715841137e+29 1.26822542569e+13
8 7.78814175087e+12 1.88245915499e+29 1.26732810508e+13
8 7.79014175087e+12 1.87709240123e+29 1.26625916358e+13
8 7.79214175087e+12 1.87059168425e+29 1.2650259145e+13
8 7.79414175087e+12 1.86392711283e+29 1.26379266542e+13
8 7.79614175087e+12 1.85725496e+29 1.26255941633e+13
8 7.79814175087e+12 1.85057522276e+29 1.26132616725e+13
8 7.80014175087e+12 1.84394223089e+29 1.26009475603e+13
8 7.80214175087e+12 1.83742842433e+29 1.25886631463e+13
8 7.80414175087e+12 1.83093406165e+29 1.25763787322e+13
8 7.80614175087e+12 1.82443231582e+29 1.25640943181e+13
8 7.80814175087e+12 1.81792318391e+29 1.25518099041e+13
8 7.81014175087e+12 1.81053121948e+29 1.25373058397e+13
8 7.81214175087e+12 1.80077938991e+29 1.25183488174e+13
8 7.81414175087e+12 1.79066408807e+29 1.24993917951e+13
8 7.81614175087e+12 1.78267456472e+29 1.24862265122e+13
8 7.81814175087e+12 1.77625522614e+29 1.24737674336e+13
8 7.82014175087e+12 1.77043769322e+29 1.24627426845e+13
8 7.82214175087e+12 1.76571096378e+29 1.24533381395e+13
8 7.82414175087e+12 1.76115574391e+29 1.24439335945e+13
8 7.82614175087e+12 1.75659517287e+29 1.24345290495e+13
8 7.82814175087e+12 1.7520065928e+29 1.24251245045e+13
8 7.83014175087e+12 1.74653529582e+29 1.2413210524e+13
8 7.83214175087e+12 1.74011708857e+29 1.24003036373e+13
8 7.83414175087e+12 1.73364791746e+29 1.23873967506e+13
8 7.83614175087e+12 1.72717145805e+29 1.2374489864e+13
8 7.83814175087e+12 1.72071650296e+29 1.23615963455e+13
8 7.84014175087e+12 1.71437273484e+29 1.23487659628e+13
8 7.84214175087e+12 1.70806496249e+29 1.233593558e+13
8 7.84414175087e+12 1.70175008471e+29 1.23231051973e+13
8 7.84614175087e+12 1.69542767035e+29 1.23102748146e+13
8 7.84814175087e+12 1.6890805508e+29 1.22972203024e+13
8 7.85014175087e+12 1.68270675345e+29 1.22840695456e+13
8 7.85214175087e+12 1.67632472277e+29 1.22709187888e+13
8 7.85414175087e+12 1.66993553323e+29 1.2257768032e+13
8 7.85614175087e+12 1.6635923344e+29 1.22446609149e+13
8 7.85814175087e+12 1.65735347173e+29 1.2231613271e+13
8 7.86014175087e+12 1.65112862601e+29 1.22185656271e+13
8 7.86214175087e+12 1.64489679924e+29 1.22055179832e+13
8 7.86414175087e+12 1.63865106639e+29 1.21924065719e+13
8 7.86614175087e+12 1.63237177094e+29 1.21790516556e+13
8 7.86814175087e+12 1.62607673316e+29 1.21656967392e+13
8 7.87014175087e+12 1.61977466041e+29 1.21523418228e+13
8 7.87214175087e+12 1.61349315628e+29 1.21390084674e+13
8 7.87414175087e+12 1.60731718048e+29 1.21257741138e+13
8 7.87614175087e+12 1.6011747811e+29 1.21125397603e+13
8 7.87814175087e+12 1.59502551929e+29 1.20993054067e+13
8 7.88014175087e+12 1.58886282425e+29 1.20860089551e+13
8 7.88214175087e+12 1.5826680252e+29 1.20724748087e+13
8 7.88414175087e+12 1.57645803326e+29 1.20589406623e+13
8 7.88614175087e+12 1.57024112742e+29 1.2045406516e+13
8 7.88814175087e+12 1.5640659228e+29 1.20319209243e+13
8 7.89014175087e+12 1.55798966856e+29 1.20185056408e+13
8 7.89214175087e+12 1.55192750074e+29 1.20050903573e+13
8 7.89414175087e+12 1.54582691839e+29 1.19916750738e+13
8 7.89614175087e+12 1.53819760696e+29 1.19734830566e+13
8 7.89814175087e+12 1.52888171774e+29 1.19528517596e+13
8 7.90064175087e+12 2.02645302434e+29 1.19349103519e+13
8 7.90314175087e+12 2.01741833318e+29 1.1919870884e+13
8 7.90564175087e+12 2.01001728557e+29 1.19071493646e+13
8 7.90814175087e+12 2.00284361612e+29 1.18944278452e+13
8 7.91064175087e+12 1.99437891439e+29 1.18788165255e+13
8 7.91314175087e+12 1.98444015582e+29 1.18614121343e+13
8 7.91564175087e+12 1.97437569321e+29 1.18440077431e+13
8 7.91814175087e+12 1.96445251255e+29 1.18267380359e+13
8 7.92064175087e+12 1.95461779396e+29 1.18094811262e+13
8 7.92314175087e+12 1.94475373519e+29 1.17921230697e+13
8 7.92564175087e+12 1.93483146729e+29 1.17744529573e+13
8 7.92814175087e+12 1.92488972668e+29 1.17567828449e+13
8 7.93064175087e+12 1.91506402628e+29 1.17392132221e+13
8 7.93314175087e+12 1.90535616383e+29 1.17216882737e+13
8 7.93564175087e+12 1.8956296527e+29 1.17040901073e+13
8 7.93814175087e+12 1.88584569104e+29 1.16861405853e+13
8 7.94064175087e+12 1.87604362341e+29 1.16681910633e+13
8 7.94314175087e+12 1.8663602439e+29 1.16503449661e+13
8 7.94564175087e+12 1.85678352346e+29 1.163253138e+13
8 7.94814175087e+12 1.84717618559e+29 1.16145543189e+13
8 7.95064175087e+12 1.83751268882e+29 1.15963112214e+13
8 7.95314175087e+12 1.82786845514e+29 1.15780834151e+13
8 7.95564175087e+12 1.81836774506e+29 1.15599893448e+13
8 7.95814175087e+12 1.80891584577e+29 1.15418952746e+13
8 7.96064175087e+12 1.79940969158e+29 1.15234308342e+13
8 7.96314175087e+12 1.78986671075e+29 1.15049025036e+13
8 7.96564175087e+12 1.78043145658e+29 1.14864861412e+13
8 7.96814175087e+12 1.77110407672e+29 1.14681178314e+13
8 7.97064175087e+12 1.76173915587e+29 1.14495061804e+13
8 7.97314175087e+12 1.75232264844e+29 1.14307134289e+13
8 7.97564175087e+12 1.74298674058e+29 1.14120127696e+13
8 7.97814175087e+12 1.73377028984e+29 1.13933914644e+13
8 7.98064175087e+12 1.72455612708e+29 1.1374623284e+13
8 7.98314175087e+12 1.7153284732e+29 1.13557226951e+13
8 7.98564175087e+12 1.70620499718e+29 1.13369716837e+13
8 7.98814175087e+12 1.69721454069e+29 1.13183325056e+13
8 7.99064175087e+12 1.68819269747e+29 1.12994475658e+13
8 7.99314175087e+12 1.67912196255e+29 1.12803974939e+13
8 7.99564175087e+12 1.67014346995e+29 1.12614801022e+13
8 7.99814175087e+12 1.6612663223e+29 1.12426293448e+13
8 8.00064175087e+12 1.65236612699e+29 1.12235439869e+13
8 8.00314175087e+12 1.64355750298e+29 1.12043642676e+13
8 8.00564175087e+12 1.63604602145e+29 1.11889853225e+13
8 8.00814175087e+12 1.62966548953e+29 1.11746372426e+13
8 8.01064175087e+12 1.62330498464e+29 1.11602891627e+13
8 8.01314175087e+12 1.61621161629e+29 1.11459410828e+13
8 8.01564175087e+12 1.60490518805e+29 1.11170239717e+13
8 8.01814175087e+12 1.59191825967e+29 1.10884554631e+13
8 8.02064175087e+12 1.58196636877e+29 1.10691269196e+13
8 8.02314175087e+12 1.57334414326e+29 1.10497217361e+13
8 8.02564175087e+12 1.56466338965e+29 1.10299832178e+13
8 8.02814175087e+12 1.55601637723e+29 1.10103161929e+13
8 8.03064175087e+12 1.54749239343e+29 1.09907953484e+13
8 8.03314175087e+12 1.53896326291e+29 1.09710840694e+13
8 8.03564175087e+12 1.53038209785e+29 1.09511408185e+13
8 8.03864175087e+12 1.90025314153e+29 1.0927379156e+13
8 8.04164175087e+12 1.8876361895e+29 1.09036291626e+13
8 8.04464175087e+12 1.87495335597e+29 1.08794197472e+13
8 8.04764175087e+12 1.86237523789e+29 1.08553568576e+13
8 8.05064175087e+12 1.84992175666e+29 1.08313364458e+13
8 8.05364175087e+12 1.83740738935e+29 1.08068147194e+13
8 8.05664175087e+12 1.82499077133e+29 1.07824303048e+13
8 8.05964175087e+12 1.81270135803e+29 1.07580950975e+13
8 8.06264175087e+12 1.80035486138e+29 1.07332398026e+13
8 8.06564175087e+12 1.788106073e+29 1.07085227766e+13
8 8.06864175087e+12 1.77598053951e+29 1.06838347344e+13
8 8.07164175087e+12 1.76380005598e+29 1.06586313692e+13
8 8.07464175087e+12 1.75172405417e+29 1.06335778375e+13
8 8.07764175087e+12 1.73976131146e+29 1.06085055433e+13
8 8.08064175087e+12 1.72774561829e+29 1.05829470112e+13
8 8.08364175087e+12 1.71584639707e+29 1.05575605783e+13
8 8.08664175087e+12 1.70404204364e+29 1.05320783584e+13
8 8.08964175087e+12 1.69219053616e+29 1.05061622533e+13
8 8.09264175087e+12 1.68047099552e+29 1.04804521468e+13
8 8.09564175087e+12 1.66882082049e+29 1.04545396371e+13
8 8.09864175087e+12 1.65713782638e+29 1.04282714753e+13
8 8.10164175087e+12 1.64559885056e+29 1.04022583595e+13
8 8.10464175087e+12 1.63409173671e+29 1.03759079695e+13
8 8.10764175087e+12 1.62258008859e+29 1.03493547359e+13
8 8.11064175087e+12 1.61121730593e+29 1.03230256929e+13
8 8.11364175087e+12 1.59984556128e+29 1.02962428352e+13
8 8.11664175087e+12 1.58851434801e+29 1.02694483613e+13
8 8.11964175087e+12 1.57731382868e+29 1.02428190481e+13
8 8.12264175087e+12 1.56607830845e+29 1.02156241388e+13
8 8.12564175087e+12 1.55493172516e+29 1.01886366387e+13
8 8.12864175087e+12 1.54387690995e+29 1.01615896211e+13
8 8.13164175087e+12 1.5327864585e+29 1.013414079e+13
8 8.13514175087e+12 1.82398178868e+29 1.01024299377e+13
8 8.13864175087e+12 1.80864107344e+29 1.00702006025e+13
8 8.14214175087e+12 1.79349798259e+29 1.00381272539e+13
8 8.14564175087e+12 1.78026508708e+29 1.00104434827e+13
8 8.14914175087e+12 1.76906594286e+29 9.9862403191e+12
8 8.15264175087e+12 1.7541462347e+29 9.9535305146e+12
8 8.15614175087e+12 1.73472118949e+29 9.90808009884e+12
8 8.15964175087e+12 1.71858275987e+29 9.87538803789e+12
8 8.16314175087e+12 1.70459887455e+29 9.84282296675e+12
8 8.16664175087e+12 1.69302643381e+29 9.81803712264e+12
8 8.17014175087e+12 1.68090715766e+29 9.79325127854e+12
8 8.17364175087e+12 1.66313270614e+29 9.74332219284e+12
8 8.17714175087e+12 1.64600837384e+29 9.70744222473e+12
8 8.18064175087e+12 1.63212443523e+29 9.67331910639e+12
8 8.18414175087e+12 1.62039934957e+29 9.64605754156e+12
8 8.18764175087e+12 1.60920003915e+29 9.62009736109e+12
8 8.19114175087e+12 1.59271193699e+29 9.57185949637e+12
8 8.19464175087e+12 1.57585041588e+29 9.53325156114e+12
8 8.19814175087e+12 1.56232100336e+29 9.4974213647e+12
8 8.20164175087e+12 1.55090506922e+29 9.4691536651e+12
8 8.20514175087e+12 1.53980615341e+29 9.44240397753e+12
8 8.20914175087e+12 1.77498516402e+29 9.38416719979e+12
8 8.21314175087e+12 1.7546608537e+29 9.34222173587e+12
8 8.21714175087e+12 1.73877710592e+29 9.30479858525e+12
8 8.22114175087e+12 1.72420349385e+29 9.27327322271e+12
8 8.22514175087e+12 1.70430702665e+29 9.21545192882e+12
8 8.22914175087e+12 1.68438052688e+29 9.17293697906e+12
8 8.23314175087e+12 1.66894362717e+29 9.13459008115e+12
8 8.23714175087e+12 1.6543871205e+29 9.10253514763e+12
8 8.24114175087e+12 1.63488753696e+29 9.04337755747e+12
8 8.24514175087e+12 1.61622448241e+29 8.99959496924e+12
8 8.24914175087e+12 1.60181483125e+29 8.96294687726e+12
8 8.25314175087e+12 1.58623109076e+29 8.92354153275e+12
8 8.25714175087e+12 1.56869763326e+29 8.87221966711e+12
8 8.26114175087e+12 1.55481204497e+29 8.83821990882e+12
8 8.26514175087e+12 1.53905749853e+29 8.7928696953e+12
8 8.26964175087e+12 1.73523537223e+29 8.72740484401e+12
8 8.27414175087e+12 1.71591294624e+29 8.68875853854e+12
8 8.27864175087e+12 1.69620358196e+29 8.63716387126e+12
8 8.28314175087e+12 1.67263677625e+29 8.56874504454e+12
8 8.28764175087e+12 1.65377471346e+29 8.52466780597e+12
8 8.29214175087e+12 1.63719451015e+29 8.47848049364e+12
8 8.29664175087e+12 1.61811979659e+29 8.42418108494e+12
8 8.30114175087e+12 1.59867037038e+29 8.36857900283e+12
8 8.30564175087e+12 1.57801643842e+29 8.31313667748e+12
8 8.31014175087e+12 1.5560819892e+29 8.2395890995e+12
8 8.31464175087e+12 1.53895654181e+29 8.19409477715e+12
8 8.31964175087e+12 1.71073346627e+29 8.13539076543e+12
8 8.32464175087e+12 1.68726380807e+29 8.07117843544e+12
8 8.32964175087e+12 1.66114541738e+29 7.98913356874e+12
8 8.33464175087e+12 1.63897653386e+29 7.93367663889e+12
8 8.33964175087e+12 1.61940274455e+29 7.87499269825e+12
8 8.34464175087e+12 1.59707462585e+29 7.80866044961e+12
8 8.34964175087e+12 1.57206110238e+29 7.72451463124e+12
8 8.35464175087e+12 1.55051361917e+29 7.66616087402e+12
8 8.35964175087e+12 1.53173311328e+29 7.60535005153e+12
8 8.36514175087e+12 1.67621052593e+29 7.52869824604e+12
8 8.37064175087e+12 1.65048243076e+29 7.45152898338e+12
8 8.37614175087e+12 1.62320797523e+29 7.37219614744e+12
8 8.38164175087e+12 1.5964884447e+29 7.2767538246e+12
8 8.38714175087e+12 1.57421813962e+29 7.21047220247e+12
8 8.39264175087e+12 1.55040665798e+29 7.12754988465e+12
8 8.39864175087e+12 1.67398827619e+29 7.01721213051e+12
8 8.40464175087e+12 1.64675159178e+29 6.94113606153e+12
8 8.41064175087e+12 1.62053566233e+29 6.8460781486e+12
8 8.41664175087e+12 1.59283606538e+29 6.74908058639e+12
8 8.42264175087e+12 1.56544614018e+29 6.65061691836e+12
8 8.42864175087e+12 1.53616353661e+29 6.53518157187e+12
8 8.43514175087e+12 1.64479471606e+29 6.44097860208e+12
8 8.44164175087e+12 1.61599220304e+29 6.33121984853e+12
8 8.44814175087e+12 1.58362981377e+29 6.21845864942e+12
8 8.45464175087e+12 1.55315038322e+29 6.09622183396e+12
8 8.46164175087e+12 1.65040083256e+29 5.97815805687e+12
8 8.46864175087e+12 1.6150784683e+29 5.84715105778e+12
8 8.47564175087e+12 1.58190440398e+29 5.71257358046e+12
8 8.48264175087e+12 1.55141833076e+29 5.57870756688e+12
8 8.49014175087e+12 1.63434396336e+29 5.42811060523e+12
8 8.49764175087e+12 1.59871191249e+29 5.27358777052e+12
8 8.50514175087e+12 1.56385751268e+29 5.11497244071e+12
8 8.51264175087e+12 1.5298173933e+29 4.95301396655e+12
8 8.52064175087e+12 1.60120622573e+29 4.77565072587e+12
8 8.52864175087e+12 1.5643452403e+29 4.59379291937e+12
8 8.53664175087e+12 1.52863595357e+29 4.40677405849e+12
8 8.54514175087e+12 1.5916653444e+29 4.20219198365e+12
8 8.55364175087e+12 1.55456065396e+29 3.98992576108e+12
8 8.56264175087e+12 1.61215768353e+29 3.75721538578e+12
8 8.57164175087e+12 1.57559529408e+29 3.51656335267e+12
8 8.58064175087e+12 1.54363780363e+29 3.26596307569e+12
8 8.59014175087e+12 1.60489961246e+29 2.98808383402e+12
8 8.59964175087e+12 1.58708494115e+29 2.70506075116e+12
8 8.60914175087e+12 1.59961194677e+29 2.42420506995e+12
8 8.61814175087e+12 1.59366737683e+29 2.15652803395e+12
8 8.62664175087e+12 1.59477274832e+29 2.00196594611e+12
8 8.63514175087e+12 1.59966530804e+29 1.94867590089e+12
8 8.64364175087e+12 1.53784789694e+29 1.91135268038e+12
8 8.65264175087e+12 1.55357950942e+29 1.86881946435e+12
8 8.66214175087e+12 1.54801174807e+29 1.82637082159e+12
8 8.67264175087e+12 1.54746722923e+29 1.79274238054e+12
#
#
# runtime:  3526.98436809  seconds
