## fname /avatar/mjoyce/MESA2HYDRO/data/sample_MESA_output/profile_agb_timmes_logE.data  masscut 0.95    N 8   mp (Ms) 1e-06   mp (g) 1.988e+27   stepsize 1.0000000e+10
#N    (ru+rl)/2 (cm)    Mcontained in shell ru-rl     u(rmid)
8 6437798000870.186 0 19669811458827.723
8 6443266750870.186 0 19635064399347.496
8 6448891750870.186 0 19600711412632.906
8 6454516750870.186 0 19566752473973.906
8 6460141750870.186 0 19532728705885.35
8 6465766750870.186 0 19532728705885.35
8 6471391750870.186 0 19498639122950.758
8 6477016750870.186 0 19464930480882.55
8 6482641750870.186 0 19431606582063.383
8 6488266750870.186 0 19398216439345.22
8 6493891750870.186 0 19364758366140.566
8 6499516750870.186 0 19331671579970.355
8 6505141750870.186 0 19331671579970.355
8 6510766750870.186 0 19298958937199.84
8 6516391750870.186 0 19266175584261.66
8 6522016750870.186 0 19233318679687.984
8 6527641750870.186 0 19200819837027.79
8 6533266750870.186 0 19168681509089.598
8 6538891750870.186 0 19168681509089.598
8 6544516750870.186 0 19136465665268.418
8 6550141750870.186 0 19104169983062.98
8 6555766750870.186 0 19072221019828.15
8 6561391750870.186 0 19040621449567.01
8 6567016750870.186 0 19008939236050.844
8 6572641750870.186 0 18977171928615.05
8 6578266750870.186 0 18977171928615.05
8 6583891750870.186 0 18945740488107.824
8 6589516750870.186 0 18914647511168.02
8 6595141750870.186 0 18883466499776.645
8 6600923000870.186 0 18852194914322.387
8 6607016750870.186 0 18821249118271.62
8 6613266750870.186 0 18790632283380.47
8 6619516750870.186 0 18759923546348.95
8 6625766750870.186 0 18729120489039.047
8 6632016750870.186 0 18698634139929.992
8 6638266750870.186 0 18668467028510.54
8 6644516750870.186 0 18638202597926.625
8 6650766750870.186 0 18607837881268.703
8 6657016750870.186 0 18577779117058.344
8 6663266750870.186 0 18548028671574.027
8 6669516750870.186 0 18518174230983.676
8 6675766750870.186 0 18488212496238.215
8 6682016750870.186 0 18458545633706.605
8 6688266750870.186 0 18429176177633.723
8 6694516750870.186 0 18399696023331.633
8 6700766750870.186 0 18370102302864.168
8 6707016750870.186 0 18340794262943.152
8 6713266750870.186 0 18311775177594.637
8 6719516750870.186 0 18282641157603.87
8 6725766750870.186 0 18253389952418.31
8 6732016750870.186 0 18224418233137.695
8 6738266750870.186 0 18195729893464.758
8 6744829250870.186 0 18166924750172.945
8 6751704250870.186 0 18138000629650.742
8 6758579250870.186 0 18109350911745.188
8 6765454250870.186 0 18080978841134.066
8 6772329250870.186 0 18052486474075.586
8 6779204250870.186 0 17995521137157.703
8 6786079250870.186 0 17967440284745.91
8 6792954250870.186 0 17939232136016.094
8 6799829250870.186 0 17910892629066.07
8 6806704250870.186 0 17882807892665.84
8 6813579250870.186 0 17854979364856.02
8 6820454250870.186 0 17827012674491.594
8 6827329250870.186 0 17771036714825.234
8 6834204250870.186 0 17743415385279.516
8 6841079250870.186 0 17715647926222.832
8 6847954250870.186 0 17687731011657.86
8 6855141750870.186 0 17646360454126.695
8 6862641750870.186 0 17605019382285.83
8 6870141750870.186 0 17577274142168.842
8 6877641750870.186 0 17536142947807.65
8 6885141750870.186 0 17536142947807.65
8 6892641750870.186 0 17481252475730.27
8 6900141750870.186 0 17426471755806.453
8 6907641750870.186 0 17426471755806.453
8 6915141750870.186 0 17371793381983.691
8 6922641750870.186 0 17371793381983.691
8 6930141750870.186 0 17317191584974.762
8 6937641750870.186 0 17262658297586.43
8 6945141750870.186 0 17262658297586.43
8 6952641750870.186 0 17208157877730.764
8 6960141750870.186 0 17153675140980.549
8 6967954250870.186 0 17112692457223.338
8 6976079250870.186 0 17085635580474.79
8 6984204250870.186 0 17030921213399.717
8 6992329250870.186 0 16990115873320.66
8 7000454250870.186 0 16990115873320.66
8 7008579250870.186 0 16935533004588.127
8 7016704250870.186 0 16880888167809.04
8 7025141750870.186 0 16826174674330.924
8 7033891750870.186 0 16826174674330.924
8 7042641750870.186 0 16771374132888.906
8 7051391750870.186 0 16716485362546.037
8 7060141750870.186 0 16661495926598.414
8 7068891750870.186 0 16606407327530.252
8 7077641750870.186 0 16564911793085.49
8 7086391750870.186 0 16537480670709.193
8 7095141750870.186 0 16495880910875.074
8 7103891750870.186 0 16440428786083.191
8 7112641750870.186 0 16384844699361.807
8 7121704250870.186 0 16384844699361.807
8 7131079250870.186 0 16329114214149.857
8 7140454250870.186 0 16273237899434.895
8 7150141750870.186 0 16217206452198.057
8 7160141750870.186 0 16161027734801.309
8 7170141750870.186 0 16104688962079.707
8 7180141750870.186 0 16048190396448.158
8 7190141750870.186 0 15977396898242.365
8 7200141750870.186 0 15934644223842.592
8 7210141750870.186 0 15877555739540.873
8 7220141750870.186 0 15820270983728.666
8 7230454250870.186 0 15762812574749.95
8 7241079250870.186 0 15705220468636.799
8 7252016750870.186 0 15647500678504.285
8 7263266750870.186 0 15589678293933.256
8 7274516750870.186 0 15531741191744.95
8 7285766750870.186 0 15473699460914.787
8 7297016750870.186 0 15401021446551.846
8 7308266750870.186 0 15357283472442.629
8 7319829250870.186 0 15298948033165.486
8 7332016750870.186 0 15240576707746.295
8 7344516750870.186 0 15182167970286.242
8 7357016750870.186 0 15065338340065.596
8 7369516750870.186 0 15006941963472.479
8 7382016750870.186 0 14948547249183.191
8 7395141750870.186 0 14890156319090.385
8 7408891750870.186 0 14816773261990.979
8 7422641750870.186 0 14714652301245.559
8 7436391750870.186 0 14655943284965.031
8 7450766750870.186 0 14597106998659.348
8 7465766750870.186 0 14478915872939.104
8 7480766750870.186 0 14419596887897.14
8 7495766750870.186 0 14315369802928.037
8 7510766750870.186 0 14241410736059.676
8 7526391750870.186 0 14122880127526.322
8 7542641750870.186 0 14063834763888.873
8 7559516750870.186 0 13946089472143.229
8 7577016750870.186 0 13887259275933.979
8 7594516750870.186 0 13769489145436.402
8 7612016750870.186 0 13651686430869.572
8 7630141750870.186 0 13592799424069.15
8 7649516750870.186 0 13474844056537.61
8 7669516750870.186 0 13356088268389.135
8 7689516750870.186 0 13235811136033.637
8 7710766750870.186 0 13098029241433.15
8 7733266750870.186 0 12989021415547.324
8 7755766750870.186 0 12846530333124.605
8 7779516750870.186 0 12717097323790.074
8 7804516750870.186 0 12543611913529.262
8 7829516750870.186 0 12422458336759.834
8 7855766750870.186 0 12250182984708.754
8 7884516750870.186 0 12037400983225.053
8 7914516750870.186 0 11842497509879.803
8 7945766750870.186 0 11621497767707.97
8 7979516750870.186 0 11384563092053.896
8 8017016750870.186 0 11090116494613.49
8 8057016750870.186 0 10796805580813.05
8 8099516750870.186 0 10428140249847.959
8 8147016750870.186 0 10023760014902.37
8 8202016750870.186 0 9491505070413.305
8 8267016750870.186 0 8778657552877.648
8 8347016750870.186 0 7778645396785.446
8 8447016750870.186 0 6218693462474.015
8 8577016750870.186 0 3396454652877.928
8 8672016750870.186 0 1794573045848.028
#
#
# runtime:  3427.97327805  seconds
