## fname ../data/sample_MESA_output/profile_agb_timmes_logE.data  masscut 0.9551181680389178    N 8   mp (Ms) 5e-07   mp (g) 9.94e+26   stepsize 1.0000000e+10
#N    (ru+rl)/2 (cm)    Mcontained in shell ru-rl     u(rmid)
8 6524226371231.073 7.60160422584e+29 19233318679687.984
8 6527038871231.073 7.58747959587e+29 19200819837027.79
8 6529851371231.073 7.57340463547e+29 19200819837027.79
8 6532663871231.073 7.55956512551e+29 19200819837027.79
8 6535495902481.073 7.65042321963e+29 19168681509089.598
8 6538347464981.073 7.63622602587e+29 19168681509089.598
8 6541199027481.073 7.62201681235e+29 19136465665268.418
8 6544050589981.073 7.60782285024e+29 19136465665268.418
8 6546921683731.073 7.69756591198e+29 19104169983062.98
8 6549812308731.073 7.68291199156e+29 19104169983062.98
8 6552702933731.073 7.66808559356e+29 19072221019828.15
8 6555593558731.073 7.65325391613e+29 19072221019828.15
8 6558484183731.073 7.63867343695e+29 19072221019828.15
8 6561374808731.073 7.62411805815e+29 19040621449567.01
8 6564265433731.073 7.60958857549e+29 19040621449567.01
8 6567156058731.073 7.59505482012e+29 19008939236050.844
8 6570046683731.073 7.58052560054e+29 19008939236050.844
8 6572937308731.073 7.56601420183e+29 18977171928615.05
8 6575847464981.073 7.65337287857e+29 18977171928615.05
8 6578777152481.073 7.63820481682e+29 18945740488107.824
8 6581706839981.073 7.62302766804e+29 18945740488107.824
8 6584656058731.073 7.70944364686e+29 18945740488107.824
8 6587624808731.073 7.69414379837e+29 18914647511168.02
8 6590593558731.073 7.67887077942e+29 18914647511168.02
8 6593562308731.073 7.6635856557e+29 18883466499776.645
8 6596531058731.073 7.64831596303e+29 18883466499776.645
8 6599499808731.073 7.63304783283e+29 18852194914322.387
8 6602468558731.073 7.61765975693e+29 18852194914322.387
8 6605437308731.073 7.6021067105e+29 18821249118271.62
8 6608406058731.073 7.58662075909e+29 18821249118271.62
8 6611374808731.073 7.57136809025e+29 18790632283380.47
8 6614363089981.073 7.65542784114e+29 18790632283380.47
8 6617370902481.073 7.63979074087e+29 18759923546348.95
8 6620378714981.073 7.62413218062e+29 18759923546348.95
8 6623406058731.073 7.70721052482e+29 18759923546348.95
8 6626452933731.073 7.69113426393e+29 18729120489039.047
8 6629499808731.073 7.67485520057e+29 18729120489039.047
8 6632546683731.073 7.65849635413e+29 18698634139929.992
8 6635593558731.073 7.64237500235e+29 18698634139929.992
8 6638640433731.073 7.6263297299e+29 18668467028510.54
8 6641687308731.073 7.61030050245e+29 18668467028510.54
8 6644734183731.073 7.59426248215e+29 18638202597926.625
8 6647781058731.073 7.57823430347e+29 18638202597926.625
8 6650827933731.073 7.56220382883e+29 18607837881268.703
8 6653894339981.073 7.64266236717e+29 18607837881268.703
8 6656980277481.073 7.62590040298e+29 18577779117058.344
8 6660085746231.073 7.70549600981e+29 18577779117058.344
8 6663210746231.073 7.68864076923e+29 18548028671574.027
8 6666335746231.073 7.67178237714e+29 18548028671574.027
8 6669460746231.073 7.65493019612e+29 18518174230983.676
8 6672585746231.073 7.63807262756e+29 18518174230983.676
8 6675710746231.073 7.62122266574e+29 18488212496238.215
8 6678835746231.073 7.60423372655e+29 18488212496238.215
8 6681960746231.073 7.5870550933e+29 18458545633706.605
8 6685085746231.073 7.57000320891e+29 18458545633706.605
8 6688230277481.073 7.64745925921e+29 18429176177633.723
8 6691394339981.073 7.63017850173e+29 18429176177633.723
8 6694577933731.073 7.70678064675e+29 18399696023331.633
8 6697781058731.073 7.68907112512e+29 18399696023331.633
8 6700984183731.073 7.67136277501e+29 18370102302864.168
8 6704187308731.073 7.65347714958e+29 18370102302864.168
8 6707390433731.073 7.63541919891e+29 18340794262943.152
8 6710593558731.073 7.61756649243e+29 18340794262943.152
8 6713796683731.073 7.59984800217e+29 18311775177594.637
8 6716999808731.073 7.58213791073e+29 18311775177594.637
8 6720202933731.073 7.56441454369e+29 18282641157603.87
8 6723425589981.073 7.63862637414e+29 18282641157603.87
8 6726667777481.073 7.62044588728e+29 18253389952418.31
8 6729929496231.073 7.69350343775e+29 18253389952418.31
8 6733210746231.073 7.67456888204e+29 18224418233137.695
8 6736491996231.073 7.65592040036e+29 18195729893464.758
8 6739773246231.073 7.63730566884e+29 18195729893464.758
8 6743054496231.073 7.61870539207e+29 18166924750172.945
8 6746335746231.073 7.60008658136e+29 18166924750172.945
8 6749616996231.073 7.58147871673e+29 18138000629650.742
8 6752898246231.073 7.56272681919e+29 18138000629650.742
8 6756199027481.073 7.63344255305e+29 18109350911745.188
8 6759538871231.073 7.70365990162e+29 18109350911745.188
8 6762898246231.073 7.68413015882e+29 18080978841134.066
8 6766257621231.073 7.6646061255e+29 18080978841134.066
8 6769616996231.073 7.64506429626e+29 18052486474075.586
8 6772976371231.073 7.62553379694e+29 18023870677530.17
8 6776335746231.073 7.60591556064e+29 18023870677530.17
8 6779695121231.073 7.58602601933e+29 17995521137157.703
8 6783054496231.073 7.56621321037e+29 17995521137157.703
8 6786433402481.073 7.63428518114e+29 17967440284745.91
8 6789851371231.073 7.70166674647e+29 17967440284745.91
8 6793288871231.073 7.68116941554e+29 17939232136016.094
8 6796726371231.073 7.66067629083e+29 17939232136016.094
8 6800163871231.073 7.64010648897e+29 17910892629066.07
8 6803601371231.073 7.61924589426e+29 17882807892665.84
8 6807038871231.073 7.59845065225e+29 17882807892665.84
8 6810476371231.073 7.57791351677e+29 17854979364856.02
8 6813933402481.073 7.64313792249e+29 17854979364856.02
8 6817429496231.073 7.70763809618e+29 17827012674491.594
8 6820945121231.073 7.68614355626e+29 17798903409233.82
8 6824460746231.073 7.66453525689e+29 17798903409233.82
8 6827976371231.073 7.64262692335e+29 17771036714825.234
8 6831491996231.073 7.62088492673e+29 17771036714825.234
8 6835007621231.073 7.59933934259e+29 17743415385279.516
8 6838523246231.073 7.57779251405e+29 17743415385279.516
8 6842058402481.073 7.64005954449e+29 17715647926222.832
8 6845632621231.073 7.70159836502e+29 17687731011657.86
8 6849226371231.073 7.6825959266e+29 17687731011657.86
8 6852820121231.073 7.66747186666e+29 17687731011657.86
8 6856413871231.073 7.65230480114e+29 17646360454126.695
8 6860007621231.073 7.63099836072e+29 17646360454126.695
8 6863601371231.073 7.59408259495e+29 17605019382285.83
8 6867195121231.073 7.56535538383e+29 17605019382285.83
8 6870827933731.073 7.7073044717e+29 17577274142168.842
8 6874499808731.073 7.6903420681e+29 17577274142168.842
8 6878171683731.073 7.6744125685e+29 17536142947807.65
8 6881843558731.073 7.65802770915e+29 17536142947807.65
8 6885515433731.073 7.63615125588e+29 17536142947807.65
8 6889187308731.073 7.61251335965e+29 17481252475730.27
8 6892859183731.073 7.58880843913e+29 17481252475730.27
8 6896531058731.073 7.56484547553e+29 17481252475730.27
8 6900241996231.073 7.70088521411e+29 17426471755806.453
8 6903991996231.073 7.67564308156e+29 17426471755806.453
8 6907741996231.073 7.65067934912e+29 17426471755806.453
8 6911491996231.073 7.6259116877e+29 17371793381983.691
8 6915241996231.073 7.60107673023e+29 17371793381983.691
8 6918991996231.073 7.57600984388e+29 17371793381983.691
8 6922781058731.073 7.70774040208e+29 17371793381983.691
8 6926609183731.073 7.68129604775e+29 17317191584974.762
8 6930437308731.073 7.65509358787e+29 17317191584974.762
8 6934265433731.073 7.62913271781e+29 17262658297586.43
8 6938093558731.073 7.6031004873e+29 17262658297586.43
8 6941921683731.073 7.57681603378e+29 17262658297586.43
8 6945788871231.073 7.70409118441e+29 17208157877730.764
8 6949695121231.073 7.67638780962e+29 17208157877730.764
8 6953601371231.073 7.64898963984e+29 17208157877730.764
8 6957507621231.073 7.62178089064e+29 17153675140980.549
8 6961413871231.073 7.59419090945e+29 17153675140980.549
8 6965359183731.073 7.7049476896e+29 17153675140980.549
8 6969343558731.073 7.66274102991e+29 17112692457223.338
8 6973327933731.073 7.63370914427e+29 17085635580474.79
8 6977312308731.073 7.6051386092e+29 17058379938323.197
8 6981296683731.073 7.57653347204e+29 17058379938323.197
8 6985320121231.073 7.6969810742e+29 17030921213399.717
8 6989382621231.073 7.67561313422e+29 17030921213399.717
8 6993445121231.073 7.65518664967e+29 16990115873320.66
8 6997507621231.073 7.63171135568e+29 16990115873320.66
8 7001570121231.073 7.60211021864e+29 16990115873320.66
8 7005632621231.073 7.572251931e+29 16935533004588.127
8 7009734183731.073 7.68682650125e+29 16935533004588.127
8 7013874808731.073 7.6551987298e+29 16880888167809.04
8 7018015433731.073 7.62353177681e+29 16880888167809.04
8 7022156058731.073 7.59231136613e+29 16880888167809.04
8 7026335746231.073 7.70350691116e+29 16826174674330.924
8 7030554496231.073 7.67094632588e+29 16826174674330.924
8 7034773246231.073 7.6379740323e+29 16826174674330.924
8 7038991996231.073 7.60489108132e+29 16771374132888.906
8 7043210746231.073 7.5721681525e+29 16771374132888.906
8 7047468558731.073 7.67897147726e+29 16716485362546.037
8 7051765433731.073 7.64508504328e+29 16716485362546.037
8 7056062308731.073 7.61075479026e+29 16716485362546.037
8 7060359183731.073 7.57626803027e+29 16661495926598.414
8 7064695121231.073 7.67887454722e+29 16661495926598.414
8 7069070121231.073 7.64374530279e+29 16606407327530.252
8 7073445121231.073 7.60611131756e+29 16606407327530.252
8 7077859183731.073 7.68577758e+29 16564911793085.49
8 7082312308731.073 7.6419355248e+29 16537480670709.193
8 7086765433731.073 7.61119964635e+29 16537480670709.193
8 7091218558731.073 7.58610276601e+29 16495880910875.074
8 7095710746231.073 7.69143382253e+29 16495880910875.074
8 7100241996231.073 7.65410823702e+29 16495880910875.074
8 7104773246231.073 7.61546083245e+29 16440428786083.191
8 7109304496231.073 7.57729981922e+29 16440428786083.191
8 7113874808731.073 7.66899490651e+29 16384844699361.807
8 7118484183731.073 7.62944756128e+29 16384844699361.807
8 7123093558731.073 7.58946679808e+29 16329114214149.857
8 7127741996231.073 7.67707574552e+29 16329114214149.857
8 7132429496231.073 7.63634562436e+29 16329114214149.857
8 7137116996231.073 7.5956269427e+29 16273237899434.895
8 7141843558731.073 7.68005293194e+29 16273237899434.895
8 7146609183731.073 7.63723640329e+29 16217206452198.057
8 7151374808731.073 7.59473551813e+29 16217206452198.057
8 7156179496231.073 7.67619981445e+29 16161027734801.309
8 7161023246231.073 7.632578057e+29 16161027734801.309
8 7165866996231.073 7.58848992645e+29 16104688962079.707
8 7170749808731.073 7.66568678218e+29 16104688962079.707
8 7175671683731.073 7.62087271948e+29 16104688962079.707
8 7180632621231.073 7.69451371255e+29 16048190396448.158
8 7185632621231.073 7.62713776371e+29 16005574212909.916
8 7190632621231.073 7.57227450347e+29 15977396898242.365
8 7195671683731.073 7.6527617156e+29 15977396898242.365
8 7200749808731.073 7.61974799708e+29 15934644223842.592
8 7205866996231.073 7.69459128425e+29 15934644223842.592
8 7211023246231.073 7.64490396361e+29 15877555739540.873
8 7216179496231.073 7.59574282286e+29 15877555739540.873
8 7221374808731.073 7.66107594883e+29 15820270983728.666
8 7226609183731.073 7.61060489639e+29 15820270983728.666
8 7231882621231.073 7.67219096291e+29 15762812574749.95
8 7237195121231.073 7.62028286941e+29 15762812574749.95
8 7242507621231.073 7.56902211415e+29 15705220468636.799
8 7247859183731.073 7.6275958706e+29 15705220468636.799
8 7253288871231.073 7.68345979857e+29 15647500678504.285
8 7258757621231.073 7.62898651817e+29 15647500678504.285
8 7264226371231.073 7.57513388014e+29 15589678293933.256
8 7269734183731.073 7.62795844787e+29 15589678293933.256
8 7275320121231.073 7.67808699574e+29 15531741191744.95
8 7280945121231.073 7.62127057571e+29 15531741191744.95
8 7286570121231.073 7.5635877519e+29 15473699460914.787
8 7292273246231.073 7.69002189612e+29 15429911975097.281
8 7298054496231.073 7.62478874362e+29 15401021446551.846
8 7303835746231.073 7.58085865912e+29 15357283472442.629
8 7309656058731.073 7.63767665277e+29 15357283472442.629
8 7315554496231.073 7.67862071789e+29 15298948033165.486
8 7321491996231.073 7.6163849066e+29 15298948033165.486
8 7327468558731.073 7.65415662448e+29 15240576707746.295
8 7333523246231.073 7.68911670801e+29 15240576707746.295
8 7339616996231.073 7.62402089943e+29 15182167970286.242
8 7345710746231.073 7.5601842733e+29 15182167970286.242
8 7351882621231.073 7.6878848022e+29 15123758255766.814
8 7358132621231.073 7.620473065e+29 15065338340065.596
8 7364421683731.073 7.64775763635e+29 15065338340065.596
8 7370788871231.073 7.6734899826e+29 15006941963472.479
8 7377195121231.073 7.60398013581e+29 15006941963472.479
8 7383640433731.073 7.62608174711e+29 14948547249183.191
8 7390163871231.073 7.64706129402e+29 14890156319090.385
8 7396765433731.073 7.64362619465e+29 14846001044264.205
8 7403445121231.073 7.64867927569e+29 14816773261990.979
8 7410163871231.073 7.59316856691e+29 14773231061650.096
8 7416960746231.073 7.70736118642e+29 14773231061650.096
8 7423835746231.073 7.6314718867e+29 14714652301245.559
8 7430749808731.073 7.64045868748e+29 14655943284965.031
8 7437741996231.073 7.64740546629e+29 14655943284965.031
8 7444773246231.073 7.56946345741e+29 14597106998659.348
8 7451882621231.073 7.6567564497e+29 14538089119334.162
8 7459070121231.073 7.57563872775e+29 14538089119334.162
8 7466335746231.073 7.65800403308e+29 14478915872939.104
8 7473679496231.073 7.57444206642e+29 14419596887897.14
8 7481101371231.073 7.6504118588e+29 14419596887897.14
8 7488601371231.073 7.55787001212e+29 14360215231197.436
8 7496179496231.073 7.60044630016e+29 14285891275437.82
8 7503913871231.073 7.68285856471e+29 14285891275437.82
8 7511726371231.073 7.61076108817e+29 14241410736059.676
8 7519616996231.073 7.67075889339e+29 14182075184792.674
8 7527585746231.073 7.57916876654e+29 14122880127526.322
8 7535632621231.073 7.63357633368e+29 14122880127526.322
8 7543835746231.073 7.68329405293e+29 14063834763888.873
8 7552116996231.073 7.58713405079e+29 14004942491630.281
8 7560476371231.073 7.63120310853e+29 13946089472143.229
8 7568991996231.073 7.67189424671e+29 13887259275933.979
8 7577663871231.073 7.70764059033e+29 13887259275933.979
8 7586413871231.073 7.60381479667e+29 13828380978613.088
8 7595241996231.073 7.62392019444e+29 13769489145436.402
8 7604226371231.073 7.62638269761e+29 13695765487034.568
8 7613366996231.073 7.67411155272e+29 13651686430869.572
8 7622663871231.073 7.70059832285e+29 13592799424069.15
8 7632038871231.073 7.58861055341e+29 13533888645818.418
8 7641491996231.073 7.60149444668e+29 13533888645818.418
8 7651101371231.073 7.60973365128e+29 13474844056537.61
8 7660866996231.073 7.61452527671e+29 13415620731890.934
8 7670788871231.073 7.61405390461e+29 13356088268389.135
8 7680866996231.073 7.61056553031e+29 13296190369222.775
8 7691101371231.073 7.60160540342e+29 13235811136033.637
8 7701570121231.073 7.69334505164e+29 13174935744582.41
8 7712273246231.073 7.64554492725e+29 13098029241433.15
8 7723132621231.073 7.65013760613e+29 13051522040744.326
8 7734148246231.073 7.62578363634e+29 12989021415547.324
8 7745320121231.073 7.58234002881e+29 12926035991058.332
8 7756726371231.073 7.62067928383e+29 12846530333124.605
8 7768445121231.073 7.69011995117e+29 12798311092281.025
8 7780398246231.073 7.62004816724e+29 12717097323790.074
8 7792507621231.073 7.58632898769e+29 12668892123196.46
8 7804851371231.073 7.611652831e+29 12543611913529.262
8 7817507621231.073 7.59480201774e+29 12467158813845.799
8 7830476371231.073 7.62582947617e+29 12422458336759.834
8 7843757621231.073 7.62068969999e+29 12306420394925.66
8 7857351371231.073 7.6006417599e+29 12250182984708.754
8 7871257621231.073 7.56937486277e+29 12141375246166.787
8 7885632621231.073 7.68816486304e+29 12037400983225.053
8 7900476371231.073 7.60744745264e+29 11925515832906.285
8 7915788871231.073 7.70267778595e+29 11842497509879.803
8 7931570121231.073 7.60846230318e+29 11751344840709.145
8 7947820121231.073 7.64551043052e+29 11621497767707.97
8 7964695121231.073 7.65799841759e+29 11499338634333.254
8 7982195121231.073 7.64645376489e+29 11347636895226.846
8 8000320121231.073 7.61777545856e+29 11237222075545.29
8 8019226371231.073 7.6908370371e+29 11090116494613.49
8 8038913871231.073 7.58842753196e+29 10943430955346.63
8 8059538871231.073 7.69739389499e+29 10760094422222.777
8 8081257621231.073 7.64778163559e+29 10575986709112.744
8 8103913871231.073 7.56223358447e+29 10391142632019.125
8 8127820121231.073 7.62926511245e+29 10169607946208.887
8 8153288871231.073 7.63813047489e+29 9970110448386.246
8 8180476371231.073 7.65727315346e+29 9667861812859.457
8 8209538871231.073 7.58985786195e+29 9386872625231.682
8 8240788871231.073 7.58910647184e+29 9049354013217.523
8 8274851371231.073 7.61773212479e+29 8686089459060.213
8 8312351371231.073 7.61916106432e+29 8227441915568.15
8 8354226371231.073 7.65641390536e+29 7694129961294.968
8 8401726371231.073 7.63846734139e+29 6999042993453.458
8 8456413871231.073 7.5657384381e+29 6073151442759.142
8 8521413871231.073 7.59414467123e+29 4731620877327.672
8 8627038871231.073 0.0 1999662078150.179
#
#
# runtime:  23937.244602  seconds
