## fname /home/mjoyce/UCT_SAAO/research/MESA2HYDRO/data/sample_MESA_output/profile_mainsequence_logE.data  masscut 0.9832621098341146    N 8   mp (Ms) 1e-07   mp (g) 1.988e+26   stepsize 1.0000000e+08
#N    (ru+rl)/2 (cm)    Mcontained in shell ru-rl     u(rmid)
8 52836985702.89638 1.52715912738e+29 386768540555151.5
8 52869798202.89638 1.52334100923e+29 386768540555151.5
8 52902610702.89638 1.51950987585e+29 386768540555151.5
8 52935423202.89638 1.51566571402e+29 380430917840439.9
8 52968235702.89638 1.51180851053e+29 380430917840439.9
8 53001243515.39638 1.52586653375e+29 380430917840439.9
8 53034641952.89638 1.53977296371e+29 380430917840439.9
8 53068235702.89638 1.53575567697e+29 380430917840439.9
8 53101829452.89638 1.53175572243e+29 380430917840439.9
8 53135423202.89638 1.52774195023e+29 380430917840439.9
8 53169016952.89638 1.52371434611e+29 374223394988909.56
8 53202610702.89638 1.51967289578e+29 374223394988909.56
8 53236204452.89638 1.51561758498e+29 374223394988909.56
8 53269798202.89638 1.51156714774e+29 374223394988909.56
8 53303587265.39638 1.5250810648e+29 374223394988909.56
8 53337766952.89638 1.53844697255e+29 374223394988909.56
8 53372141952.89638 1.53424482757e+29 374223394988909.56
8 53406516952.89638 1.53002801936e+29 368141909409773.75
8 53440891952.89638 1.52579653251e+29 368141909409773.75
8 53475266952.89638 1.52155328627e+29 368141909409773.75
8 53509641952.89638 1.51736456598e+29 368141909409773.75
8 53544016952.89638 1.51319054277e+29 368141909409773.75
8 53578587265.39638 1.52612566601e+29 368141909409773.75
8 53613548202.89638 1.53890112669e+29 362181673285914.2
8 53648704452.89638 1.53448921869e+29 362181673285914.2
8 53683860702.89638 1.53006187792e+29 362181673285914.2
8 53719016952.89638 1.52567565841e+29 362181673285914.2
8 53754173202.89638 1.52132165478e+29 362181673285914.2
8 53789329452.89638 1.51695233634e+29 362181673285914.2
8 53824485702.89638 1.51256768677e+29 356338675036438.1
8 53860032577.89638 1.54163243447e+29 356338675036438.1
8 53895970077.89638 1.53701834961e+29 356338675036438.1
8 53931907577.89638 1.53244413457e+29 356338675036438.1
8 53967845077.89638 1.52790357728e+29 356338675036438.1
8 54003782577.89638 1.52334683899e+29 356338675036438.1
8 54039720077.89638 1.5187739022e+29 350611243983285.7
8 54075657577.89638 1.51418474939e+29 350611243983285.7
8 54111790390.39638 1.52596434027e+29 350611243983285.7
8 54148313827.89638 1.53764568011e+29 350611243983285.7
8 54185032577.89638 1.53291204641e+29 350611243983285.7
8 54221751327.89638 1.52816133487e+29 350611243983285.7
8 54258470077.89638 1.5233935267e+29 344997672480754.94
8 54295188827.89638 1.5186086031e+29 344997672480754.94
8 54331907577.89638 1.5138215082e+29 344997672480754.94
8 54369016952.89638 1.5411542749e+29 344997672480754.94
8 54406516952.89638 1.53622100984e+29 344997672480754.94
8 54444016952.89638 1.53126973993e+29 339495064936657.6
8 54481516952.89638 1.52630044507e+29 339495064936657.6
8 54519016952.89638 1.52131341347e+29 339495064936657.6
8 54556516952.89638 1.51636797833e+29 339495064936657.6
8 54594212265.39638 1.52717253619e+29 339495064936657.6
8 54632298202.89638 1.5378032836e+29 339495064936657.6
8 54670579452.89638 1.53264486476e+29 334099878568108.06
8 54708860702.89638 1.52746746254e+29 334099878568108.06
8 54747141952.89638 1.52230096993e+29 334099878568108.06
8 54785423202.89638 1.51719396092e+29 334099878568108.06
8 54823704452.89638 1.51207232172e+29 334099878568108.06
8 54862376327.89638 1.53763198566e+29 328809658473287.1
8 54901438827.89638 1.53225968974e+29 328809658473287.1
8 54940501327.89638 1.52688530735e+29 328809658473287.1
8 54979563827.89638 1.52157731929e+29 328809658473287.1
8 55018626327.89638 1.51626099415e+29 328809658473287.1
8 55058079452.89638 1.54108889309e+29 323622415358043.4
8 55097923202.89638 1.53551633724e+29 323622415358043.4
8 55137766952.89638 1.52994078536e+29 323622415358043.4
8 55177610702.89638 1.52443281074e+29 323622415358043.4
8 55217454452.89638 1.51891607082e+29 323622415358043.4
8 55257298202.89638 1.5133786328e+29 318535490990646.75
8 55297532577.89638 1.53732988008e+29 318535490990646.75
8 55338157577.89638 1.53155783607e+29 318535490990646.75
8 55378782577.89638 1.52585026345e+29 318535490990646.75
8 55419407577.89638 1.52012702401e+29 318535490990646.75
8 55460032577.89638 1.51438207004e+29 313545781840913.44
8 55501048202.89638 1.53757055118e+29 313545781840913.44
8 55542454452.89638 1.5316140707e+29 313545781840913.44
8 55583860702.89638 1.52570021768e+29 313545781840913.44
8 55625266952.89638 1.51976370355e+29 308650644113552.7
8 55666673202.89638 1.51380442688e+29 308650644113552.7
8 55708470077.89638 1.53622351247e+29 308650644113552.7
8 55750657577.89638 1.5300910088e+29 308650644113552.7
8 55792845077.89638 1.52395822969e+29 308650644113552.7
8 55835032577.89638 1.51780163749e+29 303848190582739.0
8 55877220077.89638 1.51162120324e+29 303848190582739.0
8 55919798202.89638 1.53329246768e+29 303848190582739.0
8 55962766952.89638 1.52695849978e+29 303848190582739.0
8 56005735702.89638 1.52059988117e+29 299136788473292.6
8 56049095077.89638 1.54168830362e+29 299136788473292.6
8 56092845077.89638 1.53507174025e+29 299136788473292.6
8 56136595077.89638 1.52852433948e+29 299136788473292.6
8 56180345077.89638 1.52195888634e+29 294514452634408.44
8 56224095077.89638 1.51536740364e+29 294514452634408.44
8 56268235702.89638 1.53564681545e+29 294514452634408.44
8 56312766952.89638 1.52887979613e+29 294514452634408.44
8 56357298202.89638 1.52210412092e+29 294514452634408.44
8 56402220077.89638 1.54182463436e+29 289978589429291.44
8 56447532577.89638 1.53476609046e+29 289978589429291.44
8 56492845077.89638 1.52778222848e+29 289978589429291.44
8 56538157577.89638 1.52079127883e+29 289978589429291.44
8 56583470077.89638 1.51377201119e+29 285526411207748.6
8 56629173202.89638 1.53265903671e+29 285526411207748.6
8 56675266952.89638 1.52545975705e+29 285526411207748.6
8 56721360702.89638 1.51824727967e+29 281155862373200.6
8 56767845077.89638 1.53655296934e+29 281155862373200.6
8 56814720077.89638 1.52906837928e+29 281155862373200.6
8 56861595077.89638 1.52165162628e+29 281155862373200.6
8 56908470077.89638 1.51420982645e+29 276865822291317.84
8 56955735702.89638 1.53178613088e+29 276865822291317.84
8 57003391952.89638 1.52410421659e+29 276865822291317.84
8 57051438827.89638 1.54125431683e+29 276865822291317.84
8 57099876327.89638 1.53332203392e+29 272655537336994.53
8 57148313827.89638 1.5253714676e+29 272655537336994.53
8 57196751327.89638 1.51749595837e+29 272655537336994.53
8 57245579452.89638 1.53389212402e+29 268523402749982.28
8 57294798202.89638 1.52571322446e+29 268523402749982.28
8 57344407577.89638 1.54159580325e+29 268523402749982.28
8 57394407577.89638 1.53323598611e+29 268523402749982.28
8 57444407577.89638 1.52484022649e+29 264467132470137.2
8 57494407577.89638 1.51643889684e+29 264467132470137.2
8 57544798202.89638 1.53161193254e+29 264467132470137.2
8 57595579452.89638 1.52299651611e+29 260484413037782.84
8 57646751327.89638 1.53758520914e+29 260484413037782.84
8 57698313827.89638 1.52875395798e+29 260484413037782.84
8 57749876327.89638 1.51991384862e+29 256573411164511.97
8 57801829452.89638 1.53386511807e+29 256573411164511.97
8 57854173202.89638 1.52478764312e+29 256573411164511.97
8 57906907577.89638 1.53827105316e+29 252732343378607.16
8 57960032577.89638 1.52888843106e+29 252732343378607.16
8 58013157577.89638 1.51956867725e+29 252732343378607.16
8 58066673202.89638 1.53240183259e+29 248959467034789.6
8 58120579452.89638 1.52277921302e+29 248959467034789.6
8 58174876327.89638 1.53508342147e+29 248959467034789.6
8 58229563827.89638 1.52525568101e+29 245253580730999.75
8 58284251327.89638 1.51539227187e+29 245253580730999.75
8 58339329452.89638 1.52704329699e+29 245253580730999.75
8 58395188827.89638 1.5382602348e+29 241613646907685.3
8 58451438827.89638 1.52787625969e+29 241613646907685.3
8 58507688827.89638 1.51757593159e+29 241613646907685.3
8 58564329452.89638 1.52810616105e+29 238038422328703.4
8 58621751327.89638 1.53821459431e+29 238038422328703.4
8 58679563827.89638 1.52737924236e+29 234526476866187.47
8 58737376327.89638 1.51649909097e+29 234526476866187.47
8 58795579452.89638 1.52596065793e+29 234526476866187.47
8 58854563827.89638 1.53497779413e+29 231076701129453.94
8 58913938827.89638 1.52356303352e+29 231076701129453.94
8 58973313827.89638 1.51222246991e+29 231076701129453.94
8 59033470077.89638 1.54018195521e+29 227687987790132.8
8 59094407577.89638 1.52826398594e+29 227687987790132.8
8 59155345077.89638 1.51634298276e+29 224358988567079.6
8 59216673202.89638 1.52364332683e+29 224358988567079.6
8 59278782577.89638 1.53054382694e+29 221088364208669.47
8 59341282577.89638 1.51804885669e+29 221088364208669.47
8 59404173202.89638 1.52438334488e+29 221088364208669.47
8 59467845077.89638 1.53021220719e+29 217874905772123.66
8 59531907577.89638 1.51722087774e+29 217874905772123.66
8 59596751327.89638 1.54074018262e+29 214717221339027.6
8 59662376327.89638 1.52715042836e+29 214717221339027.6
8 59728001327.89638 1.51356819358e+29 211613704282269.9
8 59794407577.89638 1.53557508839e+29 211613704282269.9
8 59861595077.89638 1.52140575663e+29 208562893154351.5
8 59929173202.89638 1.52471185781e+29 208562893154351.5
8 59997532577.89638 1.52755249182e+29 205563710445315.78
8 60066282577.89638 1.51282127068e+29 205563710445315.78
8 60135813827.89638 1.53199443255e+29 202615235367700.72
8 60206126327.89638 1.51666787098e+29 202615235367700.72
8 60277220077.89638 1.53454455654e+29 199716880373943.75
8 60349095077.89638 1.51861814062e+29 199716880373943.75
8 60421751327.89638 1.53518292076e+29 196868306193169.38
8 60495188827.89638 1.51864497104e+29 194069026751654.5
8 60569407577.89638 1.53389173655e+29 194069026751654.5
8 60644407577.89638 1.51672100812e+29 191317735221836.97
8 60720188827.89638 1.53065336686e+29 191317735221836.97
8 60796751327.89638 1.51283886646e+29 188612560136242.88
8 60874095077.89638 1.52543607566e+29 185951958544960.0
8 60953001327.89638 1.53695307962e+29 185951958544960.0
8 61032688827.89638 1.51784362911e+29 183335294097136.62
8 61113157577.89638 1.52801214845e+29 180762525002031.12
8 61195188827.89638 1.5370799798e+29 180762525002031.12
8 61278001327.89638 1.51664600653e+29 178233322938665.9
8 61361595077.89638 1.52433178484e+29 175746572643379.7
8 61446751327.89638 1.53091090977e+29 175746572643379.7
8 61533470077.89638 1.53637321876e+29 173300600800398.3
8 61620970077.89638 1.51389503475e+29 170894076105180.28
8 61709251327.89638 1.51794239997e+29 168526484410387.7
8 61799095077.89638 1.52086221759e+29 168526484410387.7
8 61890501327.89638 1.52263330552e+29 166197830260911.72
8 61983470077.89638 1.52325456786e+29 163907743744161.94
8 62078001327.89638 1.52271702362e+29 161655471971101.6
8 62174095077.89638 1.52101677686e+29 159440320505312.44
8 62272532577.89638 1.54202550999e+29 157261842422874.1
8 62372532577.89638 1.51367662113e+29 155119359892311.06
8 62474095077.89638 1.5314404528e+29 153011438887318.38
8 62578001327.89638 1.52412635528e+29 150936685191659.06
8 62683470077.89638 1.51560105189e+29 148894252997381.28
8 62791282577.89638 1.52744808227e+29 146884200232963.47
8 62902220077.89638 1.53664617296e+29 144906391879523.62
8 63015501327.89638 1.52254283931e+29 142960289931724.12
8 63131126327.89638 1.52732562806e+29 139160481497894.19
8 63249876327.89638 1.52939247461e+29 137306183945870.47
8 63371751327.89638 1.52869606219e+29 135481755968287.81
8 63496751327.89638 1.52519858479e+29 131919178434401.22
8 63625657577.89638 1.53692081576e+29 130179627079813.27
8 63758470077.89638 1.52666791199e+29 126782199891286.7
8 63894407577.89638 1.51355234566e+29 125123379761984.83
8 64035032577.89638 1.53024726431e+29 121882361857063.78
8 64181907577.89638 1.5405502091e+29 118741048972315.92
8 64333470077.89638 1.51404577465e+29 115698128295597.73
8 64489720077.89638 1.51367039916e+29 112748470815234.67
8 64653782577.89638 1.53440734142e+29 109887488736648.08
8 64825657577.89638 1.51800698245e+29 107113762917779.05
8 65005345077.89638 1.51983852522e+29 103110614998393.02
8 65195970077.89638 1.5342357021e+29 99287674808955.77
8 65399095077.89638 1.53290676849e+29 95633300741383.97
8 65616282577.89638 1.53608886011e+29 92145444739956.1
8 65850657577.89638 1.53691360022e+29 87727992873161.02
8 66105345077.89638 1.52809123001e+29 82568017951263.7
8 66385032577.89638 1.51693300911e+29 77779455108565.22
8 66700657577.89638 1.52673494646e+29 72472828565831.03
8 67069407577.89638 1.52395909881e+29 65325344639936.5
8 67525657577.89638 1.52807029893e+29 57134057326403.13
8 68081907577.89638 1.53021919001e+29 47599675723176.336
8 69881907577.89638 0.0 15375658296637.578
#
#
# runtime:  2669.62379599  seconds
