## fname /home/mjoyce/UCT_SAAO/research/MESA2HYDRO/data/sample_MESA_output/profile_mainsequence_logE.data  masscut 0.94    N 8   mp (Ms) 1e-07   mp (g) 1.988e+26   stepsize 8.0000000e+05
#N    (ru+rl)/2 (cm)    Mcontained in shell ru-rl     u(rmid)
8 41407946039.728714 1.60607324645e+29 660338772348221.9
8 41422346039.728714 1.60374424479e+29 660338772348221.9
8 41436746039.728714 1.60141083851e+29 660338772348221.9
8 41451146039.728714 1.59907302511e+29 660338772348221.9
8 41465546039.728714 1.5967308021e+29 660338772348221.9
8 41479946039.728714 1.59438416697e+29 660338772348221.9
8 41494346039.728714 1.59203311723e+29 660338772348221.9
8 41508746039.728714 1.58967765038e+29 660338772348221.9
8 41523146039.728714 1.58731776392e+29 660338772348221.9
8 41537546039.728714 1.58495345535e+29 660338772348221.9
8 41551946039.728714 1.58258472218e+29 652896252484949.2
8 41566346039.728714 1.58021156189e+29 652896252484949.2
8 41580746039.728714 1.577833972e+29 652896252484949.2
8 41595146039.728714 1.57545195e+29 652896252484949.2
8 41609546039.728714 1.5730654934e+29 652896252484949.2
8 41623946039.728714 1.5706745997e+29 652896252484949.2
8 41638346039.728714 1.56827926639e+29 652896252484949.2
8 41652746039.728714 1.56587949098e+29 652896252484949.2
8 41667146039.728714 1.56347527097e+29 652896252484949.2
8 41681546039.728714 1.56106660386e+29 652896252484949.2
8 41695946039.728714 1.55870930705e+29 652896252484949.2
8 41710346039.728714 1.55674894887e+29 652896252484949.2
8 41724746039.728714 1.55485346687e+29 652896252484949.2
8 41739146039.728714 1.55295425441e+29 652896252484949.2
8 41753546039.728714 1.55105130938e+29 652896252484949.2
8 41767946039.728714 1.54914462966e+29 652896252484949.2
8 41782346039.728714 1.54723421311e+29 652896252484949.2
8 41796746039.728714 1.54532005762e+29 652896252484949.2
8 41811146039.728714 1.54340216106e+29 652896252484949.2
8 41825546039.728714 1.54148052132e+29 652896252484949.2
8 41839946039.728714 1.53955513626e+29 652896252484949.2
8 41854346039.728714 1.53762600376e+29 646347694952733.0
8 41868746039.728714 1.53569312171e+29 646347694952733.0
8 41883146039.728714 1.53375648797e+29 646347694952733.0
8 41897546039.728714 1.53181610043e+29 646347694952733.0
8 41911946039.728714 1.52987195697e+29 646347694952733.0
8 41926346039.728714 1.52792405545e+29 646347694952733.0
8 41941146039.728714 1.61567799914e+29 646347694952733.0
8 41956346039.728714 1.61349229158e+29 646347694952733.0
8 41971546039.728714 1.61130214277e+29 646347694952733.0
8 41986746039.728714 1.60911000588e+29 646347694952733.0
8 42001946039.728714 1.60700896888e+29 646347694952733.0
8 42017146039.728714 1.60494757023e+29 646347694952733.0
8 42032346039.728714 1.60288192534e+29 646347694952733.0
8 42047546039.728714 1.60081203167e+29 646347694952733.0
8 42062746039.728714 1.59873788669e+29 646347694952733.0
8 42077946039.728714 1.59665948786e+29 646347694952733.0
8 42093146039.728714 1.59457683267e+29 646347694952733.0
8 42108346039.728714 1.59248991856e+29 646347694952733.0
8 42123546039.728714 1.59039874302e+29 646347694952733.0
8 42138746039.728714 1.58830330351e+29 639844781192982.9
8 42153946039.728714 1.58620359749e+29 639844781192982.9
8 42169146039.728714 1.58409962244e+29 639844781192982.9
8 42184346039.728714 1.58199137583e+29 639844781192982.9
8 42199546039.728714 1.57987885511e+29 639844781192982.9
8 42214746039.728714 1.57776205776e+29 639844781192982.9
8 42229946039.728714 1.57564098125e+29 639844781192982.9
8 42245146039.728714 1.57351562304e+29 639844781192982.9
8 42260346039.728714 1.57138598061e+29 639844781192982.9
8 42275546039.728714 1.56925205141e+29 639844781192982.9
8 42290746039.728714 1.56716034251e+29 639844781192982.9
8 42305946039.728714 1.56515364444e+29 639844781192982.9
8 42321146039.728714 1.56314440049e+29 639844781192982.9
8 42336346039.728714 1.56113105717e+29 639844781192982.9
8 42351546039.728714 1.55911361206e+29 639844781192982.9
8 42366746039.728714 1.55709206272e+29 639844781192982.9
8 42381946039.728714 1.55506640674e+29 639844781192982.9
8 42397146039.728714 1.55303664169e+