## fname /home/mjoyce/UCT_SAAO/research/MESA2HYDRO/data/sample_MESA_output/profile_mainsequence_logE.data  masscut 0.94    N 8   mp (Ms) 1e-07   mp (g) 1.988e+26   stepsize 8.0000000e+05
#N    (ru+rl)/2 (cm)    Mcontained in shell ru-rl     u(rmid)
8 41407946039.728714 1.60607324645e+29 660338772348221.9
8 41422346039.728714 1.60374424479e+29 660338772348221.9
8 41436746039.728714 1.60141083851e+29 660338772348221.9
8 41451146039.728714 1.59907302511e+29 660338772348221.9
8 41465546039.728714 1.5967308021e+29 660338772348221.9
8 41479946039.728714 1.59438416697e+29 660338772348221.9
8 41494346039.728714 1.59203311723e+29 660338772348221.9
8 41508746039.728714 1.58967765038e+29 660338772348221.9
8 41523146039.728714 1.58731776392e+29 660338772348221.9
8 41537546039.728714 1.58495345535e+29 660338772348221.9
8 41551946039.728714 1.58258472218e+29 652896252484949.2
8 41566346039.728714 1.58021156189e+29 652896252484949.2
8 41580746039.728714 1.577833972e+29 652896252484949.2
8 41595146039.728714 1.57545195e+29 652896252484949.2
8 41609546039.728714 1.5730654934e+29 652896252484949.2
8 41623946039.728714 1.5706745997e+29 652896252484949.2
8 41638346039.728714 1.56827926639e+29 652896252484949.2
8 41652746039.728714 1.56587949098e+29 652896252484949.2
8 41667146039.728714 1.56347527097e+29 652896252484949.2
8 41681546039.728714 1.56106660386e+29 652896252484949.2
8 41695946039.728714 1.55870930705e+29 652896252484949.2
8 41710346039.728714 1.55674894887e+29 652896252484949.2
8 41724746039.728714 1.55485346687e+29 652896252484949.2
8 41739146039.728714 1.55295425441e+29 652896252484949.2
8 41753546039.728714 1.55105130938e+29 652896252484949.2
8 41767946039.728714 1.54914462966e+29 652896252484949.2
8 41782346039.728714 1.54723421311e+29 652896252484949.2
8 41796746039.728714 1.54532005762e+29 652896252484949.2
8 41811146039.728714 1.54340216106e+29 652896252484949.2
8 41825546039.728714 1.54148052132e+29 652896252484949.2
8 41839946039.728714 1.53955513626e+29 652896252484949.2
8 41854346039.728714 1.53762600376e+29 646347694952733.0
8 41868746039.728714 1.53569312171e+29 646347694952733.0
8 41883146039.728714 1.53375648797e+29 646347694952733.0
8 41897546039.728714 1.53181610043e+29 646347694952733.0
8 41911946039.728714 1.52987195697e+29 646347694952733.0
8 41926346039.728714 1.52792405545e+29 646347694952733.0
8 41941146039.728714 1.61567799914e+29 646347694952733.0
8 41956346039.728714 1.61349229158e+29 646347694952733.0
8 41971546039.728714 1.61130214277e+29 646347694952733.0
8 41986746039.728714 1.60911000588e+29 646347694952733.0
8 42001946039.728714 1.60700896888e+29 646347694952733.0
8 42017146039.728714 1.60494757023e+29 646347694952733.0
8 42032346039.728714 1.60288192534e+29 646347694952733.0
8 42047546039.728714 1.60081203167e+29 646347694952733.0
8 42062746039.728714 1.59873788669e+29 646347694952733.0
8 42077946039.728714 1.59665948786e+29 646347694952733.0
8 42093146039.728714 1.59457683267e+29 646347694952733.0
8 42108346039.728714 1.59248991856e+29 646347694952733.0
8 42123546039.728714 1.59039874302e+29 646347694952733.0
8 42138746039.728714 1.58830330351e+29 639844781192982.9
8 42153946039.728714 1.58620359749e+29 639844781192982.9
8 42169146039.728714 1.58409962244e+29 639844781192982.9
8 42184346039.728714 1.58199137583e+29 639844781192982.9
8 42199546039.728714 1.57987885511e+29 639844781192982.9
8 42214746039.728714 1.57776205776e+29 639844781192982.9
8 42229946039.728714 1.57564098125e+29 639844781192982.9
8 42245146039.728714 1.57351562304e+29 639844781192982.9
8 42260346039.728714 1.57138598061e+29 639844781192982.9
8 42275546039.728714 1.56925205141e+29 639844781192982.9
8 42290746039.728714 1.56716034251e+29 639844781192982.9
8 42305946039.728714 1.56515364444e+29 639844781192982.9
8 42321146039.728714 1.56314440049e+29 639844781192982.9
8 42336346039.728714 1.56113105717e+29 639844781192982.9
8 42351546039.728714 1.55911361206e+29 639844781192982.9
8 42366746039.728714 1.55709206272e+29 639844781192982.9
8 42381946039.728714 1.55506640674e+29 639844781192982.9
8 42397146039.728714 1.55303664169e+29 639844781192982.9
8 42412346039.728714 1.55100276515e+29 639844781192982.9
8 42427546039.728714 1.54896477468e+29 639844781192982.9
8 42442746039.728714 1.54692266786e+29 633387315236963.4
8 42457946039.728714 1.54487644227e+29 633387315236963.4
8 42473146039.728714 1.54282609548e+29 633387315236963.4
8 42488346039.728714 1.54077162506e+29 633387315236963.4
8 42503546039.728714 1.5387130286e+29 633387315236963.4
8 42518746039.728714 1.53665030365e+29 633387315236963.4
8 42533946039.728714 1.5345834478e+29 633387315236963.4
8 42549146039.728714 1.53251245863e+29 633387315236963.4
8 42564346039.728714 1.53043733369e+29 633387315236963.4
8 42579546039.728714 1.52837191507e+29 633387315236963.4
8 42595146039.728714 1.61114959647e+29 633387315236963.4
8 42611146039.728714 1.6089776683e+29 633387315236963.4
8 42627146039.728714 1.60680111335e+29 633387315236963.4
8 42643146039.728714 1.60461992875e+29 633387315236963.4
8 42659146039.728714 1.60243411165e+29 633387315236963.4
8 42675146039.728714 1.60024365918e+29 633387315236963.4
8 42691146039.728714 1.59804856849e+29 633387315236963.4
8 42707146039.728714 1.5958488367e+29 633387315236963.4
8 42723146039.728714 1.59364446096e+29 633387315236963.4
8 42739146039.728714 1.59143543841e+29 626973445454027.8
8 42755146039.728714 1.58922176619e+29 626973445454027.8
8 42771146039.728714 1.58700344143e+29 626973445454027.8
8 42787146039.728714 1.58478046127e+29 626973445454027.8
8 42803146039.728714 1.58255282285e+29 626973445454027.8
8 42819146039.728714 1.58032052332e+29 626973445454027.8
8 42835146039.728714 1.5780835598e+29 626973445454027.8
8 42851146039.728714 1.57584192943e+29 626973445454027.8
8 42867146039.728714 1.5735958993e+29 626973445454027.8
8 42883146039.728714 1.57142807272e+29 626973445454027.8
8 42899146039.728714 1.56931532134e+29 626973445454027.8
8 42915146039.728714 1.56719810482e+29 626973445454027.8
8 42931146039.728714 1.56507642043e+29 626973445454027.8
8 42947146039.728714 1.56295026542e+29 626973445454027.8
8 42963146039.728714 1.56081963705e+29 626973445454027.8
8 42979146039.728714 1.55868453258e+29 626973445454027.8
8 42995146039.728714 1.55654494926e+29 626973445454027.8
8 43011146039.728714 1.55440088435e+29 626973445454027.8
8 43027146039.728714 1.55225233511e+29 620600612486512.4
8 43043146039.728714 1.5500992988e+29 620600612486512.4
8 43059146039.728714 1.54794177267e+29 620600612486512.4
8 43075146039.728714 1.54577975399e+29 620600612486512.4
8 43091146039.728714 1.54361324001e+29 620600612486512.4
8 43107146039.728714 1.54144222798e+29 620600612486512.4
8 43123146039.728714 1.53926671517e+29 620600612486512.4
8 43139146039.728714 1.53708669883e+29 620600612486512.4
8 43155146039.728714 1.53490217623e+29 620600612486512.4
8 43171146039.728714 1.5327513493e+29 620600612486512.4
8 43187146039.728714 1.53069227082e+29 620600612486512.4
8 43203146039.728714 1.52863253167e+29 620600612486512.4
8 43219546039.728714 1.60685979577e+29 620600612486512.4
8 43236346039.728714 1.60457346774e+29 620600612486512.4
8 43253146039.728714 1.60228212868e+29 620600612486512.4
8 43269946039.728714 1.59998577538e+29 620600612486512.4
8 43286746039.728714 1.59768440466e+29 620600612486512.4
8 43303546039.728714 1.59537801329e+29 620600612486512.4
8 43320346039.728714 1.59306659808e+29 614266038581473.1
8 43337146039.728714 1.59075015583e+29 614266038581473.1
8 43353946039.728714 1.58842868334e+29 614266038581473.1
8 43370746039.728714 1.58610217739e+29 614266038581473.1
8 43387546039.728714 1.58377063479e+29 614266038581473.1
8 43404346039.728714 1.58143405233e+29 614266038581473.1
8 43421146039.728714 1.57909242682e+29 614266038581473.1
8 43437946039.728714 1.57674575504e+29 614266038581473.1
8 43454746039.728714 1.57439614156e+29 614266038581473.1
8 43471546039.728714 1.57213893002e+29 614266038581473.1
8 43488346039.728714 1.56992477822e+29 614266038581473.1
8 43505146039.728714 1.56770579551e+29 614266038581473.1
8 43521946039.728714 1.5654819788e+29 614266038581473.1
8 43538746039.728714 1.56325332503e+29 614266038581473.1
8 43555546039.728714 1.56101983113e+29 614266038581473.1
8 43572346039.728714 1.55878149402e+29 614266038581473.1
8 43589146039.728714 1.55653831063e+29 614266038581473.1
8 43605946039.728714 1.5542902779e+29 607966930741620.5
8 43622746039.728714 1.55203739275e+29 607966930741620.5
8 43639546039.728714 1.54977965211e+29 607966930741620.5
8 43656346039.728714 1.54751705291e+29 607966930741620.5
8 43673146039.728714 1.54524959208e+29 607966930741620.5
8 43689946039.728714 1.54297726655e+29 607966930741620.5
8 43706746039.728714 1.54070007325e+29 607966930741620.5
8 43723546039.728714 1.5384180091e+29 607966930741620.5
8 43740346039.728714 1.53613107104e+29 607966930741620.5
8 43757146039.728714 1.53388360577e+29 607966930741620.5
8 43773946039.728714 1.53172715933e+29 607966930741620.5
8 43790746039.728714 1.52956855619e+29 607966930741620.5
8 43807546039.728714 1.52740528613e+29 607966930741620.5
8 43824746039.728714 1.60144493624e+29 607966930741620.5
8 43842346039.728714 1.59905481738e+29 607966930741620.5
8 43859946039.728714 1.59665931005e+29 607966930741620.5
8 43877546039.728714 1.59425841067e+29 607966930741620.5
8 43895146039.728714 1.5918521157e+29 607966930741620.5
8 43912746039.728714 1.58944042158e+29 601700759355723.8
8 43930346039.728714 1.58702332476e+29 601700759355723.8
8 43947946039.728714 1.58460082168e+29 601700759355723.8
8 43965546039.728714 1.58217290879e+29 601700759355723.8
8 43983146039.728714 1.57973958253e+29 601700759355723.8
8 44000746039.728714 1.57730083934e+29 601700759355723.8
8 44018346039.728714 1.57485667568e+29 601700759355723.8
8 44035946039.728714 1.57240715165e+29 601700759355723.8
8 44053546039.728714 1.57003586244e+29 601700759355723.8
8 44071146039.728714 1.56772752524e+29 601700759355723.8
8 44088746039.728714 1.56541399629e+29 601700759355723.8
8 44106346039.728714 1.56309527219e+29 601700759355723.8
8 44123946039.728714 1.56077134952e+29 601700759355723.8
8 44141546039.728714 1.55844222488e+29 601700759355723.8
8 44159146039.728714 1.55610789485e+29 601700759355723.8
8 44176746039.728714 1.55376835602e+29 601700759355723.8
8 44194346039.728714 1.55142360499e+29 595465314231329.2
8 44211946039.728714 1.54907363835e+29 595465314231329.2
8 44229546039.728714 1.54671845268e+29 595465314231329.2
8 44247146039.728714 1.54435804458e+29 595465314231329.2
8 44264746039.728714 1.54199241064e+29 595465314231329.2
8 44282346039.728714 1.53962154744e+29 595465314231329.2
8 44299946039.728714 1.53724545159e+29 595465314231329.2
8 44317546039.728714 1.53486411966e+29 595465314231329.2
8 44335146039.728714 1.53249669117e+29 595465314231329.2
8 44352746039.728714 1.53023603762e+29 595465314231329.2
8 44370346039.728714 1.52798639675e+29 595465314231329.2
8 44388346039.728714 1.59833186949e+29 595465314231329.2
8 44406746039.728714 1.59585673633e+29 595465314231329.2
8 44425146039.728714 1.5933758521e+29 595465314231329.2
8 44443546039.728714 1.59088921291e+29 595465314231329.2
8 44461946039.728714 1.58839681482e+29 595465314231329.2
8 44480346039.728714 1.58589865393e+29 589258378470761.1
8 44498746039.728714 1.58339472631e+29 589258378470761.1
8 44517146039.728714 1.58088502807e+29 589258378470761.1
8 44535546039.728714 1.57836955527e+29 589258378470761.1
8 44553946039.728714 1.575848304e+29 589258378470761.1
8 44572346039.728714 1.57332127036e+29 589258378470761.1
8 44590746039.728714 1.57078845042e+29 589258378470761.1
8 44609146039.728714 1.56824984027e+29 589258378470761.1
8 44627546039.728714 1.56573663591e+29 589258378470761.1
8 44645946039.728714 1.56333309946e+29 589258378470761.1
8 44664346039.728714 1.56093330666e+29 589258378470761.1
8 44682746039.728714 1.55852796528e+29 589258378470761.1
8 44701146039.728714 1.55611707156e+29 589258378470761.1
8 44719546039.728714 1.55370062174e+29 589258378470761.1
8 44737946039.728714 1.55127861207e+29 589258378470761.1
8 44756346039.728714 1.54885103879e+29 589258378470761.1
8 44774746039.728714 1.54641789815e+29 583077320580816.0
8 44793146039.728714 1.54397918638e+29 583077320580816.0
8 44811546039.728714 1.54153489974e+29 583077320580816.0
8 44829946039.728714 1.53908503446e+29 583077320580816.0
8 44848346039.728714 1.5366295868e+29 583077320580816.0
8 44866746039.728714 1.53416855299e+29 583077320580816.0
8 44885146039.728714 1.53170192927e+29 583077320580816.0
8 44903546039.728714 1.5292297119e+29 583077320580816.0
8 44921946039.728714 1.52681452074e+29 583077320580816.0
8 44940746039.728714 1.59372309267e+29 583077320580816.0
8 44959946039.728714 1.59117230507e+29 583077320580816.0
8 44979146039.728714 1.58861541388e+29 583077320580816.0
8 44998346039.728714 1.58605241482e+29 583077320580816.0
8 45017546039.728714 1.58348330361e+29 583077320580816.0
8 45036746039.728714 1.58090807597e+29 583077320580816.0
8 45055946039.728714 1.57832672761e+29 583077320580816.0
8 45075146039.728714 1.57573925426e+29 576919447495537.9
8 45094346039.728714 1.57314565164e+29 576919447495537.9
8 45113546039.728714 1.57054591546e+29 576919447495537.9
8 45132746039.728714 1.56794004144e+29 576919447495537.9
8 45151946039.728714 1.56532802529e+29 576919447495537.9
8 45171146039.728714 1.56270986275e+29 576919447495537.9
8 45190346039.728714 1.56008554952e+29 576919447495537.9
8 45209546039.728714 1.55751202159e+29 576919447495537.9
8 45228746039.728714 1.5550331291e+29 576919447495537.9
8 45247946039.728714 1.55254974421e+29 576919447495537.9
8 45267146039.728714 1.5500604619e+29 576919447495537.9
8 45286346039.728714 1.54756527805e+29 576919447495537.9
8 45305546039.728714 1.54506418857e+29 576919447495537.9
8 45324746039.728714 1.54255718933e+29 576919447495537.9
8 45343946039.728714 1.54004427624e+29 576919447495537.9
8 45363146039.728714 1.53752544518e+29 570782067127293.4
8 45382346039.728714 1.53500069205e+29 570782067127293.4
8 45401546039.728714 1.53247001272e+29 570782067127293.4
8 45420746039.728714 1.5299334031e+29 570782067127293.4
8 45439946039.728714 1.52739085907e+29 570782067127293.4
8 45459546039.728714 1.59108438236e+29 570782067127293.4
8 45479546039.728714 1.58830756399e+29 570782067127293.4
8 45499546039.728714 1.58560056739e+29 570782067127293.4
8 45519546039.728714 1.58297784911e+29 570782067127293.4
8 45539546039.728714 1.58034872282e+29 570782067127293.4
8 45559546039.728714 1.57771314327e+29 570782067127293.4
8 45579546039.728714 1.57507110582e+29 570782067127293.4
8 45599546039.728714 1.57242260582e+29 570782067127293.4
8 45619546039.728714 1.5697676386e+29 570782067127293.4
8 45639546039.728714 1.56710619952e+29 564661839176767.6
8 45659546039.728714 1.56443828392e+29 564661839176767.6
8 45679546039.728714 1.56176388716e+29 564661839176767.6
8 45699546039.728714 1.55908300457e+29 564661839176767.6
8 45719546039.728714 1.55639563151e+29 564661839176767.6
8 45739546039.728714 1.55370176333e+29 564661839176767.6
8 45759546039.728714 1.55100139536e+29 564661839176767.6
8 45779546039.728714 1.54832583711e+29 564661839176767.6
8 45799546039.728714 1.54576436501e+29 564661839176767.6
8 45819546039.728714 1.54320708163e+29 564661839176767.6
8 45839546039.728714 1.54064356363e+29 564661839176767.6
8 45859546039.728714 1.53807380654e+29 564661839176767.6
8 45879546039.728714 1.53549780589e+29 564661839176767.6
8 45899546039.728714 1.53291555723e+29 564661839176767.6
8 45919546039.728714 1.53032705608e+29 558553460067370.0
8 45939546039.728714 1.52773229797e+29 558553460067370.0
8 45959946039.728714 1.58862413926e+29 558553460067370.0
8 45980746039.728714 1.5857993084e+29 558553460067370.0
8 46001546039.728714 1.58296741263e+29 558553460067370.0
8 46022346039.728714 1.58012844673e+29 558553460067370.0
8 46043146039.728714 1.57728240546e+29 558553460067370.0
8 46063946039.728714 1.57445623711e+29 558553460067370.0
8 46084746039.728714 1.57175143503e+29 558553460067370.0
8 46105546039.728714 1.56905467583e+29 558553460067370.0
8 46126346039.728714 1.56635112792e+29 558553460067370.0
8 46147146039.728714 1.56364078627e+29 558553460067370.0
8 46167946039.728714 1.56092364585e+29 558553460067370.0
8 46188746039.728714 1.55819970165e+29 558553460067370.0
8 46209546039.728714 1.55546894862e+29 552450376210929.9
8 46230346039.728714 1.55273138175e+29 552450376210929.9
8 46251146039.728714 1.54998699601e+29 552450376210929.9
8 46271946039.728714 1.54723578638e+29 552450376210929.9
8 46292746039.728714 1.54447774782e+29 552450376210929.9
8 46313546039.728714 1.54171287532e+29 552450376210929.9
8 46334346039.728714 1.53894116384e+29 552450376210929.9
8 46355146039.728714 1.53622911684e+29 552450376210929.9
8 46375946039.728714 1.5336080454e+29 552450376210929.9
8 46396746039.728714 1.5309809711e+29 552450376210929.9
8 46417546039.728714 1.52834733372e+29 552450376210929.9
8 46438746039.728714 1.58668252101e+29 552450376210929.9
8 46460346039.728714 1.5838237276e+29 552450376210929.9
8 46481946039.728714 1.58095755689e+29 552450376210929.9
8 46503546039.728714 1.57808400326e+29 546347476293263.44
8 46525146039.728714 1.57520306109e+29 546347476293263.44
8 46546746039.728714 1.57231472476e+29 546347476293263.44
8 46568346039.728714 1.56941898865e+29 546347476293263.44
8 46589946039.728714 1.56651584712e+29 546347476293263.44
8 46611546039.728714 1.56360529457e+29 546347476293263.44
8 46633146039.728714 1.56072272207e+29 546347476293263.44
8 46654746039.728714 1.55795975396e+29 546347476293263.44
8 46676346039.728714 1.55519964058e+29 546347476293263.44
8 46697946039.728714 1.5524324132e+29 546347476293263.44
8 46719546039.728714 1.54965806641e+29 546347476293263.44
8 46741146039.728714 1.54687659481e+29 546347476293263.44
8 46762746039.728714 1.544087993e+29 546347476293263.44
8 46784346039.728714 1.54129225557e+29 540241370571888.4
8 46805946039.728714 1.53848937714e+29 540241370571888.4
8 46827546039.728714 1.53567935228e+29 540241370571888.4
8 46849146039.728714 1.53286217562e+29 540241370571888.4
8 46870746039.728714 1.53003784174e+29 540241370571888.4
8 46892346039.728714 1.52720634525e+29 540241370571888.4
8 46914346039.728714 1.5829755676e+29 540241370571888.4
8 46936746039.728714 1.58007779543e+29 540241370571888.4
8 46959146039.728714 1.57718503284e+29 540241370571888.4
8 46981546039.728714 1.57428459011e+29 540241370571888.4
8 47003946039.728714 1.57137646122e+29 540241370571888.4
8 47026346039.728714 1.56846064017e+29 540241370571888.4
8 47048746039.728714 1.56553712094e+29 540241370571888.4
8 47071146039.728714 1.56260589754e+29 534128729707063.25
8 47093546039.728714 1.55966696394e+29 534128729707063.25
8 47115946039.728714 1.55672031414e+29 534128729707063.25
8 47138346039.728714 1.55376594214e+29 534128729707063.25
8 47160746039.728714 1.55080384192e+29 534128729707063.25
8 47183146039.728714 1.54783449745e+29 534128729707063.25
8 47205546039.728714 1.54495967101e+29 534128729707063.25
8 47227946039.728714 1.54214918346e+29 534128729707063.25
8 47250346039.728714 1.5393312753e+29 534128729707063.25
8 47272746039.728714 1.53650594074e+29 534128729707063.25
8 47295146039.728714 1.53367317402e+29 534128729707063.25
8 47317546039.728714 1.53083296936e+29 534128729707063.25
8 47339946039.728714 1.52798532099e+29 528003960992731.8
8 47362746039.728714 1.58156356267e+29 528003960992731.8
8 47385946039.728714 1.57848868245e+29 528003960992731.8
8 47409146039.728714 1.57540550198e+29 528003960992731.8
8 47432346039.728714 1.57231401462e+29 528003960992731.8
8 47455546039.728714 1.5692142137e+29 528003960992731.8
8 47478746039.728714 1.56616667837e+29 528003960992731.8
8 47501946039.728714 1.56322994366e+29 528003960992731.8
8 47525146039.728714 1.56028776428e+29 528003960992731.8
8 47548346039.728714 1.55733760104e+29 528003960992731.8
8 47571546039.728714 1.55437944756e+29 528003960992731.8
8 47594746039.728714 1.55141329745e+29 528003960992731.8
8 47617946039.728714 1.54843914431e+29 521859844678275.44
8 47641146039.728714 1.54545698176e+29 521859844678275.44
8 47664346039.728714 1.54246680341e+29 521859844678275.44
8 47687546039.728714 1.53946860285e+29 521859844678275.44
8 47710746039.728714 1.53646237371e+29 521859844678275.44
8 47733946039.728714 1.5334481096e+29 521859844678275.44
8 47757146039.728714 1.53049035456e+29 521859844678275.44
8 47780346039.728714 1.52763563302e+29 521859844678275.44
8 47803946039.728714 1.57917971187e+29 521859844678275.44
8 47827946039.728714 1.57610582625e+29 521859844678275.44
8 47851946039.728714 1.57302338086e+29 521859844678275.44
8 47875946039.728714 1.56993236867e+29 521859844678275.44
8 47899946039.728714 1.56683278263e+29 515688753127805.75
8 47923946039.728714 1.56372461571e+29 515688753127805.75
8 47947946039.728714 1.56060786085e+29 515688753127805.75
8 47971946039.728714 1.55748251103e+29 515688753127805.75
8 47995946039.728714 1.55434855921e+29 515688753127805.75
8 48019946039.728714 1.55121355672e+29 515688753127805.75
8 48043946039.728714 1.54820196453e+29 515688753127805.75
8 48067946039.728714 1.54522675877e+29 515688753127805.75
8 48091946039.728714 1.54224329139e+29 515688753127805.75
8 48115946039.728714 1.53925155561e+29 515688753127805.75
8 48139946039.728714 1.53625154467e+29 515688753127805.75
8 48163946039.728714 1.53324325181e+29 509483215338771.6
8 48187946039.728714 1.53022667026e+29 509483215338771.6
8 48211946039.728714 1.52720179327e+29 509483215338771.6
8 48236346039.728714 1.57667376e+29 509483215338771.6
8 48261146039.728714 1.57342221777e+29 509483215338771.6
8 48285946039.728714 1.57016148961e+29 509483215338771.6
8 48310746039.728714 1.5669823473e+29 509483215338771.6
8 48335546039.728714 1.56389503499e+29 509483215338771.6
8 48360346039.728714 1.5607989179e+29 509483215338771.6
8 48385146039.728714 1.55769397795e+29 509483215338771.6
8 48409946039.728714 1.55458020771e+29 509483215338771.6
8 48434746039.728714 1.55145759977e+29 509483215338771.6
8 48459546039.728714 1.5483261467e+29 503235205023974.2
8 48484346039.728714 1.54518584109e+29 503235205023974.2
8 48509146039.728714 1.54203667553e+29 503235205023974.2
8 48533946039.728714 1.53887864258e+29 503235205023974.2
8 48558746039.728714 1.53571173484e+29 503235205023974.2
8 48583546039.728714 1.53262732206e+29 503235205023974.2
8 48608346039.728714 1.52962970027e+29 503235205023974.2
8 48633546039.728714 1.57746081751e+29 503235205023974.2
8 48659146039.728714 1.57424488717e+29 503235205023974.2
8 48684746039.728714 1.57101956473e+29 503235205023974.2
8 48710346039.728714 1.56778484207e+29 496935002566250.5
8 48735946039.728714 1.56454071111e+29 496935002566250.5
8 48761546039.728714 1.56128716374e+29 496935002566250.5
8 48787146039.728714 1.55802419187e+29 496935002566250.5
8 48812746039.728714 1.55475178738e+29 496935002566250.5
8 48838346039.728714 1.55148182945e+29 496935002566250.5
8 48863946039.728714 1.54834623981e+29 496935002566250.5
8 48889546039.728714 1.54524085534e+29 496935002566250.5
8 48915146039.728714 1.5421264149e+29 496935002566250.5
8 48940746039.728714 1.53900291071e+29 496935002566250.5
8 48966346039.728714 1.53587033498e+29 496935002566250.5
8 48991946039.728714 1.53272867995e+29 490570691686462.4
8 49017546039.728714 1.52957793783e+29 490570691686462.4
8 49043546039.728714 1.57560633069e+29 490570691686462.4
8 49069946039.728714 1.57223264035e+29 490570691686462.4
8 49096346039.728714 1.56884894835e+29 490570691686462.4
8 49122746039.728714 1.56441008433e+29 490570691686462.4
8 49149146039.728714 1.55875489182e+29 490570691686462.4
8 49175546039.728714 1.55308435457e+29 490570691686462.4
8 49201946039.728714 1.54739893856e+29 485702904404521.4
8 49228346039.728714 1.54169863107e+29 485702904404521.4
8 49254746039.728714 1.5370439157e+29 485702904404521.4
8 49281146039.728714 1.53388559981e+29 485702904404521.4
8 49307546039.728714 1.530725481e+29 485702904404521.4
8 49333946039.728714 1.52755595124e+29 482458615283164.9
8 49360746039.728714 1.5719640136e+29 482458615283164.9
8 49387946039.728714 1.56913595054e+29 482458615283164.9
8 49415146039.728714 1.5671017233e+29 482458615283164.9
8 49442346039.728714 1.56506454016e+29 482458615283164.9
8 49469546039.728714 1.56302002397e+29 482458615283164.9
8 49496746039.728714 1.56096816789e+29 482458615283164.9
8 49523946039.728714 1.5589089651e+29 477589862311219.6
8 49551146039.728714 1.55684240875e+29 477589862311219.6
8 49578346039.728714 1.55476849202e+29 477589862311219.6
8 49605546039.728714 1.55268720808e+29 477589862311219.6
8 49632746039.728714 1.55058105379e+29 477589862311219.6
8 49659946039.728714 1.54775999157e+29 477589862311219.6
8 49687146039.728714 1.54458285729e+29 477589862311219.6
8 49714346039.728714 1.54139597803e+29 477589862311219.6
8 49741546039.728714 1.53819934504e+29 477589862311219.6
8 49768746039.728714 1.53499294955e+29 477589862311219.6
8 49795946039.728714 1.5317767828e+29 470932330508570.0
8 49823146039.728714 1.52855083603e+29 470932330508570.0
8 49850746039.728714 1.57148764422e+29 470932330508570.0
8 49878746039.728714 1.56804510632e+29 470932330508570.0
8 49906746039.728714 1.5646365378e+29 470932330508570.0
8 49934746039.728714 1.56138382881e+29 470932330508570.0
8 49962746039.728714 1.55813515468e+29 470932330508570.0
8 49990746039.728714 1.55487625037e+29 470932330508570.0
8 50018746039.728714 1.55160710645e+29 470932330508570.0
8 50046746039.728714 1.5483277135e+29 464132574261196.94
8 50074746039.728714 1.5450380621e+29 464132574261196.94
8 50102746039.728714 1.54173814283e+29 464132574261196.94
8 50130746039.728714 1.53842794625e+29 464132574261196.94
8 50158746039.728714 1.5351224102e+29 464132574261196.94
8 50186746039.728714 1.5319750372e+29 464132574261196.94
8 50214746039.728714 1.52886193315e+29 464132574261196.94
8 50243146039.728714 1.57056767745e+29 464132574261196.94
8 50271946039.728714 1.56725037581e+29 464132574261196.94
8 50300746039.728714 1.56392237388e+29 457161995575757.25
8 50329546039.728714 1.5605836616e+29 457161995575757.25
8 50358346039.728714 1.55723422888e+29 457161995575757.25
8 50387146039.728714 1.55387406565e+29 457161995575757.25
8 50415946039.728714 1.55052125071e+29 457161995575757.25
8 50444746039.728714 1.54734110325e+29 457161995575757.25
8 50473546039.728714 1.54419536098e+29 457161995575757.25
8 50502346039.728714 1.54103941061e+29 457161995575757.25
8 50531146039.728714 1.53787324254e+29 457161995575757.25
8 50559946039.728714 1.53469684719e+29 449985576651438.1
8 50588746039.728714 1.53151021496e+29 449985576651438.1
8 50617546039.728714 1.52831333624e+29 449985576651438.1
8 50646746039.728714 1.56863474969e+29 449985576651438.1
8 50676346039.728714 1.56528344306e+29 449985576651438.1
8 50705946039.728714 1.5621221145e+29 449985576651438.1
8 50735546039.728714 1.55896940214e+29 449985576651438.1
8 50765146039.728714 1.55580613615e+29 449985576651438.1
8 50794746039.728714 1.55263230638e+29 449985576651438.1
8 50824346039.728714 1.54944790266e+29 442557739537541.7
8 50853946039.728714 1.54625291483e+29 442557739537541.7
8 50883546039.728714 1.54304733271e+29 442557739537541.7
8 50913146039.728714 1.53983270784e+29 442557739537541.7
8 50942746039.728714 1.53672576471e+29 442557739537541.7
8 50972346039.728714 1.53367835524e+29 442557739537541.7
8 51001946039.728714 1.53062075209e+29 442557739537541.7
8 51031546039.728714 1.52755294548e+29 442557739537541.7
8 51061546039.728714 1.56677860579e+29 435055600524980.44
8 51091946039.728714 1.56351850205e+29 435055600524980.44
8 51122346039.728714 1.56024730465e+29 435055600524980.44
8 51152746039.728714 1.55696500273e+29 435055600524980.44
8 51183146039.728714 1.55370761308e+29 435055600524980.44
8 51213546039.728714 1.55049553181e+29 435055600524980.44
8 51243946039.728714 1.54727305403e+29 435055600524980.44
8 51274346039.728714 1.54403964911e+29 435055600524980.44
8 51304746039.728714 1.54079530638e+29 427710176441820.06
8 51335146039.728714 1.53754001514e+29 427710176441820.06
8 51365546039.728714 1.53427376469e+29 427710176441820.06
8 51395946039.728714 1.53099654434e+29 427710176441820.06
8 51426346039.728714 1.52773988828e+29 427710176441820.06
8 51457146039.728714 1.56569066329e+29 427710176441820.06
8 51488346039.728714 1.56229734202e+29 427710176441820.06
8 51519546039.728714 1.55889233962e+29 427710176441820.06
8 51550746039.728714 1.55547564442e+29 420518599962753.06
8 51581946039.728714 1.55204724477e+29 420518599962753.06
8 51613146039.728714 1.548607129e+29 420518599962753.06
8 51644346039.728714 1.54515544948e+29 420518599962753.06
8 51675546039.728714 1.54174458377e+29 420518599962753.06
8 51706746039.728714 1.53836193241e+29 420518599962753.06
8 51737946039.728714 1.53496774194e+29 420518599962753.06
8 51769146039.728714 1.53156200092e+29 420518599962753.06
8 51800346039.728714 1.52814469787e+29 413479642562946.5
8 51831946039.728714 1.56479470287e+29 413479642562946.5
8 51863946039.728714 1.5611728516e+29 413479642562946.5
8 51895946039.728714 1.55754952703e+29 413479642562946.5
8 51927946039.728714 1.55398512271e+29 413479642562946.5
8 51959946039.728714 1.55042036586e+29 413479642562946.5
8 51991946039.728714 1.54684328389e+29 413479642562946.5
8 52023946039.728714 1.54325386431e+29 406590205568738.1
8 52055946039.728714 1.53965209466e+29 406590205568738.1
8 52087946039.728714 1.53603796246e+29 406590205568738.1
8 52119946039.728714 1.5324121056e+29 406590205568738.1
8 52151946039.728714 1.52883149795e+29 406590205568738.1
8 52184346039.728714 1.56433797297e+29 406590205568738.1
8 52217146039.728714 1.56058501002e+29 406590205568738.1
8 52249946039.728714 1.55681890626e+29 399844968174299.06
8 52282746039.728714 1.55303964815e+29 399844968174299.06
8 52315546039.728714 1.54924722216e+29 399844968174299.06
8 52348346039.728714 1.54544161473e+29 399844968174299.06
8 52381146039.728714 1.54167292501e+29 399844968174299.06
8 52413946039.728714 1.53793946657e+29 399844968174299.06
8 52446746039.728714 1.53419303272e+29 399844968174299.06
8 52479546039.728714 1.53043361016e+29 393238984433208.44
8 52512746039.728714 1.5647804508e+29 393238984433208.44
8 52546346039.728714 1.56080540533e+29 393238984433208.44
8 52579946039.728714 1.55681656932e+29 393238984433208.44
8 52613546039.728714 1.55287203378e+29 393238984433208.44
8 52647146039.728714 1.54895689381e+29 393238984433208.44
8 52680746039.728714 1.54502795588e+29 393238984433208.44
8 52714346039.728714 1.54108520559e+29 386768540555151.5
8 52747946039.728714 1.53712862851e+29 386768540555151.5
8 52781546039.728714 1.53315821023e+29 386768540555151.5
8 52815146039.728714 1.52917893611e+29 386768540555151.5
8 52849146039.728714 1.56241115538e+29 386768540555151.5
8 52883546039.728714 1.55830690056e+29 386768540555151.5
8 52917946039.728714 1.55418799129e+29 386768540555151.5
8 52952346039.728714 1.55005441198e+29 380430917840439.9
8 52986746039.728714 1.54590614704e+29 380430917840439.9
8 53021146039.728714 1.5417431809e+29 380430917840439.9
8 53055546039.728714 1.53759820648e+29 380430917840439.9
8 53089946039.728714 1.5335051407e+29 380430917840439.9
8 53124346039.728714 1.5293992797e+29 380430917840439.9
8 53159146039.728714 1.56154591421e+29 374223394988909.56
8 53194346039.728714 1.55721378213e+29 374223394988909.56
8 53229546039.728714 1.55286607134e+29 374223394988909.56
8 53264746039.728714 1.54851352718e+29 374223394988909.56
8 53299946039.728714 1.54422431625e+29 374223394988909.56
8 53335146039.728714 1.53993469899e+29 374223394988909.56
8 53370346039.728714 1.53562971261e+29 374223394988909.56
8 53405546039.728714 1.53130934055e+29 368141909409773.75
8 53440746039.728714 1.52697356627e+29 368141909409773.75
8 53476346039.728714 1.55798524367e+29 368141909409773.75
8 53512346039.728714 1.55349525789e+29 368141909409773.75
8 53548346039.728714 1.5490175978e+29 368141909409773.75
8 53584346039.728714 1.54452367386e+29 368141909409773.75
8 53620346039.728714 1.54001346828e+29 362181673285914.2
8 53656346039.728714 1.53548696322e+29 362181673285914.2
8 53692346039.728714 1.53094810347e+29 362181673285914.2
8 53728746039.728714 1.56111025958e+29 362181673285914.2
8 53765546039.728714 1.5564385621e+29 362181673285914.2
8 53802346039.728714 1.55174967579e+29 362181673285914.2
8 53839146039.728714 1.54704358149e+29 356338675036438.1
8 53875946039.728714 1.54232026006e+29 356338675036438.1
8 53912746039.728714 1.53759230521e+29 356338675036438.1
8 53949546039.728714 1.5329294766e+29 356338675036438.1
8 53986346039.728714 1.52826370103e+29 356338675036438.1
8 54023546039.728714 1.55738611581e+29 350611243983285.7
8 54061146039.728714 1.55247704275e+29 350611243983285.7
8 54098746039.728714 1.54754978113e+29 350611243983285.7
8 54136346039.728714 1.54264346598e+29 350611243983285.7
8 54173946039.728714 1.5377899326e+29 350611243983285.7
8 54211546039.728714 1.53291971384e+29 350611243983285.7
8 54249146039.728714 1.528031534e+29 344997672480754.94
8 54287146039.728714 1.55618333505e+29 344997672480754.94
8 54325546039.728714 1.55105149859e+29 344997672480754.94
8 54363946039.728714 1.54598414614e+29 344997672480754.94
8 54402346039.728714 1.54092148513e+29 344997672480754.94
8 54440746039.728714 1.5358398969e+29 339495064936657.6
8 54479146039.728714 1.5307393598e+29 339495064936657.6
8 54517946039.728714 1.55802528168e+29 339495064936657.6
8 54557146039.728714 1.55273008929e+29 339495064936657.6
8 54596346039.728714 1.54746966843e+29 339495064936657.6
8 54635546039.728714 1.54218932442e+29 339495064936657.6
8 54674746039.728714 1.5368890341e+29 334099878568108.06
8 54713946039.728714 1.53156877428e+29 334099878568108.06
8 54753546039.728714 1.55801454912e+29 334099878568108.06
8 54793546039.728714 1.55255008831e+29 334099878568108.06
8 54833546039.728714 1.54706556286e+29 334099878568108.06
8 54873546039.728714 1.54156006367e+29 328809658473287.1
8 54913546039.728714 1.53603356598e+29 328809658473287.1
8 54953546039.728714 1.53053097993e+29 328809658473287.1
8 54993946039.728714 1.55614883134e+29 328809658473287.1
8 55034746039.728714 1.55045475629e+29 328809658473287.1
8 55075546039.728714 1.5447386504e+29 323622415358043.4
8 55116346039.728714 1.53900048944e+29 323622415358043.4
8 55157146039.728714 1.53330292709e+29 323622415358043.4
8 55197946039.728714 1.52764250939e+29 323622415358043.4
8 55239146039.728714 1.55234255411e+29 318535490990646.75
8 55280746039.728714 1.54640995375e+29 318535490990646.75
8 55322346039.728714 1.5404591724e+29 318535490990646.75
8 55363946039.728714 1.534573297e+29 318535490990646.75
8 55405546039.728714 1.52869555508e+29 318535490990646.75
8 55447546039.728714 1.55259568057e+29 313545781840913.44
8 55489946039.728714 1.54643944382e+29 313545781840913.44
8 55532346039.728714 1.54029020546e+29 313545781840913.44
8 55574746039.728714 1.5342066293e+29 313545781840913.44
8 55617146039.728714 1.52810429008e+29 313545781840913.44
8 55659946039.728714 1.5511877227e+29 308650644113552.7
8 55703146039.728714 1.5448043876e+29 308650644113552.7
8 55746346039.728714 1.53848500367e+29 308650644113552.7
8 55789546039.728714 1.53217584665e+29 308650644113552.7
8 55833146039.728714 1.55457114503e+29 303848190582739.0
8 55877146039.728714 1.54797131128e+29 303848190582739.0
8 55921146039.728714 1.54140403294e+29 303848190582739.0
8 55965146039.728714 1.53488240537e+29 303848190582739.0
8 56009146039.728714 1.52833464881e+29 299136788473292.6
8 56053546039.728714 1.54988033461e+29 299136788473292.6
8 56098346039.728714 1.54307376266e+29 299136788473292.6
8 56143146039.728714 1.53633199799e+29 299136788473292.6
8 56187946039.728714 1.52956646827e+29 294514452634408.44
8 56233146039.728714 1.55039835186e+29 294514452634408.44
8 56278746039.728714 1.54336299378e+29 294514452634408.44
8 56324346039.728714 1.53639804773e+29 294514452634408.44
8 56369946039.728714 1.52941052663e+29 289978589429291.44
8 56415946039.728714 1.54951714126e+29 289978589429291.44
8 56462346039.728714 1.5422607992e+29 289978589429291.44
8 56508746039.728714 1.53507222365e+29 289978589429291.44
8 56555146039.728714 1.52785774155e+29 285526411207748.6
8 56601946039.728714 1.54722706793e+29 285526411207748.6
8 56649146039.728714 1.53975922637e+29 285526411207748.6
8 56696346039.728714 1.53234143027e+29 285526411207748.6
8 56743946039.728714 1.55111963939e+29 281155862373200.6
8 56791946039.728714 1.54338491706e+29 281155862373200.6
8 56839946039.728714 1.53571577585e+29 281155862373200.6
8 56887946039.728714 1.52805704976e+29 281155862373200.6
8 56936346039.728714 1.54606944273e+29 276865822291317.84
8 56985146039.728714 1.53811199636e+29 276865822291317.84
8 57033946039.728714 1.53022863934e+29 276865822291317.84
8 57083146039.728714 1.54762736919e+29 272655537336994.53
8 57132746039.728714 1.53942240522e+29 272655537336994.53
8 57182346039.728714 1.53127493526e+29 272655537336994.53
8 57232346039.728714 1.54805053505e+29 272655537336994.53
8 57282746039.728714 1.53962000801e+29 268523402749982.28
8 57333146039.728714 1.53119613929e+29 268523402749982.28
8 57383946039.728714 1.5473354347e+29 268523402749982.28
8 57435146039.728714 1.53867706611e+29 264467132470137.2
8 57486346039.728714 1.5299976933e+29 264467132470137.2
8 57537946039.728714 1.54547925666e+29 264467132470137.2
8 57589946039.728714 1.53658938887e+29 260484413037782.84
8 57641946039.728714 1.52766612706e+29 260484413037782.84
8 57694346039.728714 1.542478562e+29 260484413037782.84
8 57747146039.728714 1.53335240215e+29 256573411164511.97
8 57800346039.728714 1.54756658359e+29 256573411164511.97
8 57853946039.728714 1.5381876782e+29 256573411164511.97
8 57907546039.728714 1.52881869892e+29 252732343378607.16
8 57961546039.728714 1.54236030341e+29 252732343378607.16
8 58015946039.728714 1.53273410629e+29 252732343378607.16
8 58070746039.728714 1.54577722733e+29 248959467034789.6
8 58125946039.728714 1.53583379997e+29 248959467034789.6
8 58181546039.728714 1.5483343458e+29 248959467034789.6
8 58237546039.728714 1.53817053231e+29 245253580730999.75
8 58293546039.728714 1.52798018279e+29 245253580730999.75
8 58349946039.728714 1.53979824445e+29 245253580730999.75
8 58406746039.728714 1.52937153256e+29 241613646907685.3
8 58463946039.728714 1.5405718068e+29 241613646907685.3
8 58521546039.728714 1.529923139e+29 241613646907685.3
8 58579546039.728714 1.54055163376e+29 238038422328703.4
8 58637946039.728714 1.52961482456e+29 238038422328703.4
8 58696746039.728714 1.53971418767e+29 234526476866187.47
8 58755946039.728714 1.52846554854e+29 234526476866187.47
8 58815546039.728714 1.53800824879e+29 234526476866187.47
8 58875946039.728714 1.5470499575e+29 231076701129453.94
8 58936746039.728714 1.53527701777e+29 231076701129453.94
8 58997946039.728714 1.54376357032e+29 227687987790132.8
8 59059546039.728714 1.53168246567e+29 227687987790132.8
8 59121546039.728714 1.53959860336e+29 227687987790132.8
8 59183946039.728714 1.5272409816e+29 224358988567079.6
8 59246746039.728714 1.53455977937e+29 224358988567079.6
8 59310346039.728714 1.54137921525e+29 221088364208669.47
8 59374346039.728714 1.52849164913e+29 221088364208669.47
8 59438746039.728714 1.53473521726e+29 217874905772123.66
8 59503946039.728714 1.54049315322e+29 217874905772123.66
8 59569546039.728714 1.52704732137e+29 214717221339027.6
8 59635546039.728714 1.53218970459e+29 214717221339027.6
8 59702346039.728714 1.53690743784e+29 211613704282269.9
8 59769946039.728714 1.54109841838e+29 211613704282269.9
8 59838346039.728714 1.54486047181e+29 208562893154351.5
8 59907146039.728714 1.53017324961e+29 208562893154351.5
8 59976346039.728714 1.53331242289e+29 205563710445315.78
8 60046346039.728714 1.53592182093e+29 205563710445315.78
8 60117146039.728714 1.53808412144e+29 202615235367700.72
8 60188746039.728714 1.53972349053e+29 202615235367700.72
8 60261146039.728714 1.54088894147e+29 199716880373943.75
8 60334346039.728714 1.54155569422e+29 199716880373943.75
8 60408346039.728714 1.54170735096e+29 196868306193169.38
8 60483146039.728714 1.54138841692e+29 196868306193169.38
8 60558746039.728714 1.54052392092e+29 194069026751654.5
8 60635146039.728714 1.53918912741e+29 191317735221836.97
8 60712346039.728714 1.53732201519e+29 191317735221836.97
8 60790346039.728714 1.53494232522e+29 188612560136242.88
8 60869146039.728714 1.53207446439e+29 185951958544960.0
8 60948746039.728714 1.52866003974e+29 185951958544960.0
8 61029546039.728714 1.53989501584e+29 183335294097136.62
8 61111546039.728714 1.53508602283e+29 180762525002031.12
8 61194346039.728714 1.52972871764e+29 180762525002031.12
8 61278346039.728714 1.53840828664e+29 178233322938665.9
8 61363546039.728714 1.53161936958e+29 175746572643379.7
8 61449946039.728714 1.53843803246e+29 175746572643379.7
8 61537546039.728714 1.53016327299e+29 173300600800398.3
8 61626346039.728714 1.53509268333e+29 170894076105180.28
8 61716746039.728714 1.53886499264e+29 168526484410387.7
8 61808346039.728714 1.52816504485e+29 166197830260911.72
8 61901146039.728714 1.53000016668e+29 166197830260911.72
8 61995546039.728714 1.53063980099e+29 163907743744161.94
8 62091546039.728714 1.53007957037e+29 161655471971101.6
8 62189146039.728714 1.52831581069e+29 159440320505312.44
8 62288746039.728714 1.5375341095e+29 157261842422874.1
8 62390346039.728714 1.53289457692e+29 155119359892311.06
8 62493546039.728714 1.52702642733e+29 153011438887318.38
8 62598746039.728714 1.53140291753e+29 150936685191659.06
8 62706346039.728714 1.53381170913e+29 148894252997381.28
8 62816346039.728714 1.53422979267e+29 146884200232963.47
8 62928746039.728714 1.53263704479e+29 144906391879523.62
8 63043546039.728714 1.52902325213e+29 141045127328091.62
8 63161146039.728714 1.53361756394e+29 139160481497894.19
8 63281946039.728714 1.53538398612e+29 137306183945870.47
8 63405946039.728714 1.53428433489e+29 133686381402593.31
8 63533146039.728714 1.53030135365e+29 131919178434401.22
8 63663946039.728714 1.53252984753e+29 130179627079813.27
8 63798746039.728714 1.53098381997e+29 126782199891286.7
8 63937946039.728714 1.53416852738e+29 123490294307218.61
8 64081946039.728714 1.53259379267e+29 121882361857063.78
8 64231146039.728714 1.53416076011e+29 118741048972315.92
8 64385946039.728714 1.52991917014e+29 115698128295597.73
8 64546746039.728714 1.52710712964e+29 112748470815234.67
8 64714746039.728714 1.53132914156e+29 108489912829039.28
8 64891146039.728714 1.53313092748e+29 105758593120124.69
8 65076746039.728714 1.53095272059e+29 101817217797476.11
8 65272746039.728714 1.52900958508e+29 98050610375378.2
8 65481146039.728714 1.52959642229e+29 94453110856698.52
8 65704346039.728714 1.52765903691e+29 89904071057587.33
8 65945546039.728714 1.5270625674e+29 85616154033012.16
8 66209546039.728714 1.52685798089e+29 80610463038329.81
8 66503546039.728714 1.52756864555e+29 75959528005986.28
8 66839146039.728714 1.5273083904e+29 69175607729099.03
8 67237946039.728714 1.52759455278e+29 62443512361550.914
8 67751146039.728714 1.5273472461e+29 53517628102277.76
8 68648746039.728714 1.52704131899e+29 37549071875213.13
#
#
# runtime:  18539.738915  seconds
