## fname /home/mjoyce/UCT_SAAO/research/MESA2HYDRO/data/sample_MESA_output/profile_mainsequence_logE.data  masscut 0.94    N 8   mp (Ms) 1e-07   mp (g) 1.988e+26   stepsize 1.0000000e+08
#N    (ru+rl)/2 (cm)    Mcontained in shell ru-rl     u(rmid)
8 41406996039.728714 0 660338772348221.9
8 41419496039.728714 0 660338772348221.9
8 41431996039.728714 0 660338772348221.9
8 41444496039.728714 0 660338772348221.9
8 41456996039.728714 0 660338772348221.9
8 41469496039.728714 0 660338772348221.9
8 41481996039.728714 0 660338772348221.9
8 41494496039.728714 0 660338772348221.9
8 41506996039.728714 0 660338772348221.9
8 41519496039.728714 0 660338772348221.9
8 41531996039.728714 0 660338772348221.9
8 41544496039.728714 0 660338772348221.9
8 41556996039.728714 0 652896252484949.2
8 41569496039.728714 0 652896252484949.2
8 41582386664.728714 0 652896252484949.2
8 41595667914.728714 0 652896252484949.2
8 41608949164.728714 0 652896252484949.2
8 41622230414.728714 0 652896252484949.2
8 41635511664.728714 0 652896252484949.2
8 41648792914.728714 0 652896252484949.2
8 41662074164.728714 0 652896252484949.2
8 41675355414.728714 0 652896252484949.2
8 41688636664.728714 0 652896252484949.2
8 41701917914.728714 0 652896252484949.2
8 41715199164.728714 0 652896252484949.2
8 41728480414.728714 0 652896252484949.2
8 41741761664.728714 0 652896252484949.2
8 41755042914.728714 0 652896252484949.2
8 41768714789.728714 0 652896252484949.2
8 41782777289.728714 0 652896252484949.2
8 41796839789.728714 0 652896252484949.2
8 41810902289.728714 0 652896252484949.2
8 41824964789.728714 0 652896252484949.2
8 41839027289.728714 0 652896252484949.2
8 41853089789.728714 0 646347694952733.0
8 41867152289.728714 0 646347694952733.0
8 41881214789.728714 0 646347694952733.0
8 41895277289.728714 0 646347694952733.0
8 41909339789.728714 0 646347694952733.0
8 41923402289.728714 0 646347694952733.0
8 41937464789.728714 0 646347694952733.0
8 41951527289.728714 0 646347694952733.0
8 41965589789.728714 0 646347694952733.0
8 41979652289.728714 0 646347694952733.0
8 41993714789.728714 0 646347694952733.0
8 42007777289.728714 0 646347694952733.0
8 42021839789.728714 0 646347694952733.0
8 42035902289.728714 0 646347694952733.0
8 42049964789.728714 0 646347694952733.0
8 42064027289.728714 0 646347694952733.0
8 42078089789.728714 0 646347694952733.0
8 42092152289.728714 0 646347694952733.0
8 42106214789.728714 0 646347694952733.0
8 42120277289.728714 0 646347694952733.0
8 42134339789.728714 0 646347694952733.0
8 42148402289.728714 0 639844781192982.9
8 42162464789.728714 0 639844781192982.9
8 42176527289.728714 0 639844781192982.9
8 42190589789.728714 0 639844781192982.9
8 42204652289.728714 0 639844781192982.9
8 42218714789.728714 0 639844781192982.9
8 42232777289.728714 0 639844781192982.9
8 42246839789.728714 0 639844781192982.9
8 42260902289.728714 0 639844781192982.9
8 42274964789.728714 0 639844781192982.9
8 42289027289.728714 0 639844781192982.9
8 42303089789.728714 0 639844781192982.9
8 42317152289.728714 0 639844781192982.9
8 42331214789.728714 0 639844781192982.9
8 42345277289.728714 0 639844781192982.9
8 42359339789.728714 0 639844781192982.9
8 42373402289.728714 0 639844781192982.9
8 42387464789.728714 0 639844781192982.9
8 42401527289.728714 0 639844781192982.9
8 42415589789.728714 0 639844781192982.9
8 42429652289.728714 0 639844781192982.9
8 42443714789.728714 0 633387315236963.4
8 42457777289.728714 0 633387315236963.4
8 42471839789.728714 0 633387315236963.4
8 42485902289.728714 0 633387315236963.4
8 42499964789.728714 0 633387315236963.4
8 42514027289.728714 0 633387315236963.4
8 42528089789.728714 0 633387315236963.4
8 42542152289.728714 0 633387315236963.4
8 42556214789.728714 0 633387315236963.4
8 42570277289.728714 0 633387315236963.4
8 42584339789.728714 0 633387315236963.4
8 42598402289.728714 0 633387315236963.4
8 42612464789.728714 0 633387315236963.4
8 42626527289.728714 0 633387315236963.4
8 42640589789.728714 0 633387315236963.4
8 42654652289.728714 0 633387315236963.4
8 42668714789.728714 0 633387315236963.4
8 42682777289.728714 0 633387315236963.4
8 42696839789.728714 0 633387315236963.4
8 42710902289.728714 0 633387315236963.4
8 42724964789.728714 0 633387315236963.4
8 42739027289.728714 0 626973445454027.8
8 42753089789.728714 0 626973445454027.8
8 42767152289.728714 0 626973445454027.8
8 42781214789.728714 0 626973445454027.8
8 42795277289.728714 0 626973445454027.8
8 42809339789.728714 0 626973445454027.8
8 42823402289.728714 0 626973445454027.8
8 42837464789.728714 0 626973445454027.8
8 42851527289.728714 0 626973445454027.8
8 42865589789.728714 0 626973445454027.8
8 42879652289.728714 0 626973445454027.8
8 42893714789.728714 0 626973445454027.8
8 42907777289.728714 0 626973445454027.8
8 42922230414.728714 0 626973445454027.8
8 42937074164.728714 0 626973445454027.8
8 42951917914.728714 0 626973445454027.8
8 42966761664.728714 0 626973445454027.8
8 42981996039.728714 0 626973445454027.8
8 42997621039.728714 0 626973445454027.8
8 43013246039.728714 0 626973445454027.8
8 43028871039.728714 0 620600612486512.4
8 43044496039.728714 0 620600612486512.4
8 43060121039.728714 0 620600612486512.4
8 43075746039.728714 0 620600612486512.4
8 43091371039.728714 0 620600612486512.4
8 43106996039.728714 0 620600612486512.4
8 43122621039.728714 0 620600612486512.4
8 43138246039.728714 0 620600612486512.4
8 43153871039.728714 0 620600612486512.4
8 43169496039.728714 0 620600612486512.4
8 43185121039.728714 0 620600612486512.4
8 43200746039.728714 0 620600612486512.4
8 43216371039.728714 0 620600612486512.4
8 43231996039.728714 0 620600612486512.4
8 43247621039.728714 0 620600612486512.4
8 43263246039.728714 0 620600612486512.4
8 43278871039.728714 0 620600612486512.4
8 43294496039.728714 0 620600612486512.4
8 43310121039.728714 0 620600612486512.4
8 43325746039.728714 0 614266038581473.1
8 43341371039.728714 0 614266038581473.1
8 43356996039.728714 0 614266038581473.1
8 43372621039.728714 0 614266038581473.1
8 43388246039.728714 0 614266038581473.1
8 43403871039.728714 0 614266038581473.1
8 43419496039.728714 0 614266038581473.1
8 43435121039.728714 0 614266038581473.1
8 43450746039.728714 0 614266038581473.1
8 43466371039.728714 0 614266038581473.1
8 43481996039.728714 0 614266038581473.1
8 43497621039.728714 0 614266038581473.1
8 43513246039.728714 0 614266038581473.1
8 43528871039.728714 0 614266038581473.1
8 43544496039.728714 0 614266038581473.1
8 43560121039.728714 0 614266038581473.1
8 43575746039.728714 0 614266038581473.1
8 43591371039.728714 0 614266038581473.1
8 43606996039.728714 0 607966930741620.5
8 43622621039.728714 0 607966930741620.5
8 43638246039.728714 0 607966930741620.5
8 43653871039.728714 0 607966930741620.5
8 43669496039.728714 0 607966930741620.5
8 43685121039.728714 0 607966930741620.5
8 43700746039.728714 0 607966930741620.5
8 43716371039.728714 0 607966930741620.5
8 43731996039.728714 0 607966930741620.5
8 43747621039.728714 0 607966930741620.5
8 43763246039.728714 0 607966930741620.5
8 43778871039.728714 0 607966930741620.5
8 43794496039.728714 0 607966930741620.5
8 43810121039.728714 0 607966930741620.5
8 43825746039.728714 0 607966930741620.5
8 43841371039.728714 0 607966930741620.5
8 43856996039.728714 0 607966930741620.5
8 43872621039.728714 0 607966930741620.5
8 43888246039.728714 0 607966930741620.5
8 43903871039.728714 0 601700759355723.8
8 43919496039.728714 0 601700759355723.8
8 43935121039.728714 0 601700759355723.8
8 43950746039.728714 0 601700759355723.8
8 43966371039.728714 0 601700759355723.8
8 43981996039.728714 0 601700759355723.8
8 43997621039.728714 0 601700759355723.8
8 44013246039.728714 0 601700759355723.8
8 44028871039.728714 0 601700759355723.8
8 44044496039.728714 0 601700759355723.8
8 44060121039.728714 0 601700759355723.8
8 44075746039.728714 0 601700759355723.8
8 44091371039.728714 0 601700759355723.8
8 44106996039.728714 0 601700759355723.8
8 44122621039.728714 0 601700759355723.8
8 44139027289.728714 0 601700759355723.8
8 44156214789.728714 0 601700759355723.8
8 44173402289.728714 0 601700759355723.8
8 44190589789.728714 0 595465314231329.2
8 44207777289.728714 0 595465314231329.2
8 44224964789.728714 0 595465314231329.2
8 44242152289.728714 0 595465314231329.2
8 44259339789.728714 0 595465314231329.2
8 44276527289.728714 0 595465314231329.2
8 44293714789.728714 0 595465314231329.2
8 44310902289.728714 0 595465314231329.2
8 44328089789.728714 0 595465314231329.2
8 44345277289.728714 0 595465314231329.2
8 44362464789.728714 0 595465314231329.2
8 44379652289.728714 0 595465314231329.2
8 44396839789.728714 0 595465314231329.2
8 44414027289.728714 0 595465314231329.2
8 44431214789.728714 0 595465314231329.2
8 44448402289.728714 0 595465314231329.2
8 44465589789.728714 0 595465314231329.2
8 44482777289.728714 0 589258378470761.1
8 44499964789.728714 0 589258378470761.1
8 44517152289.728714 0 589258378470761.1
8 44534339789.728714 0 589258378470761.1
8 44551527289.728714 0 589258378470761.1
8 44568714789.728714 0 589258378470761.1
8 44585902289.728714 0 589258378470761.1
8 44603089789.728714 0 589258378470761.1
8 44620277289.728714 0 589258378470761.1
8 44637464789.728714 0 589258378470761.1
8 44654652289.728714 0 589258378470761.1
8 44671839789.728714 0 589258378470761.1
8 44689027289.728714 0 589258378470761.1
8 44706214789.728714 0 589258378470761.1
8 44723402289.728714 0 589258378470761.1
8 44740589789.728714 0 589258378470761.1
8 44757777289.728714 0 589258378470761.1
8 44774964789.728714 0 583077320580816.0
8 44792152289.728714 0 583077320580816.0
8 44809339789.728714 0 583077320580816.0
8 44826527289.728714 0 583077320580816.0
8 44843714789.728714 0 583077320580816.0
8 44860902289.728714 0 583077320580816.0
8 44878089789.728714 0 583077320580816.0
8 44895277289.728714 0 583077320580816.0
8 44912464789.728714 0 583077320580816.0
8 44929652289.728714 0 583077320580816.0
8 44946839789.728714 0 583077320580816.0
8 44964027289.728714 0 583077320580816.0
8 44981214789.728714 0 583077320580816.0
8 44998402289.728714 0 583077320580816.0
8 45015589789.728714 0 583077320580816.0
8 45032777289.728714 0 583077320580816.0
8 45049964789.728714 0 583077320580816.0
8 45067152289.728714 0 576919447495537.9
8 45084339789.728714 0 576919447495537.9
8 45102308539.728714 0 576919447495537.9
8 45121058539.728714 0 576919447495537.9
8 45139808539.728714 0 576919447495537.9
8 45158558539.728714 0 576919447495537.9
8 45177308539.728714 0 576919447495537.9
8 45196058539.728714 0 576919447495537.9
8 45214808539.728714 0 576919447495537.9
8 45233558539.728714 0 576919447495537.9
8 45252308539.728714 0 576919447495537.9
8 45271058539.728714 0 576919447495537.9
8 45289808539.728714 0 576919447495537.9
8 45308558539.728714 0 576919447495537.9
8 45327308539.728714 0 576919447495537.9
8 45346058539.728714 0 576919447495537.9
8 45364808539.728714 0 570782067127293.4
8 45383558539.728714 0 570782067127293.4
8 45402308539.728714 0 570782067127293.4
8 45421058539.728714 0 570782067127293.4
8 45439808539.728714 0 570782067127293.4
8 45458558539.728714 0 570782067127293.4
8 45477308539.728714 0 570782067127293.4
8 45496058539.728714 0 570782067127293.4
8 45514808539.728714 0 570782067127293.4
8 45533558539.728714 0 570782067127293.4
8 45552308539.728714 0 570782067127293.4
8 45571058539.728714 0 570782067127293.4
8 45589808539.728714 0 570782067127293.4
8 45608558539.728714 0 570782067127293.4
8 45627308539.728714 0 570782067127293.4
8 45646058539.728714 0 564661839176767.6
8 45664808539.728714 0 564661839176767.6
8 45683558539.728714 0 564661839176767.6
8 45702308539.728714 0 564661839176767.6
8 45721058539.728714 0 564661839176767.6
8 45739808539.728714 0 564661839176767.6
8 45758558539.728714 0 564661839176767.6
8 45777308539.728714 0 564661839176767.6
8 45796058539.728714 0 564661839176767.6
8 45814808539.728714 0 564661839176767.6
8 45833558539.728714 0 564661839176767.6
8 45852308539.728714 0 564661839176767.6
8 45871058539.728714 0 564661839176767.6
8 45889808539.728714 0 564661839176767.6
8 45908558539.728714 0 564661839176767.6
8 45927308539.728714 0 558553460067370.0
8 45946058539.728714 0 558553460067370.0
8 45964808539.728714 0 558553460067370.0
8 45983558539.728714 0 558553460067370.0
8 46002308539.728714 0 558553460067370.0
8 46021058539.728714 0 558553460067370.0
8 46039808539.728714 0 558553460067370.0
8 46058558539.728714 0 558553460067370.0
8 46077308539.728714 0 558553460067370.0
8 46096058539.728714 0 558553460067370.0
8 46114808539.728714 0 558553460067370.0
8 46133558539.728714 0 558553460067370.0
8 46152308539.728714 0 558553460067370.0
8 46171058539.728714 0 558553460067370.0
8 46189808539.728714 0 558553460067370.0
8 46208558539.728714 0 552450376210929.9
8 46227308539.728714 0 552450376210929.9
8 46246058539.728714 0 552450376210929.9
8 46264808539.728714 0 552450376210929.9
8 46284339789.728714 0 552450376210929.9
8 46304652289.728714 0 552450376210929.9
8 46324964789.728714 0 552450376210929.9
8 46345277289.728714 0 552450376210929.9
8 46365589789.728714 0 552450376210929.9
8 46385902289.728714 0 552450376210929.9
8 46406214789.728714 0 552450376210929.9
8 46426527289.728714 0 552450376210929.9
8 46446839789.728714 0 552450376210929.9
8 46467152289.728714 0 552450376210929.9
8 46487464789.728714 0 552450376210929.9
8 46507777289.728714 0 546347476293263.44
8 46528089789.728714 0 546347476293263.44
8 46548402289.728714 0 546347476293263.44
8 46568714789.728714 0 546347476293263.44
8 46589027289.728714 0 546347476293263.44
8 46609339789.728714 0 546347476293263.44
8 46629652289.728714 0 546347476293263.44
8 46649964789.728714 0 546347476293263.44
8 46670277289.728714 0 546347476293263.44
8 46690589789.728714 0 546347476293263.44
8 46710902289.728714 0 546347476293263.44
8 46731214789.728714 0 546347476293263.44
8 46751527289.728714 0 546347476293263.44
8 46771839789.728714 0 540241370571888.4
8 46792152289.728714 0 540241370571888.4
8 46812464789.728714 0 540241370571888.4
8 46832777289.728714 0 540241370571888.4
8 46853089789.728714 0 540241370571888.4
8 46873402289.728714 0 540241370571888.4
8 46893714789.728714 0 540241370571888.4
8 46914808539.728714 0 540241370571888.4
8 46936683539.728714 0 540241370571888.4
8 46958558539.728714 0 540241370571888.4
8 46980433539.728714 0 540241370571888.4
8 47002308539.728714 0 540241370571888.4
8 47024183539.728714 0 540241370571888.4
8 47046058539.728714 0 540241370571888.4
8 47067933539.728714 0 534128729707063.25
8 47089808539.728714 0 534128729707063.25
8 47111683539.728714 0 534128729707063.25
8 47133558539.728714 0 534128729707063.25
8 47155433539.728714 0 534128729707063.25
8 47177308539.728714 0 534128729707063.25
8 47199183539.728714 0 534128729707063.25
8 47221058539.728714 0 534128729707063.25
8 47242933539.728714 0 534128729707063.25
8 47264808539.728714 0 534128729707063.25
8 47286683539.728714 0 534128729707063.25
8 47308558539.728714 0 534128729707063.25
8 47330433539.728714 0 534128729707063.25
8 47352308539.728714 0 528003960992731.8
8 47374183539.728714 0 528003960992731.8
8 47396058539.728714 0 528003960992731.8
8 47417933539.728714 0 528003960992731.8
8 47439808539.728714 0 528003960992731.8
8 47461683539.728714 0 528003960992731.8
8 47483558539.728714 0 528003960992731.8
8 47505433539.728714 0 528003960992731.8
8 47527308539.728714 0 528003960992731.8
8 47549183539.728714 0 528003960992731.8
8 47571058539.728714 0 528003960992731.8
8 47592933539.728714 0 528003960992731.8
8 47614808539.728714 0 521859844678275.44
8 47636683539.728714 0 521859844678275.44
8 47658558539.728714 0 521859844678275.44
8 47680433539.728714 0 521859844678275.44
8 47702308539.728714 0 521859844678275.44
8 47724183539.728714 0 521859844678275.44
8 47746058539.728714 0 521859844678275.44
8 47767933539.728714 0 521859844678275.44
8 47789808539.728714 0 521859844678275.44
8 47811683539.728714 0 521859844678275.44
8 47833558539.728714 0 521859844678275.44
8 47855433539.728714 0 521859844678275.44
8 47877308539.728714 0 521859844678275.44
8 47899183539.728714 0 515688753127805.75
8 47921058539.728714 0 515688753127805.75
8 47942933539.728714 0 515688753127805.75
8 47964808539.728714 0 515688753127805.75
8 47986683539.728714 0 515688753127805.75
8 48008558539.728714 0 515688753127805.75
8 48030433539.728714 0 515688753127805.75
8 48052308539.728714 0 515688753127805.75
8 48074183539.728714 0 515688753127805.75
8 48096058539.728714 0 515688753127805.75
8 48117933539.728714 0 515688753127805.75
8 48140589789.728714 0 515688753127805.75
8 48164027289.728714 0 509483215338771.6
8 48187464789.728714 0 509483215338771.6
8 48210902289.728714 0 509483215338771.6
8 48234339789.728714 0 509483215338771.6
8 48257777289.728714 0 509483215338771.6
8 48281214789.728714 0 509483215338771.6
8 48304652289.728714 0 509483215338771.6
8 48328089789.728714 0 509483215338771.6
8 48351527289.728714 0 509483215338771.6
8 48374964789.728714 0 509483215338771.6
8 48398402289.728714 0 509483215338771.6
8 48421839789.728714 0 509483215338771.6
8 48445277289.728714 0 503235205023974.2
8 48468714789.728714 0 503235205023974.2
8 48492152289.728714 0 503235205023974.2
8 48515589789.728714 0 503235205023974.2
8 48539808539.728714 0 503235205023974.2
8 48564808539.728714 0 503235205023974.2
8 48589808539.728714 0 503235205023974.2
8 48614808539.728714 0 503235205023974.2
8 48639808539.728714 0 503235205023974.2
8 48664808539.728714 0 503235205023974.2
8 48689808539.728714 0 503235205023974.2
8 48714808539.728714 0 496935002566250.5
8 48739808539.728714 0 496935002566250.5
8 48764808539.728714 0 496935002566250.5
8 48789808539.728714 0 496935002566250.5
8 48814808539.728714 0 496935002566250.5
8 48839808539.728714 0 496935002566250.5
8 48864808539.728714 0 496935002566250.5
8 48889808539.728714 0 496935002566250.5
8 48914808539.728714 0 496935002566250.5
8 48939808539.728714 0 496935002566250.5
8 48964808539.728714 0 496935002566250.5
8 48989808539.728714 0 490570691686462.4
8 49014808539.728714 0 490570691686462.4
8 49039808539.728714 0 490570691686462.4
8 49064808539.728714 0 490570691686462.4
8 49089808539.728714 0 490570691686462.4
8 49114808539.728714 0 490570691686462.4
8 49139808539.728714 0 490570691686462.4
8 49164808539.728714 0 490570691686462.4
8 49189808539.728714 0 485702904404521.4
8 49214808539.728714 0 485702904404521.4
8 49239808539.728714 0 485702904404521.4
8 49264808539.728714 0 485702904404521.4
8 49289808539.728714 0 485702904404521.4
8 49314808539.728714 0 482458615283164.9
8 49339808539.728714 0 482458615283164.9
8 49364808539.728714 0 482458615283164.9
8 49389808539.728714 0 482458615283164.9
8 49414808539.728714 0 482458615283164.9
8 49439808539.728714 0 482458615283164.9
8 49464808539.728714 0 482458615283164.9
8 49489808539.728714 0 482458615283164.9
8 49514808539.728714 0 477589862311219.6
8 49539808539.728714 0 477589862311219.6
8 49564808539.728714 0 477589862311219.6
8 49589808539.728714 0 477589862311219.6
8 49614808539.728714 0 477589862311219.6
8 49639808539.728714 0 477589862311219.6
8 49664808539.728714 0 477589862311219.6
8 49689808539.728714 0 477589862311219.6
8 49714808539.728714 0 477589862311219.6
8 49739808539.728714 0 477589862311219.6
8 49764808539.728714 0 477589862311219.6
8 49789808539.728714 0 470932330508570.0
8 49815589789.728714 0 470932330508570.0
8 49842152289.728714 0 470932330508570.0
8 49868714789.728714 0 470932330508570.0
8 49895277289.728714 0 470932330508570.0
8 49921839789.728714 0 470932330508570.0
8 49948402289.728714 0 470932330508570.0
8 49974964789.728714 0 470932330508570.0
8 50001527289.728714 0 470932330508570.0
8 50028871039.728714 0 470932330508570.0
8 50056996039.728714 0 464132574261196.94
8 50085121039.728714 0 464132574261196.94
8 50113246039.728714 0 464132574261196.94
8 50141371039.728714 0 464132574261196.94
8 50169496039.728714 0 464132574261196.94
8 50197621039.728714 0 464132574261196.94
8 50225746039.728714 0 464132574261196.94
8 50253871039.728714 0 464132574261196.94
8 50281996039.728714 0 464132574261196.94
8 50310121039.728714 0 457161995575757.25
8 50338246039.728714 0 457161995575757.25
8 50366371039.728714 0 457161995575757.25
8 50394496039.728714 0 457161995575757.25
8 50422621039.728714 0 457161995575757.25
8 50450746039.728714 0 457161995575757.25
8 50478871039.728714 0 457161995575757.25
8 50506996039.728714 0 457161995575757.25
8 50535121039.728714 0 457161995575757.25
8 50563246039.728714 0 449985576651438.1
8 50591371039.728714 0 449985576651438.1
8 50619496039.728714 0 449985576651438.1
8 50647621039.728714 0 449985576651438.1
8 50675746039.728714 0 449985576651438.1
8 50703871039.728714 0 449985576651438.1
8 50731996039.728714 0 449985576651438.1
8 50760121039.728714 0 449985576651438.1
8 50788246039.728714 0 449985576651438.1
8 50816371039.728714 0 442557739537541.7
8 50844496039.728714 0 442557739537541.7
8 50872621039.728714 0 442557739537541.7
8 50900746039.728714 0 442557739537541.7
8 50928871039.728714 0 442557739537541.7
8 50956996039.728714 0 442557739537541.7
8 50985121039.728714 0 442557739537541.7
8 51013246039.728714 0 442557739537541.7
8 51041371039.728714 0 442557739537541.7
8 51069496039.728714 0 435055600524980.44
8 51097621039.728714 0 435055600524980.44
8 51125746039.728714 0 435055600524980.44
8 51153871039.728714 0 435055600524980.44
8 51181996039.728714 0 435055600524980.44
8 51210121039.728714 0 435055600524980.44
8 51238246039.728714 0 435055600524980.44
8 51266371039.728714 0 435055600524980.44
8 51294496039.728714 0 427710176441820.06
8 51322621039.728714 0 427710176441820.06
8 51350746039.728714 0 427710176441820.06
8 51378871039.728714 0 427710176441820.06
8 51406996039.728714 0 427710176441820.06
8 51435121039.728714 0 427710176441820.06
8 51464027289.728714 0 427710176441820.06
8 51493714789.728714 0 427710176441820.06
8 51524183539.728714 0 427710176441820.06
8 51555433539.728714 0 420518599962753.06
8 51586683539.728714 0 420518599962753.06
8 51617933539.728714 0 420518599962753.06
8 51649183539.728714 0 420518599962753.06
8 51680433539.728714 0 420518599962753.06
8 51711683539.728714 0 420518599962753.06
8 51742933539.728714 0 420518599962753.06
8 51774183539.728714 0 420518599962753.06
8 51805433539.728714 0 413479642562946.5
8 51836683539.728714 0 413479642562946.5
8 51867933539.728714 0 413479642562946.5
8 51899183539.728714 0 413479642562946.5
8 51930433539.728714 0 413479642562946.5
8 51961683539.728714 0 413479642562946.5
8 51992933539.728714 0 413479642562946.5
8 52024183539.728714 0 406590205568738.1
8 52055433539.728714 0 406590205568738.1
8 52086683539.728714 0 406590205568738.1
8 52117933539.728714 0 406590205568738.1
8 52149183539.728714 0 406590205568738.1
8 52180433539.728714 0 406590205568738.1
8 52211683539.728714 0 406590205568738.1
8 52242933539.728714 0 406590205568738.1
8 52274183539.728714 0 399844968174299.06
8 52305433539.728714 0 399844968174299.06
8 52336683539.728714 0 399844968174299.06
8 52367933539.728714 0 399844968174299.06
8 52399183539.728714 0 399844968174299.06
8 52430433539.728714 0 399844968174299.06
8 52461683539.728714 0 399844968174299.06
8 52492933539.728714 0 393238984433208.44
8 52524183539.728714 0 393238984433208.44
8 52555433539.728714 0 393238984433208.44
8 52586683539.728714 0 393238984433208.44
8 52617933539.728714 0 393238984433208.44
8 52649183539.728714 0 393238984433208.44
8 52680433539.728714 0 393238984433208.44
8 52711683539.728714 0 386768540555151.5
8 52742933539.728714 0 386768540555151.5
8 52774183539.728714 0 386768540555151.5
8 52805433539.728714 0 386768540555151.5
8 52836683539.728714 0 386768540555151.5
8 52867933539.728714 0 386768540555151.5
8 52900746039.728714 0 386768540555151.5
8 52935121039.728714 0 380430917840439.9
8 52969496039.728714 0 380430917840439.9
8 53003871039.728714 0 380430917840439.9
8 53038246039.728714 0 380430917840439.9
8 53072621039.728714 0 380430917840439.9
8 53106996039.728714 0 380430917840439.9
8 53141371039.728714 0 380430917840439.9
8 53175746039.728714 0 374223394988909.56
8 53210121039.728714 0 374223394988909.56
8 53244496039.728714 0 374223394988909.56
8 53278871039.728714 0 374223394988909.56
8 53313246039.728714 0 374223394988909.56
8 53347621039.728714 0 374223394988909.56
8 53381996039.728714 0 368141909409773.75
8 53416371039.728714 0 368141909409773.75
8 53450746039.728714 0 368141909409773.75
8 53485121039.728714 0 368141909409773.75
8 53519496039.728714 0 368141909409773.75
8 53553871039.728714 0 368141909409773.75
8 53588246039.728714 0 368141909409773.75
8 53622621039.728714 0 362181673285914.2
8 53656996039.728714 0 362181673285914.2
8 53691371039.728714 0 362181673285914.2
8 53725746039.728714 0 362181673285914.2
8 53760121039.728714 0 362181673285914.2
8 53794496039.728714 0 362181673285914.2
8 53828871039.728714 0 356338675036438.1
8 53863246039.728714 0 356338675036438.1
8 53897621039.728714 0 356338675036438.1
8 53933558539.728714 0 356338675036438.1
8 53971058539.728714 0 356338675036438.1
8 54008558539.728714 0 356338675036438.1
8 54046058539.728714 0 350611243983285.7
8 54083558539.728714 0 350611243983285.7
8 54121058539.728714 0 350611243983285.7
8 54158558539.728714 0 350611243983285.7
8 54196058539.728714 0 350611243983285.7
8 54233558539.728714 0 344997672480754.94
8 54271058539.728714 0 344997672480754.94
8 54308558539.728714 0 344997672480754.94
8 54346058539.728714 0 344997672480754.94
8 54383558539.728714 0 344997672480754.94
8 54421058539.728714 0 344997672480754.94
8 54458558539.728714 0 339495064936657.6
8 54496058539.728714 0 339495064936657.6
8 54533558539.728714 0 339495064936657.6
8 54571058539.728714 0 339495064936657.6
8 54608558539.728714 0 339495064936657.6
8 54646058539.728714 0 334099878568108.06
8 54683558539.728714 0 334099878568108.06
8 54721058539.728714 0 334099878568108.06
8 54758558539.728714 0 334099878568108.06
8 54796058539.728714 0 334099878568108.06
8 54833558539.728714 0 334099878568108.06
8 54871058539.728714 0 328809658473287.1
8 54908558539.728714 0 328809658473287.1
8 54946058539.728714 0 328809658473287.1
8 54983558539.728714 0 328809658473287.1
8 55021058539.728714 0 328809658473287.1
8 55060121039.728714 0 323622415358043.4
8 55100746039.728714 0 323622415358043.4
8 55141371039.728714 0 323622415358043.4
8 55181996039.728714 0 323622415358043.4
8 55222621039.728714 0 323622415358043.4
8 55263246039.728714 0 318535490990646.75
8 55303871039.728714 0 318535490990646.75
8 55344496039.728714 0 318535490990646.75
8 55385121039.728714 0 318535490990646.75
8 55425746039.728714 0 318535490990646.75
8 55466371039.728714 0 313545781840913.44
8 55506996039.728714 0 313545781840913.44
8 55547621039.728714 0 313545781840913.44
8 55588246039.728714 0 313545781840913.44
8 55628871039.728714 0 308650644113552.7
8 55671058539.728714 0 308650644113552.7
8 55714808539.728714 0 308650644113552.7
8 55758558539.728714 0 308650644113552.7
8 55802308539.728714 0 308650644113552.7
8 55846058539.728714 0 303848190582739.0
8 55889808539.728714 0 303848190582739.0
8 55933558539.728714 0 303848190582739.0
8 55977308539.728714 0 303848190582739.0
8 56021058539.728714 0 299136788473292.6
8 56064808539.728714 0 299136788473292.6
8 56108558539.728714 0 299136788473292.6
8 56152308539.728714 0 299136788473292.6
8 56196058539.728714 0 294514452634408.44
8 56239808539.728714 0 294514452634408.44
8 56283558539.728714 0 294514452634408.44
8 56327308539.728714 0 294514452634408.44
8 56371058539.728714 0 289978589429291.44
8 56414808539.728714 0 289978589429291.44
8 56458558539.728714 0 289978589429291.44
8 56502308539.728714 0 289978589429291.44
8 56546058539.728714 0 285526411207748.6
8 56589808539.728714 0 285526411207748.6
8 56633558539.728714 0 285526411207748.6
8 56678871039.728714 0 285526411207748.6
8 56725746039.728714 0 281155862373200.6
8 56772621039.728714 0 281155862373200.6
8 56819496039.728714 0 281155862373200.6
8 56866371039.728714 0 281155862373200.6
8 56913246039.728714 0 276865822291317.84
8 56960121039.728714 0 276865822291317.84
8 57008558539.728714 0 276865822291317.84
8 57058558539.728714 0 276865822291317.84
8 57108558539.728714 0 272655537336994.53
8 57158558539.728714 0 272655537336994.53
8 57208558539.728714 0 272655537336994.53
8 57258558539.728714 0 268523402749982.28
8 57308558539.728714 0 268523402749982.28
8 57358558539.728714 0 268523402749982.28
8 57408558539.728714 0 264467132470137.2
8 57458558539.728714 0 264467132470137.2
8 57508558539.728714 0 264467132470137.2
8 57558558539.728714 0 264467132470137.2
8 57608558539.728714 0 260484413037782.84
8 57658558539.728714 0 260484413037782.84
8 57708558539.728714 0 260484413037782.84
8 57758558539.728714 0 256573411164511.97
8 57808558539.728714 0 256573411164511.97
8 57858558539.728714 0 256573411164511.97
8 57910121039.728714 0 252732343378607.16
8 57963246039.728714 0 252732343378607.16
8 58016371039.728714 0 252732343378607.16
8 58071058539.728714 0 248959467034789.6
8 58127308539.728714 0 248959467034789.6
8 58183558539.728714 0 248959467034789.6
8 58239808539.728714 0 245253580730999.75
8 58296058539.728714 0 245253580730999.75
8 58352308539.728714 0 245253580730999.75
8 58408558539.728714 0 241613646907685.3
8 58464808539.728714 0 241613646907685.3
8 58521058539.728714 0 241613646907685.3
8 58577308539.728714 0 238038422328703.4
8 58633558539.728714 0 238038422328703.4
8 58689808539.728714 0 234526476866187.47
8 58746058539.728714 0 234526476866187.47
8 58802308539.728714 0 234526476866187.47
8 58858558539.728714 0 231076701129453.94
8 58917933539.728714 0 231076701129453.94
8 58980433539.728714 0 227687987790132.8
8 59042933539.728714 0 227687987790132.8
8 59105433539.728714 0 227687987790132.8
8 59167933539.728714 0 224358988567079.6
8 59230433539.728714 0 224358988567079.6
8 59292933539.728714 0 221088364208669.47
8 59355433539.728714 0 221088364208669.47
8 59417933539.728714 0 217874905772123.66
8 59480433539.728714 0 217874905772123.66
8 59542933539.728714 0 217874905772123.66
8 59605433539.728714 0 214717221339027.6
8 59667933539.728714 0 214717221339027.6
8 59733558539.728714 0 211613704282269.9
8 59802308539.728714 0 211613704282269.9
8 59871058539.728714 0 208562893154351.5
8 59939808539.728714 0 208562893154351.5
8 60008558539.728714 0 205563710445315.78
8 60077308539.728714 0 205563710445315.78
8 60146058539.728714 0 202615235367700.72
8 60214808539.728714 0 202615235367700.72
8 60286683539.728714 0 199716880373943.75
8 60361683539.728714 0 196868306193169.38
8 60436683539.728714 0 196868306193169.38
8 60511683539.728714 0 194069026751654.5
8 60586683539.728714 0 194069026751654.5
8 60661683539.728714 0 191317735221836.97
8 60736683539.728714 0 191317735221836.97
8 60811683539.728714 0 188612560136242.88
8 60886683539.728714 0 185951958544960.0
8 60964808539.728714 0 185951958544960.0
8 61046058539.728714 0 183335294097136.62
8 61127308539.728714 0 180762525002031.12
8 61208558539.728714 0 180762525002031.12
8 61292933539.728714 0 178233322938665.9
8 61380433539.728714 0 175746572643379.7
8 61467933539.728714 0 173300600800398.3
8 61555433539.728714 0 173300600800398.3
8 61642933539.728714 0 170894076105180.28
8 61730433539.728714 0 168526484410387.7
8 61817933539.728714 0 166197830260911.72
8 61908558539.728714 0 166197830260911.72
8 62002308539.728714 0 163907743744161.94
8 62099183539.728714 0 161655471971101.6
8 62199183539.728714 0 159440320505312.44
8 62299183539.728714 0 157261842422874.1
8 62399183539.728714 0 155119359892311.06
8 62499183539.728714 0 153011438887318.38
8 62602308539.728714 0 150936685191659.06
8 62711683539.728714 0 148894252997381.28
8 62824183539.728714 0 146884200232963.47
8 62936683539.728714 0 144906391879523.62
8 63049183539.728714 0 141045127328091.62
8 63161683539.728714 0 139160481497894.19
8 63280433539.728714 0 137306183945870.47
8 63405433539.728714 0 133686381402593.31
8 63530433539.728714 0 131919178434401.22
8 63655433539.728714 0 130179627079813.27
8 63786683539.728714 0 126782199891286.7
8 63924183539.728714 0 123490294307218.61
8 64067933539.728714 0 121882361857063.78
8 64217933539.728714 0 118741048972315.92
8 64367933539.728714 0 115698128295597.73
8 64524183539.728714 0 112748470815234.67
8 64692933539.728714 0 109887488736648.08
8 64867933539.728714 0 105758593120124.69
8 65049183539.728714 0 103110614998393.02
8 65242933539.728714 0 99287674808955.77
8 65449183539.728714 0 95633300741383.97
8 65667933539.728714 0 91016524046490.25
8 65905433539.728714 0 86664016622276.95
8 66167933539.728714 0 81582046182215.22
8 66455433539.728714 0 76862875638765.27
8 66780433539.728714 0 70801126355561.19
8 67155433539.728714 0 63865124960597.25
8 67630433539.728714 0 55288542506511.734
8 68355433539.728714 0 42894250607071.9
8 69655433539.72871 0 19557815157493.754
#
#
# runtime:  2863.10329509  seconds
