## fname ../data/sample_MESA_output/profile_OB_logE.data  masscut 0.98    N 16   mp (Ms) 1e-06   mp (g) 1.988e+27   RKstep 1.000e+07
#N    (ru+rl)/2 (cm)    M(g) contained in shell ru-rl   internal energy E (unlog)...ergs?
16 421617139169.0 6.43269205407e+30 5.19184168345e+15
16 421667139169.0 6.42765547996e+30 5.19003201005e+15
16 421717139169.0 6.42261597397e+30 5.18822233665e+15
16 421767139169.0 6.41757353555e+30 5.18641266325e+15
16 421817139169.0 6.41252816415e+30 5.18460298985e+15
16 421867139169.0 6.40747985921e+30 5.18279331646e+15
16 421917139169.0 6.40242862017e+30 5.18098364306e+15
16 421967139169.0 6.39737444648e+30 5.17917396966e+15
16 422017139169.0 6.3923173376e+30 5.17736429626e+15
16 422067139169.0 6.38725729296e+30 5.17555462286e+15
16 422117139169.0 6.38219431201e+30 5.17374494946e+15
16 422167139169.0 6.37712839421e+30 5.17193527606e+15
16 422217139169.0 6.37205953898e+30 5.17012560266e+15
16 422267139169.0 6.36698774579e+30 5.16831592926e+15
16 422317139169.0 6.36191301408e+30 5.16650625586e+15
16 422367139169.0 6.35683534329e+30 5.16469658246e+15
16 422417139169.0 6.35175473287e+30 5.16288690906e+15
16 422467139169.0 6.34667118227e+30 5.16107723566e+15
16 422517139169.0 6.34158469093e+30 5.15926756226e+15
16 422567139169.0 6.3364952583e+30 5.15745788886e+15
16 422617139169.0 6.33140288382e+30 5.15564821546e+15
16 422667139169.0 6.32630756695e+30 5.15383854206e+15
16 422717139169.0 6.32120930713e+30 5.15202886866e+15
16 422767139169.0 6.3161081038e+30 5.15021919526e+15
16 422817139169.0 6.31100395642e+30 5.14840952186e+15
16 422867139169.0 6.30589686442e+30 5.14659984846e+15
16 422917139169.0 6.30078682725e+30 5.14479017506e+15
16 422967139169.0 6.29567384437e+30 5.14298050167e+15
16 423017139169.0 6.29055791521e+30 5.14117082827e+15
16 423067139169.0 6.28543903923e+30 5.13936115487e+15
16 423117139169.0 6.28031721586e+30 5.13755148147e+15
16 423167139169.0 6.27519244456e+30 5.13574180807e+15
16 423217139169.0 6.27006472478e+30 5.13393213467e+15
16 423267139169.0 6.26493436394e+30 5.13212246127e+15
16 423317139169.0 6.25986619693e+30 5.13031738347e+15
16 423367139169.0 6.25490313455e+30 5.12852399492e+15
16 423417139169.0 6.24996609864e+30 5.12673060637e+15
16 423467139169.0 6.24502620711e+30 5.12493721782e+15
16 423517139169.0 6.24008345941e+30 5.12314382927e+15
16 423567139169.0 6.23513785501e+30 5.12135044072e+15
16 423617139169.0 6.23018939337e+30 5.11955705217e+15
16 423667139169.0 6.22523807396e+30 5.11776366362e+15
16 423717139169.0 6.22028389625e+30 5.11597027507e+15
16 423767139169.0 6.21532685968e+30 5.11417688652e+15
16 423817139169.0 6.21036696373e+30 5.11238349797e+15
16 423867139169.0 6.20540420786e+30 5.11059010942e+15
16 423917139169.0 6.20043859153e+30 5.10879672087e+15
16 423967139169.0 6.19547011421e+30 5.10700333232e+15
16 424017139169.0 6.19049877536e+30 5.10520994377e+15
16 424067139169.0 6.18552457445e+30 5.10341655522e+15
16 424117139169.0 6.18054751092e+30 5.10162316667e+15
16 424167139169.0 6.17556758426e+30 5.09982977812e+15
16 424217139169.0 6.17058479392e+30 5.09803638957e+15
16 424267139169.0 6.16559913937e+30 5.09624300102e+15
16 424317139169.0 6.16061062007e+30 5.09444961247e+15
16 424367139169.0 6.15561923547e+30 5.09265622392e+15
16 424417139169.0 6.15062498506e+30 5.09086283537e+15
16 424467139169.0 6.14562786828e+30 5.08906944682e+15
16 424517139169.0 6.14062788461e+30 5.08727605827e+15
16 424567139169.0 6.1356250335e+30 5.08548266972e+15
16 424617139169.0 6.13061931443e+30 5.08368928117e+15
16 424667139169.0 6.12561072684e+30 5.08189589262e+15
16 424717139169.0 6.12059927021e+30 5.08010250407e+15
16 424767139169.0 6.115584944e+30 5.07830911552e+15
16 424817139169.0 6.11056774767e+30 5.07651572697e+15
16 424872139169.0 6.78338380574e+30 5.07454299956e+15
16 424927139169.0 6.77724413261e+30 5.07257027216e+15
16 424982139169.0 6.77110059847e+30 5.07059754475e+15
16 425037139169.0 6.76500266122e+30 5.06862548055e+15
16 425092139169.0 6.75903371859e+30 5.06666949428e+15
16 425147139169.0 6.75312300748e+30 5.06471350802e+15
16 425202139169.0 6.74720855864e+30 5.06275752175e+15
16 425257139169.0 6.7412903713e+30 5.06080153548e+15
16 425312139169.0 6.73536844468e+30 5.05884554922e+15
16 425367139169.0 6.72944277802e+30 5.05688956295e+15
16 425422139169.0 6.72351337054e+30 5.05493357668e+15
16 425477139169.0 6.71758022149e+30 5.05297759041e+15
16 425532139169.0 6.71164333008e+30 5.05102160415e+15
16 425587139169.0 6.70570269555e+30 5.04906561788e+15
16 425642139169.0 6.69975831713e+30 5.04710963161e+15
16 425697139169.0 6.69381019405e+30 5.04515364535e+15
16 425752139169.0 6.68785832554e+30 5.04319765908e+15
16 425807139169.0 6.68190271084e+30 5.04124167281e+15
16 425862139169.0 6.67594334917e+30 5.03928568654e+15
16 425917139169.0 6.66998023976e+30 5.03732970028e+15
16 425972139169.0 6.66401338185e+30 5.03537371401e+15
16 426027139169.0 6.65804277466e+30 5.03341772774e+15
16 426082139169.0 6.65206841743e+30 5.03146174148e+15
16 426137139169.0 6.64609030939e+30 5.02950575521e+15
16 426192139169.0 6.64010844977e+30 5.02754976894e+15
16 426247139169.0 6.6341228378e+30 5.02559378267e+15
16 426302139169.0 6.6281334727e+30 5.02363779641e+15
16 426357139169.0 6.62214035372e+30 5.02168181014e+15
16 426412139169.0 6.61614348008e+30 5.01972582387e+15
16 426467139169.0 6.61014285101e+30 5.01776983761e+15
16 426522139169.0 6.60413846575e+30 5.01581385134e+15
16 426577139169.0 6.59813032352e+30 5.01385786507e+15
16 426632139169.0 6.59211842355e+30 5.0119018788e+15
16 426687139169.0 6.58610276508e+30 5.00994589254e+15
16 426742139169.0 6.58009564442e+30 5.00798990627e+15
16 426797139169.0 6.57419551636e+30 5.00604427871e+15
16 426852139169.0 6.56839849637e+30 5.00410515128e+15
16 426907139169.0 6.56260769048e+30 5.00216602384e+15
16 426962139169.0 6.55681324584e+30 5.0002268964e+15
16 427017139169.0 6.55101516171e+30 4.99828776896e+15
16 427072139169.0 6.54521343734e+30 4.99634864153e+15
16 427127139169.0 6.53940807197e+30 4.99440951409e+15
16 427182139169.0 6.53359906488e+30 4.99247038665e+15
16 427237139169.0 6.52778641531e+30 4.99053125922e+15
16 427292139169.0 6.52197012251e+30 4.98859213178e+15
16 427347139169.0 6.51615018575e+30 4.98665300434e+15
16 427402139169.0 6.51032660427e+30 4.9847138769e+15
16 427457139169.0 6.50449937733e+30 4.98277474947e+15
16 427512139169.0 6.49866850419e+30 4.98083562203e+15
16 427567139169.0 6.4928339841e+30 4.97889649459e+15
16 427622139169.0 6.48699581631e+30 4.97695736716e+15
16 427677139169.0 6.48115400009e+30 4.97501823972e+15
16 427732139169.0 6.47530853468e+30 4.97307911228e+15
16 427787139169.0 6.46945941933e+30 4.97113998485e+15
16 427842139169.0 6.46360665331e+30 4.96920085741e+15
16 427897139169.0 6.45775023587e+30 4.96726172997e+15
16 427952139169.0 6.45189016627e+30 4.96532260253e+15
16 428007139169.0 6.44602644375e+30 4.9633834751e+15
16 428062139169.0 6.44015906757e+30 4.96144434766e+15
16 428117139169.0 6.43428803699e+30 4.95950522022e+15
16 428172139169.0 6.42841335127e+30 4.95756609279e+15
16 428227139169.0 6.42253500965e+30 4.95562696535e+15
16 428282139169.0 6.41665301139e+30 4.95368783791e+15
16 428337139169.0 6.41076735575e+30 4.95174871048e+15
16 428392139169.0 6.40487804198e+30 4.94980958304e+15
16 428447139169.0 6.39898531585e+30 4.9478704556e+15
16 428502139169.0 6.39316076266e+30 4.94593552494e+15
16 428557139169.0 6.38745636179e+30 4.94401349156e+15
16 428612139169.0 6.38178482522e+30 4.94209145818e+15
16 428667139169.0 6.37610974606e+30 4.9401694248e+15
16 428722139169.0 6.37043112361e+30 4.93824739142e+15
16 428777139169.0 6.36474895714e+30 4.93632535804e+15
16 428832139169.0 6.35906324592e+30 4.93440332466e+15
16 428887139169.0 6.35337398923e+30 4.93248129128e+15
16 428942139169.0 6.34768118636e+30 4.9305592579e+15
16 428997139169.0 6.34198483657e+30 4.92863722452e+15
16 429052139169.0 6.33628493916e+30 4.92671519114e+15
16 429107139169.0 6.33058149338e+30 4.92479315776e+15
16 429162139169.0 6.32487449853e+30 4.92287112438e+15
16 429217139169.0 6.31916395388e+30 4.920949091e+15
16 429272139169.0 6.31344985871e+30 4.91902705762e+15
16 429327139169.0 6.30773221229e+30 4.91710502425e+15
16 429382139169.0 6.3020110139e+30 4.91518299087e+15
16 429437139169.0 6.29628626282e+30 4.91326095749e+15
16 429492139169.0 6.29055795833e+30 4.91133892411e+15
16 429547139169.0 6.28482609971e+30 4.90941689073e+15
16 429602139169.0 6.27909068623e+30 4.90749485735e+15
16 429657139169.0 6.27335171717e+30 4.90557282397e+15
16 429712139169.0 6.26760919181e+30 4.90365079059e+15
16 429767139169.0 6.26186310943e+30 4.90172875721e+15
16 429822139169.0 6.2561134693e+30 4.89980672383e+15
16 429877139169.0 6.2503602707e+30 4.89788469045e+15
16 429932139169.0 6.24460351291e+30 4.89596265707e+15
16 429987139169.0 6.2388431952e+30 4.89404062369e+15
16 430042139169.0 6.23307931686e+30 4.89211859031e+15
16 430097139169.0 6.22731187717e+30 4.89019655693e+15
16 430152139169.0 6.22154087539e+30 4.88827452355e+15
16 430207139169.0 6.21580064572e+30 4.88635249017e+15
16 430262139169.0 6.21017760118e+30 4.88444627878e+15
16 430317139169.0 6.20462317602e+30 4.88254140001e+15
16 430372139169.0 6.19906559664e+30 4.88063652123e+15
16 430427139169.0 6.19350456793e+30 4.87873164246e+15
16 430482139169.0 6.18794008918e+30 4.87682676368e+15
16 430537139169.0 6.18237215969e+30 4.87492188491e+15
16 430592139169.0 6.17680077876e+30 4.87301700613e+15
16 430647139169.0 6.17122594569e+30 4.87111212736e+15
16 430702139169.0 6.16564765978e+30 4.86920724859e+15
16 430757139169.0 6.16006592034e+30 4.86730236981e+15
16 430812139169.0 6.15448072666e+30 4.86539749104e+15
16 430867139169.0 6.14889207803e+30 4.86349261226e+15
16 430922139169.0 6.14329997377e+30 4.86158773349e+15
16 430977139169.0 6.13770441317e+30 4.85968285472e+15
16 431032139169.0 6.13210539553e+30 4.85777797594e+15
16 431087139169.0 6.12650292016e+30 4.85587309717e+15
16 431142139169.0 6.12089698634e+30 4.85396821839e+15
16 431197139169.0 6.11528759338e+30 4.85206333962e+15
16 431252139169.0 6.10967474059e+30 4.85015846085e+15
16 431312139169.0 6.71390233973e+30 4.84808041127e+15
16 431372139169.0 6.70715804377e+30 4.8460023617e+15
16 431432139169.0 6.70040921564e+30 4.84392431213e+15
16 431492139169.0 6.69365585435e+30 4.84184626256e+15
16 431552139169.0 6.68689795891e+30 4.83976821299e+15
16 431612139169.0 6.6801355283e+30 4.83769016341e+15
16 431672139169.0 6.67336856154e+30 4.83561211384e+15
16 431732139169.0 6.66659705761e+30 4.83353406427e+15
16 431792139169.0 6.65982101553e+30 4.8314560147e+15
16 431852139169.0 6.6530404343e+30 4.82937796513e+15
16 431912139169.0 6.64627339936e+30 4.82729991556e+15
16 431972139169.0 6.63963007406e+30 4.82523409015e+15
16 432032139169.0 6.63309693217e+30 4.82317448636e+15
16 432092139169.0 6.62656776592e+30 4.82111488257e+15
16 432152139169.0 6.62003420522e+30 4.81905527877e+15
16 432212139169.0 6.61349624909e+30 4.81699567498e+15
16 432272139169.0 6.60695389656e+30 4.81493607119e+15
16 432332139169.0 6.60040714668e+30 4.8128764674e+15
16 432392139169.0 6.59385599845e+30 4.8108168636e+15
16 432452139169.0 6.58730045093e+30 4.80875725981e+15
16 432512139169.0 6.58074050314e+30 4.80669765602e+15
16 432572139169.0 6.57417615411e+30 4.80463805223e+15
16 432632139169.0 6.56760740288e+30 4.80257844843e+15
16 432692139169.0 6.56103424847e+30 4.80051884464e+15
16 432752139169.0 6.55445668992e+30 4.79845924085e+15
16 432812139169.0 6.54787472625e+30 4.79639963705e+15
16 432872139169.0 6.54128835651e+30 4.79434003326e+15
16 432932139169.0 6.53469757971e+30 4.79228042947e+15
16 432992139169.0 6.5281023949e+30 4.79022082568e+15
16 433052139169.0 6.5215028011e+30 4.78816122188e+15
16 433112139169.0 6.51489879734e+30 4.78610161809e+15
16 433172139169.0 6.50829038267e+30 4.7840420143e+15
16 433232139169.0 6.5016775561e+30 4.78198241051e+15
16 433292139169.0 6.49506031667e+30 4.77992280671e+15
16 433352139169.0 6.48843866341e+30 4.77786320292e+15
16 433412139169.0 6.48181259535e+30 4.77580359913e+15
16 433472139169.0 6.47518211153e+30 4.77374399533e+15
16 433532139169.0 6.46854721097e+30 4.77168439154e+15
16 433592139169.0 6.46190789271e+30 4.76962478775e+15
16 433652139169.0 6.45531409671e+30 4.76756519467e+15
16 433712139169.0 6.4488575639e+30 4.76552410259e+15
16 433772139169.0 6.44246846308e+30 4.76348301052e+15
16 433832139169.0 6.43607508645e+30 4.76144191844e+15
16 433892139169.0 6.42967743306e+30 4.75940082637e+15
16 433952139169.0 6.42327550198e+30 4.75735973429e+15
16 434012139169.0 6.41686929228e+30 4.75531864222e+15
16 434072139169.0 6.410458803e+30 4.75327755014e+15
16 434132139169.0 6.40404403321e+30 4.75123645807e+15
16 434192139169.0 6.39762498198e+30 4.74919536599e+15
16 434252139169.0 6.39120164837e+30 4.74715427392e+15
16 434312139169.0 6.38477403143e+30 4.74511318184e+15
16 434372139169.0 6.37834213023e+30 4.74307208977e+15
16 434432139169.0 6.37190594384e+30 4.74103099769e+15
16 434492139169.0 6.3654654713e+30 4.73898990562e+15
16 434552139169.0 6.35902071169e+30 4.73694881354e+15
16 434612139169.0 6.35257166407e+30 4.73490772147e+15
16 434672139169.0 6.34611832749e+30 4.73286662939e+15
16 434732139169.0 6.33966070103e+30 4.73082553732e+15
16 434792139169.0 6.33319878373e+30 4.72878444524e+15
16 434852139169.0 6.32673257467e+30 4.72674335317e+15
16 434912139169.0 6.3202620729e+30 4.72470226109e+15
16 434972139169.0 6.31378727749e+30 4.72266116902e+15
16 435032139169.0 6.3073081875e+30 4.72062007694e+15
16 435092139169.0 6.30082480198e+30 4.71857898487e+15
16 435152139169.0 6.29433712001e+30 4.71653789279e+15
16 435212139169.0 6.28784514064e+30 4.71449680072e+15
16 435272139169.0 6.28134886294e+30 4.71245570864e+15
16 435332139169.0 6.27485065889e+30 4.71041461657e+15
16 435392139169.0 6.26844155291e+30 4.70838020122e+15
16 435452139169.0 6.26216001117e+30 4.70635824848e+15
16 435512139169.0 6.25590410518e+30 4.70433629575e+15
16 435572139169.0 6.24964403808e+30 4.70231434302e+15
16 435632139169.0 6.24337980897e+30 4.70029239029e+15
16 435692139169.0 6.23711141692e+30 4.69827043756e+15
16 435752139169.0 6.23083886104e+30 4.69624848482e+15
16 435812139169.0 6.22456214041e+30 4.69422653209e+15
16 435872139169.0 6.21828125413e+30 4.69220457936e+15
16 435932139169.0 6.21199620129e+30 4.69018262663e+15
16 435992139169.0 6.20570698097e+30 4.68816067389e+15
16 436052139169.0 6.19941359227e+30 4.68613872116e+15
16 436112139169.0 6.19311603428e+30 4.68411676843e+15
16 436172139169.0 6.18681430609e+30 4.6820948157e+15
16 436232139169.0 6.18050840679e+30 4.68007286296e+15
16 436292139169.0 6.17419833547e+30 4.67805091023e+15
16 436352139169.0 6.16788409123e+30 4.6760289575e+15
16 436412139169.0 6.16156567315e+30 4.67400700477e+15
16 436472139169.0 6.15524308033e+30 4.67198505204e+15
16 436532139169.0 6.14891631185e+30 4.6699630993e+15
16 436592139169.0 6.14258536681e+30 4.66794114657e+15
16 436652139169.0 6.1362502443e+30 4.66591919384e+15
16 436712139169.0 6.12991094341e+30 4.66389724111e+15
16 436772139169.0 6.12356746323e+30 4.66187528837e+15
16 436832139169.0 6.11721980285e+30 4.65985333564e+15
16 436892139169.0 6.11086796136e+30 4.65783138291e+15
16 436957139169.0 6.65888942081e+30 4.65564093412e+15
16 437022139169.0 6.65137219517e+30 4.65345048532e+15
16 437087139169.0 6.64390073485e+30 4.65126003653e+15
16 437152139169.0 6.63658246263e+30 4.64908896511e+15
16 437217139169.0 6.62934830453e+30 4.64691896173e+15
16 437282139169.0 6.62210918089e+30 4.64474895836e+15
16 437347139169.0 6.61486487348e+30 4.64257895498e+15
16 437412139169.0 6.60761538107e+30 4.6404089516e+15
16 437477139169.0 6.60036070245e+30 4.63823894822e+15
16 437542139169.0 6.5931008364e+30 4.63606894484e+15
16 437607139169.0 6.58583578168e+30 4.63389894146e+15
16 437672139169.0 6.57856553709e+30 4.63172893809e+15
16 437737139169.0 6.5712901014e+30 4.62955893471e+15
16 437802139169.0 6.56400947338e+30 4.62738893133e+15
16 437867139169.0 6.55672365183e+30 4.62521892795e+15
16 437932139169.0 6.54943263551e+30 4.62304892457e+15
16 437997139169.0 6.54213642321e+30 4.62087892119e+15
16 438062139169.0 6.53483501371e+30 4.61870891781e+15
16 438127139169.0 6.52752840577e+30 4.61653891444e+15
16 438192139169.0 6.5202165982e+30 4.61436891106e+15
16 438257139169.0 6.51289958975e+30 4.61219890768e+15
16 438322139169.0 6.50557737921e+30 4.6100289043e+15
16 438387139169.0 6.49824996536e+30 4.60785890092e+15
16 438452139169.0 6.49091734699e+30 4.60568889754e+15
16 438517139169.0 6.48357952285e+30 4.60351889417e+15
16 438582139169.0 6.47623649175e+30 4.60134889079e+15
16 438647139169.0 6.46888825245e+30 4.59917888741e+15
16 438712139169.0 6.46153480374e+30 4.59700888403e+15
16 438777139169.0 6.45404997088e+30 4.59483888065e+15
16 438842139169.0 6.44477084003e+30 4.59210913388e+15
16 438907139169.0 6.43344408373e+30 4.58878127602e+15
16 438972139169.0 6.42180175353e+30 4.58545341815e+15
16 439037139169.0 6.41015168047e+30 4.58212556029e+15
16 439102139169.0 6.39849386275e+30 4.57879770242e+15
16 439167139169.0 6.38682829859e+30 4.57546984455e+15
16 439232139169.0 6.37515498622e+30 4.57214198669e+15
16 439297139169.0 6.36347392384e+30 4.56881412882e+15
16 439362139169.0 6.35178510968e+30 4.56548627095e+15
16 439427139169.0 6.34008854195e+30 4.56215841309e+15
16 439492139169.0 6.32838421888e+30 4.55883055522e+15
16 439557139169.0 6.31667213868e+30 4.55550269736e+15
16 439622139169.0 6.30499909946e+30 4.55217483949e+15
16 439687139169.0 6.29505372818e+30 4.5492588501e+15
16 439752139169.0 6.28753800359e+30 4.54713346237e+15
16 439817139169.0 6.28057706512e+30 4.54500807465e+15
16 439882139169.0 6.27361118708e+30 4.54288268693e+15
16 439947139169.0 6.2666403683e+30 4.54075729921e+15
16 440012139169.0 6.25966460763e+30 4.53863191149e+15
16 440077139169.0 6.25268390391e+30 4.53650652377e+15
16 440142139169.0 6.24569825598e+30 4.53438113605e+15
16 440207139169.0 6.2387076627e+30 4.53225574833e+15
16 440272139169.0 6.2317121229e+30 4.5301303606e+15
16 440337139169.0 6.22471163543e+30 4.52800497288e+15
16 440402139169.0 6.21770619913e+30 4.52587958516e+15
16 440467139169.0 6.21069581285e+30 4.52375419744e+15
16 440532139169.0 6.20412103464e+30 4.52163100329e+15
16 440597139169.0 6.19875201273e+30 4.52006973151e+15
16 440662139169.0 6.19398448835e+30 4.51850845973e+15
16 440727139169.0 6.18921334131e+30 4.51694718795e+15
16 440792139169.0 6.18443857074e+30 4.51538591617e+15
16 440857139169.0 6.17966017578e+30 4.5138246444e+15
16 440922139169.0 6.17487815558e+30 4.51226337262e+15
16 440987139169.0 6.17009250926e+30 4.51070210084e+15
16 441052139169.0 6.16530323598e+30 4.50914082906e+15
16 441117139169.0 6.16051033486e+30 4.50757955728e+15
16 441182139169.0 6.15571380505e+30 4.5060182855e+15
16 441247139169.0 6.15091364569e+30 4.50445701372e+15
16 441312139169.0 6.14610985591e+30 4.50289574194e+15
16 441377139169.0 6.14130243485e+30 4.50133447017e+15
16 441442139169.0 6.13649138166e+30 4.49977319839e+15
16 441507139169.0 6.13167669546e+30 4.49821192661e+15
16 441572139169.0 6.12685837541e+30 4.49665065483e+15
16 441637139169.0 6.12203642064e+30 4.49508938305e+15
16 441702139169.0 6.11721083028e+30 4.49352811127e+15
16 441767139169.0 6.11238160348e+30 4.49196683949e+15
16 441832139169.0 6.10754873937e+30 4.49040556771e+15
16 441902139169.0 6.61086828786e+30 4.48872419811e+15
16 441972139169.0 6.60522096638e+30 4.4870428285e+15
16 442042139169.0 6.59956907154e+30 4.48536145889e+15
16 442112139169.0 6.59391260218e+30 4.48368008928e+15
16 442182139169.0 6.58825155712e+30 4.48199871967e+15
16 442252139169.0 6.58218198113e+30 4.48031735007e+15
16 442322139169.0 6.57492594878e+30 4.47806309279e+15
16 442392139169.0 6.56701990401e+30 4.47578666541e+15
16 442462139169.0 6.55910680083e+30 4.47351023804e+15
16 442532139169.0 6.55118770308e+30 4.47123381067e+15
16 442602139169.0 6.54326260925e+30 4.46895738329e+15
16 442672139169.0 6.53533151785e+30 4.46668095592e+15
16 442742139169.0 6.52739442738e+30 4.46440452855e+15
16 442812139169.0 6.51945133633e+30 4.46212810117e+15
16 442882139169.0 6.51150224321e+30 4.4598516738e+15
16 442952139169.0 6.50354714651e+30 4.45757524643e+15
16 443022139169.0 6.49558604473e+30 4.45529881905e+15
16 443092139169.0 6.48761893637e+30 4.45302239168e+15
16 443162139169.0 6.47964581994e+30 4.4507459643e+15
16 443232139169.0 6.47166669393e+30 4.44846953693e+15
16 443302139169.0 6.46368155684e+30 4.44619310956e+15
16 443372139169.0 6.45569040717e+30 4.44391668218e+15
16 443442139169.0 6.44769324342e+30 4.44164025481e+15
16 443512139169.0 6.43969006409e+30 4.43936382744e+15
16 443582139169.0 6.43168086768e+30 4.43708740006e+15
16 443652139169.0 6.42366565269e+30 4.43481097269e+15
16 443722139169.0 6.41564441761e+30 4.43253454532e+15
16 443792139169.0 6.40761716095e+30 4.43025811794e+15
16 443862139169.0 6.39958388122e+30 4.42798169057e+15
16 443932139169.0 6.39154774958e+30 4.4257052632e+15
16 444002139169.0 6.38362129626e+30 4.42343502899e+15
16 444072139169.0 6.37585090487e+30 4.4211770658e+15
16 444142139169.0 6.36811256801e+30 4.41891910261e+15
16 444212139169.0 6.36036840166e+30 4.41666113941e+15
16 444282139169.0 6.35261840437e+30 4.41440317622e+15
16 444352139169.0 6.34486257468e+30 4.41214521303e+15
16 444422139169.0 6.33710091115e+30 4.40988724984e+15
16 444492139169.0 6.32933341232e+30 4.40762928665e+15
16 444562139169.0 6.32156007673e+30 4.40537132346e+15
16 444632139169.0 6.31378090294e+30 4.40311336027e+15
16 444702139169.0 6.30599588948e+30 4.40085539708e+15
16 444772139169.0 6.29820503492e+30 4.39859743389e+15
16 444842139169.0 6.29040833778e+30 4.3963394707e+15
16 444912139169.0 6.28260579663e+30 4.39408150751e+15
16 444982139169.0 6.27479741001e+30 4.39182354432e+15
16 445052139169.0 6.26698317647e+30 4.38956558113e+15
16 445122139169.0 6.25916309454e+30 4.38730761794e+15
16 445192139169.0 6.25133716279e+30 4.38504965475e+15
16 445262139169.0 6.24350537975e+30 4.38279169156e+15
16 445332139169.0 6.23566774398e+30 4.38053372837e+15
16 445402139169.0 6.22782425402e+30 4.37827576517e+15
16 445472139169.0 6.21997490841e+30 4.37601780198e+15
16 445542139169.0 6.21211970571e+30 4.37375983879e+15
16 445612139169.0 6.20425864446e+30 4.3715018756e+15
16 445682139169.0 6.19600104544e+30 4.36924391241e+15
16 445752139169.0 6.18553365799e+30 4.36612474406e+15
16 445822139169.0 6.17323877598e+30 4.36265296928e+15
16 445892139169.0 6.16083235007e+30 4.3591811945e+15
16 445962139169.0 6.14841721964e+30 4.35570941972e+15
16 446032139169.0 6.13599338255e+30 4.35223764493e+15
16 446102139169.0 6.12356083669e+30 4.34876587015e+15
16 446172139169.0 6.11111957993e+30 4.34529409537e+15
16 446247139169.0 6.56683977713e+30 4.34157433668e+15
16 446322139169.0 6.55246329383e+30 4.33785457799e+15
16 446397139169.0 6.53807603333e+30 4.33413481929e+15
16 446472139169.0 6.52367799281e+30 4.3304150606e+15
16 446547139169.0 6.51011900126e+30 4.32669530191e+15
16 446622139169.0 6.49958325508e+30 4.32414910677e+15
16 446697139169.0 6.49098740408e+30 4.32177806507e+15
16 446772139169.0 6.48241137478e+30 4.31940702338e+15
16 446847139169.0 6.47382848837e+30 4.31703598168e+15
16 446922139169.0 6.46523874301e+30 4.31466493999e+15
16 446997139169.0 6.4566421369e+30 4.31229389829e+15
16 447072139169.0 6.44803866821e+30 4.3099228566e+15
16 447147139169.0 6.43942833513e+30 4.3075518149e+15
16 447222139169.0 6.43081113583e+30 4.30518077321e+15
16 447297139169.0 6.42218706849e+30 4.30280973151e+15
16 447372139169.0 6.41357701756e+30 4.30043868982e+15
16 447447139169.0 6.4059208405e+30 4.29825650618e+15
16 447522139169.0 6.39966222915e+30 4.29651321047e+15
16 447597139169.0 6.3937581211e+30 4.29476991475e+15
16 447672139169.0 6.38784897699e+30 4.29302661904e+15
16 447747139169.0 6.38193479547e+30 4.29128332333e+15
16 447822139169.0 6.37601557518e+30 4.28954002761e+15
16 447897139169.0 6.37009131476e+30 4.2877967319e+15
16 447972139169.0 6.36416201287e+30 4.28605343619e+15
16 448047139169.0 6.35822766814e+30 4.28431014047e+15
16 448122139169.0 6.35228827922e+30 4.28256684476e+15
16 448197139169.0 6.34634384474e+30 4.28082354905e+15
16 448272139169.0 6.34039436337e+30 4.27908025333e+15
16 448347139169.0 6.33443983373e+30 4.27733695762e+15
16 448422139169.0 6.32848025448e+30 4.2755936619e+15
16 448497139169.0 6.32251562425e+30 4.27385036619e+15
16 448572139169.0 6.31654594169e+30 4.27210707048e+15
16 448647139169.0 6.31057120545e+30 4.27036377476e+15
16 448722139169.0 6.30459141417e+30 4.26862047905e+15
16 448797139169.0 6.29860656649e+30 4.26687718334e+15
16 448872139169.0 6.29261666106e+30 4.26513388762e+15
16 448947139169.0 6.28662169652e+30 4.26339059191e+15
16 449022139169.0 6.28062167151e+30 4.2616472962e+15
16 449097139169.0 6.27457898103e+30 4.25990400048e+15
16 449172139169.0 6.26763895448e+30 4.25792598067e+15
16 449247139169.0 6.2595323112e+30 4.25556118332e+15
16 449322139169.0 6.2511771494e+30 4.25319638597e+15
16 449397139169.0 6.24281536179e+30 4.25083158862e+15
16 449472139169.0 6.23444694662e+30 4.24846679128e+15
16 449547139169.0 6.22607190214e+30 4.24610199393e+15
16 449622139169.0 6.2176902266e+30 4.24373719658e+15
16 449697139169.0 6.20930191825e+30 4.24137239923e+15
16 449772139169.0 6.20090697537e+30 4.23900760188e+15
16 449847139169.0 6.19250539618e+30 4.23664280453e+15
16 449922139169.0 6.18409717896e+30 4.23427800718e+15
16 449997139169.0 6.17568232195e+30 4.23191320983e+15
16 450072139169.0 6.16726082341e+30 4.22954841248e+15
16 450147139169.0 6.15883268158e+30 4.22718361513e+15
16 450222139169.0 6.15039789474e+30 4.22481881779e+15
16 450297139169.0 6.14195646112e+30 4.22245402044e+15
16 450372139169.0 6.13350837898e+30 4.22008922309e+15
16 450447139169.0 6.12505364659e+30 4.21772442574e+15
16 450522139169.0 6.11659226218e+30 4.21535962839e+15
16 450597139169.0 6.10812422401e+30 4.21299483104e+15
16 450677139169.0 6.53473304044e+30 4.21047238053e+15
16 450757139169.0 6.52503930697e+30 4.20794993003e+15
16 450837139169.0 6.51537546352e+30 4.20542747952e+15
16 450917139169.0 6.50589420819e+30 4.20291900148e+15
16 450997139169.0 6.49655648477e+30 4.20041566444e+15
16 451077139169.0 6.48721843301e+30 4.1979123274e+15
16 451157139169.0 6.47787252952e+30 4.19540899037e+15
16 451237139169.0 6.46851877212e+30 4.19290565333e+15
16 451317139169.0 6.4591571586e+30 4.19040231629e+15
16 451397139169.0 6.44978768676e+30 4.18789897925e+15
16 451477139169.0 6.44041035442e+30 4.18539564222e+15
16 451557139169.0 6.43102515936e+30 4.18289230518e+15
16 451637139169.0 6.4216320994e+30 4.18038896814e+15
16 451717139169.0 6.41223117234e+30 4.1778856311e+15
16 451797139169.0 6.40282237597e+30 4.17538229406e+15
16 451877139169.0 6.39340570811e+30 4.17287895703e+15
16 451957139169.0 6.38398116655e+30 4.17037561999e+15
16 452037139169.0 6.3745487491e+30 4.16787228295e+15
16 452117139169.0 6.36510845356e+30 4.16536894591e+15
16 452197139169.0 6.35566027773e+30 4.16286560888e+15
16 452277139169.0 6.34620421941e+30 4.16036227184e+15
16 452357139169.0 6.33674027642e+30 4.1578589348e+15
16 452437139169.0 6.32726844654e+30 4.15535559776e+15
16 452517139169.0 6.31770613026e+30 4.15285226072e+15
16 452597139169.0 6.30609224698e+30 4.14985759033e+15
16 452677139169.0 6.29178227657e+30 4.14600414614e+15
16 452757139169.0 6.27687825159e+30 4.14215070194e+15
16 452837139169.0 6.26196251262e+30 4.13829725775e+15
16 452917139169.0 6.24703505645e+30 4.13444381356e+15
16 452997139169.0 6.23209587988e+30 4.13059036936e+15
16 453077139169.0 6.21714497969e+30 4.12673692517e+15
16 453157139169.0 6.20218235268e+30 4.12288348097e+15
16 453237139169.0 6.18720799564e+30 4.11903003678e+15
16 453317139169.0 6.17222190537e+30 4.11517659259e+15
16 453397139169.0 6.15797242868e+30 4.11132314839e+15
16 453477139169.0 6.14679260211e+30 4.10859942369e+15
16 453557139169.0 6.13780069646e+30 4.10615009634e+15
16 453637139169.0 6.12886216412e+30 4.10370076899e+15
16 453717139169.0 6.11991618008e+30 4.10125144165e+15
16 453797139169.0 6.11096274226e+30 4.0988021143e+15
16 453882139169.0 6.50820415427e+30 4.096199704e+15
16 453967139169.0 6.4980392299e+30 4.09359729369e+15
16 454052139169.0 6.48786532214e+30 4.09099488338e+15
16 454137139169.0 6.47768242836e+30 4.08839247308e+15
16 454222139169.0 6.46749018854e+30 4.08579006277e+15
16 454307139169.0 6.45728321065e+30 4.08317123876e+15
16 454392139169.0 6.44706037102e+30 4.08053027625e+15
16 454477139169.0 6.43682727842e+30 4.07788931375e+15
16 454562139169.0 6.42658517589e+30 4.07524835125e+15
16 454647139169.0 6.41633406078e+30 4.07260738875e+15
16 454732139169.0 6.40607393042e+30 4.06996642624e+15
16 454817139169.0 6.39580478218e+30 4.06732546374e+15
16 454902139169.0 6.38552661339e+30 4.06468450124e+15
16 454987139169.0 6.3752394214e+30 4.06204353874e+15
16 455072139169.0 6.36496200106e+30 4.05940257624e+15
16 455157139169.0 6.35486246495e+30 4.05679285422e+15
16 455242139169.0 6.34494878008e+30 4.05421122542e+15
16 455327139169.0 6.33505173449e+30 4.05162959662e+15
16 455412139169.0 6.32514597064e+30 4.04904796782e+15
16 455497139169.0 6.31523148595e+30 4.04646633901e+15
16 455582139169.0 6.30530827786e+30 4.04388471021e+15
16 455667139169.0 6.29537634381e+30 4.04130308141e+15
16 455752139169.0 6.28543568123e+30 4.03872145261e+15
16 455837139169.0 6.27548628756e+30 4.03613982381e+15
16 455922139169.0 6.2656307319e+30 4.033558195e+15
16 456007139169.0 6.25707625642e+30 4.03129646559e+15
16 456092139169.0 6.2499929561e+30 4.02939664641e+15
16 456177139169.0 6.24313607788e+30 4.02749682724e+15
16 456262139169.0 6.23627278606e+30 4.02559700806e+15
16 456347139169.0 6.2294030787e+30 4.02369718889e+15
16 456432139169.0 6.2225269539e+30 4.02179736971e+15
16 456517139169.0 6.21564440973e+30 4.01989755054e+15
16 456602139169.0 6.2087554443e+30 4.01799773136e+15
16 456687139169.0 6.20186005568e+30 4.01609791219e+15
16 456772139169.0 6.19495824196e+30 4.01419809301e+15
16 456857139169.0 6.18805000123e+30 4.01229827384e+15
16 456942139169.0 6.18113533156e+30 4.01039845466e+15
16 457027139169.0 6.17421423106e+30 4.00849863549e+15
16 457112139169.0 6.1672866978e+30 4.00659881631e+15
16 457197139169.0 6.16035272988e+30 4.00469899713e+15
16 457282139169.0 6.15341232537e+30 4.00279917796e+15
16 457367139169.0 6.14646548236e+30 4.00089935878e+15
16 457452139169.0 6.13951219895e+30 3.99899953961e+15
16 457537139169.0 6.13255247321e+30 3.99709972043e+15
16 457622139169.0 6.12542864319e+30 3.99519990126e+15
16 457707139169.0 6.11708402864e+30 3.99289761403e+15
16 457792139169.0 6.10756500544e+30 3.99031599436e+15
16 457882139169.0 6.47843659186e+30 3.98758251472e+15
16 457972139169.0 6.46757549854e+30 3.98484903507e+15
16 458062139169.0 6.45670436487e+30 3.98211555543e+15
16 458152139169.0 6.44582318776e+30 3.97938207578e+15
16 458242139169.0 6.43493196409e+30 3.97664859614e+15
16 458332139169.0 6.42403069075e+30 3.97391511649e+15
16 458422139169.0 6.41311936465e+30 3.97118163684e+15
16 458512139169.0 6.40219798266e+30 3.9684481572e+15
16 458602139169.0 6.39126654169e+30 3.96571467755e+15
16 458692139169.0 6.38032503863e+30 3.96298119791e+15
16 458782139169.0 6.36937347037e+30 3.96024771826e+15
16 458872139169.0 6.35841183381e+30 3.95751423862e+15
16 458962139169.0 6.34744012583e+30 3.95478075897e+15
16 459052139169.0 6.33645834333e+30 3.95204727933e+15
16 459142139169.0 6.3254664832e+30 3.94931379968e+15
16 459232139169.0 6.31446454234e+30 3.94658032003e+15
16 459322139169.0 6.30350854929e+30 3.94384684039e+15
16 459412139169.0 6.29276442449e+30 3.94112927603e+15
16 459502139169.0 6.28216789414e+30 3.93841557485e+15
16 459592139169.0 6.2715660875e+30 3.93570187367e+15
16 459682139169.0 6.26095452949e+30 3.93298817249e+15
16 459772139169.0 6.25033321711e+30 3.93027447131e+15
16 459862139169.0 6.23970214733e+30 3.92756077013e+15
16 459952139169.0 6.22906131717e+30 3.92484706895e+15
16 460042139169.0 6.21841072362e+30 3.92213336777e+15
16 460132139169.0 6.20775036366e+30 3.91941966659e+15
16 460222139169.0 6.1970802343e+30 3.91670596541e+15
16 460312139169.0 6.18640033252e+30 3.91399226423e+15
16 460402139169.0 6.17571065533e+30 3.91127856305e+15
16 460492139169.0 6.16501119971e+30 3.90856486187e+15
16 460582139169.0 6.15430196267e+30 3.90585116069e+15
16 460672139169.0 6.14358294119e+30 3.90313745951e+15
16 460762139169.0 6.13285413227e+30 3.90042375833e+15
16 460852139169.0 6.1221155329e+30 3.89771005715e+15
16 460942139169.0 6.11135828392e+30 3.89499635597e+15
16 461037139169.0 6.45662320679e+30 3.89178471248e+15
16 461132139169.0 6.43898804504e+30 3.88740298814e+15
16 461227139169.0 6.42029438385e+30 3.8830212638e+15
16 461322139169.0 6.40158367966e+30 3.87863953946e+15
16 461417139169.0 6.38285592704e+30 3.87425781512e+15
16 461512139169.0 6.36411112056e+30 3.86987609078e+15
16 461607139169.0 6.34534925478e+30 3.86549436644e+15
16 461702139169.0 6.32657032427e+30 3.8611126421e+15
16 461797139169.0 6.30809536426e+30 3.85673091776e+15
16 461892139169.0 6.29407672182e+30 3.85336773888e+15
16 461987139169.0 6.28524370121e+30 3.85130635266e+15
16 462082139169.0 6.27730733259e+30 3.84924496644e+15
16 462177139169.0 6.26936284197e+30 3.84718358022e+15
16 462272139169.0 6.26141022669e+30 3.84512219399e+15
16 462367139169.0 6.25344948407e+30 3.84306080777e+15
16 462462139169.0 6.24548061145e+30 3.84099942155e+15
16 462557139169.0 6.23750360615e+30 3.83893803533e+15
16 462652139169.0 6.22951846552e+30 3.83687664911e+15
16 462747139169.0 6.22152518688e+30 3.83481526288e+15
16 462842139169.0 6.21352376756e+30 3.83275387666e+15
16 462937139169.0 6.20551420489e+30 3.83069249044e+15
16 463032139169.0 6.19749649622e+30 3.82863110422e+15
16 463127139169.0 6.18947063886e+30 3.826569718e+15
16 463222139169.0 6.18143663015e+30 3.82450833178e+15
16 463317139169.0 6.17339446742e+30 3.82244694555e+15
16 463412139169.0 6.16534414801e+30 3.82038555933e+15
16 463507139169.0 6.15675344162e+30 3.81832417311e+15
16 463602139169.0 6.14655620696e+30 3.81557763748e+15
16 463697139169.0 6.13540170638e+30 3.81276665176e+15
16 463792139169.0 6.12423024878e+30 3.80995566603e+15
16 463887139169.0 6.11304809182e+30 3.80714468031e+15
16 463987139169.0 6.44022485778e+30 3.80418574798e+15
16 464087139169.0 6.42777551169e+30 3.80122681564e+15
16 464187139169.0 6.41531363921e+30 3.7982678833e+15
16 464287139169.0 6.4028392361e+30 3.79530895096e+15
16 464387139169.0 6.39035229812e+30 3.79235001863e+15
16 464487139169.0 6.37785282102e+30 3.78939108629e+15
16 464587139169.0 6.36534080056e+30 3.78643215395e+15
16 464687139169.0 6.3528162325e+30 3.78347322161e+15
16 464787139169.0 6.3402791126e+30 3.78051428928e+15
16 464887139169.0 6.32772943662e+30 3.77755535694e+15
16 464987139169.0 6.31516720032e+30 3.7745964246e+15
16 465087139169.0 6.30258979122e+30 3.77163749226e+15
16 465187139169.0 6.28802723732e+30 3.76845416432e+15
16 465287139169.0 6.26984908446e+30 3.76392643685e+15
16 465387139169.0 6.25031831046e+30 3.75939870939e+15
16 465487139169.0 6.23076901008e+30 3.75487098192e+15
16 465587139169.0 6.21120117717e+30 3.75034325445e+15
16 465687139169.0 6.19161480556e+30 3.74581552698e+15
16 465787139169.0 6.17200988911e+30 3.74128779951e+15
16 465887139169.0 6.15238642165e+30 3.73676007205e+15
16 465987139169.0 6.1339882563e+30 3.73223234458e+15
16 466087139169.0 6.11952469176e+30 3.72912673062e+15
16 466187139169.0 6.10751285715e+30 3.72620787671e+15
16 466292139169.0 6.4157016379e+30 3.7231430801e+15
16 466397139169.0 6.40242867728e+30 3.7200782835e+15
16 466502139169.0 6.38914181067e+30 3.71701348689e+15
16 466607139169.0 6.37584103317e+30 3.71394869029e+15
16 466712139169.0 6.36252633985e+30 3.71088389368e+15
16 466817139169.0 6.35000580147e+30 3.70781909708e+15
16 466922139169.0 6.33967990264e+30 3.70554855242e+15
16 467027139169.0 6.33057843745e+30 3.70332347335e+15
16 467132139169.0 6.32146970878e+30 3.70109839429e+15
16 467237139169.0 6.31235086942e+30 3.69887331522e+15
16 467342139169.0 6.30322191576e+30 3.69664823616e+15
16 467447139169.0 6.29408284417e+30 3.69442315709e+15
16 467552139169.0 6.28493365103e+30 3.69219807803e+15
16 467657139169.0 6.2757743327e+30 3.68997299896e+15
16 467762139169.0 6.26660488557e+30 3.6877479199e+15
16 467867139169.0 6.25742530601e+30 3.68552284083e+15
16 467972139169.0 6.2482355904e+30 3.68329776177e+15
16 468077139169.0 6.23903573511e+30 3.6810726827e+15
16 468182139169.0 6.22982573652e+30 3.67884760364e+15
16 468287139169.0 6.22060559101e+30 3.67662252457e+15
16 468392139169.0 6.21133742972e+30 3.67439744551e+15
16 468497139169.0 6.20080636974e+30 3.67193179236e+15
16 468602139169.0 6.18850696935e+30 3.66889855105e+15
16 468707139169.0 6.17574140648e+30 3.66586530975e+15
16 468812139169.0 6.16296253891e+30 3.66283206844e+15
16 468917139169.0 6.15017036197e+30 3.65979882714e+15
16 469022139169.0 6.13736487097e+30 3.65676558583e+15
16 469127139169.0 6.12454606124e+30 3.65373234453e+15
16 469232139169.0 6.1117139281e+30 3.65069910323e+15
16 469342139169.0 6.40316905107e+30 3.64752142186e+15
16 469452139169.0 6.38902332979e+30 3.64434374049e+15
16 469562139169.0 6.37486223817e+30 3.64116605913e+15
16 469672139169.0 6.36068577057e+30 3.63798837776e+15
16 469782139169.0 6.34649392133e+30 3.63481069639e+15
16 469892139169.0 6.33228668481e+30 3.63163301503e+15
16 470002139169.0 6.31806405536e+30 3.62845533366e+15
16 470112139169.0 6.30181254989e+30 3.62513179661e+15
16 470222139169.0 6.28149605931e+30 3.62026669918e+15
16 470332139169.0 6.25946229902e+30 3.61540160175e+15
16 470442139169.0 6.23740586076e+30 3.61053650432e+15
16 470552139169.0 6.21532673636e+30 3.60567140689e+15
16 470662139169.0 6.19322491761e+30 3.60080630946e+15
16 470772139169.0 6.17110039632e+30 3.59594121203e+15
16 470882139169.0 6.14970160915e+30 3.5910761146e+15
16 470992139169.0 6.13239893331e+30 3.58736134045e+15
16 471102139169.0 6.11860126217e+30 3.58422344012e+15
16 471217139169.0 6.39511127818e+30 3.58094290796e+15
16 471332139169.0 6.38024276479e+30 3.5776623758e+15
16 471447139169.0 6.36535745304e+30 3.57438184363e+15
16 471562139169.0 6.35045533651e+30 3.57110131147e+15
16 471677139169.0 6.33555009801e+30 3.5678207793e+15
16 471792139169.0 6.32075749129e+30 3.56454673649e+15
16 471907139169.0 6.30608402915e+30 3.56127902806e+15
16 472022139169.0 6.29141301895e+30 3.55801131963e+15
16 472137139169.0 6.2767254625e+30 3.5547436112e+15
16 472252139169.0 6.2620213535e+30 3.55147590277e+15
16 472367139169.0 6.24730068562e+30 3.54820819434e+15
16 472482139169.0 6.23270584347e+30 3.54494048591e+15
16 472597139169.0 6.22000746435e+30 3.54205649227e+15
16 472712139169.0 6.2095156399e+30 3.53968501021e+15
16 472827139169.0 6.19941080745e+30 3.53731352815e+15
16 472942139169.0 6.18929393793e+30 3.53494204609e+15
16 473057139169.0 6.1791650267e+30 3.53257056402e+15
16 473172139169.0 6.16902406908e+30 3.53019908196e+15
16 473287139169.0 6.15887106043e+30 3.5278275999e+15
16 473402139169.0 6.14870599607e+30 3.52545611784e+15
16 473517139169.0 6.13852887136e+30 3.52308463578e+15
16 473632139169.0 6.12833968164e+30 3.52071315372e+15
16 473747139169.0 6.11813842224e+30 3.51834167165e+15
16 473862139169.0 6.1079250885e+30 3.51597018959e+15
16 473982139169.0 6.37440258572e+30 3.51349559962e+15
16 474102139169.0 6.36286055279e+30 3.51102100964e+15
16 474222139169.0 6.34586699933e+30 3.50742982933e+15
16 474342139169.0 6.32240121276e+30 3.50222289923e+15
16 474462139169.0 6.29767726182e+30 3.49701596912e+15
16 474582139169.0 6.27292586708e+30 3.49180903902e+15
16 474702139169.0 6.24814701782e+30 3.48660210891e+15
16 474822139169.0 6.22334070332e+30 3.4813951788e+15
16 474942139169.0 6.19969499744e+30 3.4761882487e+15
16 475062139169.0 6.18275565369e+30 3.47277113749e+15
16 475182139169.0 6.17166920326e+30 3.47032398882e+15
16 475302139169.0 6.16102931514e+30 3.46787684014e+15
16 475422139169.0 6.1503763189e+30 3.46542969147e+15
16 475542139169.0 6.13971020928e+30 3.4629825428e+15
16 475662139169.0 6.12903098102e+30 3.46053539412e+15
16 475782139169.0 6.11833862886e+30 3.45808824545e+15
16 475902139169.0 6.10763314754e+30 3.45564109677e+15
16 476027139169.0 6.36153126156e+30 3.45309198357e+15
16 476152139169.0 6.34986541708e+30 3.45054287037e+15
16 476277139169.0 6.33818468878e+30 3.44799375717e+15
16 476402139169.0 6.32648907045e+30 3.44544464397e+15
16 476527139169.0 6.31467848691e+30 3.44289553076e+15
16 476652139169.0 6.30114576834e+30 3.43999626117e+15
16 476777139169.0 6.28548998915e+30 3.43651836251e+15
16 476902139169.0 6.2693748097e+30 3.43304046385e+15
16 477027139169.0 6.25324013984e+30 3.42956256518e+15
16 477152139169.0 6.23708597158e+30 3.42608466652e+15
16 477277139169.0 6.22091229692e+30 3.42260676786e+15
16 477402139169.0 6.20471910786e+30 3.41912886919e+15
16 477527139169.0 6.18850639638e+30 3.41565097053e+15
16 477652139169.0 6.17227415451e+30 3.41217307187e+15
16 477777139169.0 6.15602237422e+30 3.40869517321e+15
16 477902139169.0 6.13975104752e+30 3.40521727454e+15
16 478027139169.0 6.1234601664e+30 3.40173937588e+15
16 478152139169.0 6.10717024644e+30 3.39826147722e+15
16 478282139169.0 6.34426977104e+30 3.39465640824e+15
16 478412139169.0 6.32720957352e+30 3.39106598595e+15
16 478542139169.0 6.31018396645e+30 3.38747556366e+15
16 478672139169.0 6.29313705287e+30 3.38388514137e+15
16 478802139169.0 6.27606882372e+30 3.38029471908e+15
16 478932139169.0 6.25897926994e+30 3.37670429679e+15
16 479062139169.0 6.24186838246e+30 3.3731138745e+15
16 479192139169.0 6.22473615222e+30 3.36952345221e+15
16 479322139169.0 6.20758257017e+30 3.36593302992e+15
16 479452139169.0 6.19040762724e+30 3.36234260763e+15
16 479582139169.0 6.17321131437e+30 3.35875218534e+15
16 479712139169.0 6.15599362249e+30 3.35516176305e+15
16 479842139169.0 6.13666799517e+30 3.3515576019e+15
16 479972139169.0 6.11250855963e+30 3.34605068985e+15
16 480107139169.0 6.3283166135e+30 3.34033197348e+15
16 480242139169.0 6.29958944279e+30 3.33461325712e+15
16 480377139169.0 6.27082696323e+30 3.32889454075e+15
16 480512139169.0 6.24202915951e+30 3.32317582439e+15
16 480647139169.0 6.21558495641e+30 3.31745710802e+15
16 480782139169.0 6.19487912704e+30 3.3137304018e+15
16 480917139169.0 6.17714822758e+30 3.3100400873e+15
16 481052139169.0 6.15939576971e+30 3.3063497728e+15
16 481187139169.0 6.14162046038e+30 3.30265945831e+15
16 481322139169.0 6.12382228957e+30 3.29896914381e+15
16 481462139169.0 6.34025512347e+30 3.29514249103e+15
16 481602139169.0 6.32133501941e+30 3.29132658881e+15
16 481742139169.0 6.30248556733e+30 3.28751068659e+15
16 481882139169.0 6.2836109952e+30 3.28369478437e+15
16 482022139169.0 6.26471129159e+30 3.27987888215e+15
16 482162139169.0 6.245839416e+30 3.27606297993e+15
16 482302139169.0 6.22900459967e+30 3.27251637799e+15
16 482442139169.0 6.21513025778e+30 3.26974769958e+15
16 482582139169.0 6.20208785676e+30 3.26697902118e+15
16 482722139169.0 6.18902717833e+30 3.26421034277e+15
16 482862139169.0 6.17594821409e+30 3.26144166437e+15
16 483002139169.0 6.16285095563e+30 3.25867298597e+15
16 483142139169.0 6.14973539453e+30 3.25590430756e+15
16 483282139169.0 6.1366015224e+30 3.25313562916e+15
16 483422139169.0 6.12344933082e+30 3.25036695075e+15
16 483562139169.0 6.11027881139e+30 3.24759827235e+15
16 483707139169.0 6.32241905184e+30 3.24473071257e+15
16 483852139169.0 6.30754351414e+30 3.2418631528e+15
16 483997139169.0 6.29006812674e+30 3.23817277333e+15
16 484142139169.0 6.27071077529e+30 3.23425751407e+15
16 484287139169.0 6.25126477292e+30 3.23034225481e+15
16 484432139169.0 6.23179210262e+30 3.22642699555e+15
16 484577139169.0 6.21229275192e+30 3.22251173629e+15
16 484722139169.0 6.19276670834e+30 3.21859647703e+15
16 484867139169.0 6.1732139594e+30 3.21468121777e+15
16 485012139169.0 6.15363449262e+30 3.21076595851e+15
16 485157139169.0 6.13402829551e+30 3.20685069925e+15
16 485302139169.0 6.11439535561e+30 3.20293543999e+15
16 485452139169.0 6.31063610674e+30 3.19888517179e+15
16 485602139169.0 6.28311565519e+30 3.19337618576e+15
16 485752139169.0 6.25105918499e+30 3.18715620518e+15
16 485902139169.0 6.21864706143e+30 3.18093622461e+15
16 486052139169.0 6.18619133169e+30 3.17471624404e+15
16 486202139169.0 6.15383471015e+30 3.16849626347e+15
16 486352139169.0 6.12589501027e+30 3.16288616771e+15
16 486507139169.0 6.313954622e+30 3.15874070942e+15
16 486662139169.0 6.29250275909e+30 3.15459525113e+15
16 486817139169.0 6.27101971676e+30 3.15044979284e+15
16 486972139169.0 6.24950547951e+30 3.14630433455e+15
16 487127139169.0 6.22807026541e+30 3.14215943617e+15
16 487282139169.0 6.20683429685e+30 3.13802721346e+15
16 487437139169.0 6.18567331856e+30 3.13389499074e+15
16 487592139169.0 6.16448165163e+30 3.12976276803e+15
16 487747139169.0 6.14325928083e+30 3.12563054531e+15
16 487902139169.0 6.12296873841e+30 3.12149832259e+15
16 488062139169.0 6.30901228391e+30 3.11819626511e+15
16 488222139169.0 6.29330315539e+30 3.11510607519e+15
16 488382139169.0 6.27762894846e+30 3.11201588527e+15
16 488542139169.0 6.26193014222e+30 3.10892569534e+15
16 488702139169.0 6.2462067239e+30 3.10583550542e+15
16 488862139169.0 6.23045868076e+30 3.1027453155e+15
16 489022139169.0 6.21468600005e+30 3.09965512558e+15
16 489182139169.0 6.19888866901e+30 3.09656493566e+15
16 489342139169.0 6.18306667489e+30 3.09347474574e+15
16 489502139169.0 6.16541620725e+30 3.09038455581e+15
16 489662139169.0 6.13887645579e+30 3.08497116838e+15
16 489827139169.0 6.30072980832e+30 3.0782417457e+15
16 489992139169.0 6.26398346526e+30 3.07151232301e+15
16 490157139169.0 6.22718332774e+30 3.06478290032e+15
16 490322139169.0 6.19197463599e+30 3.05805347764e+15
16 490487139169.0 6.16362563169e+30 3.05307566228e+15
16 490652139169.0 6.14058783922e+30 3.04874011496e+15
16 490817139169.0 6.1177774958e+30 3.04440456764e+15
16 490987139169.0 6.28468411089e+30 3.0399376401e+15
16 491157139169.0 6.26045840024e+30 3.03547071256e+15
16 491327139169.0 6.23645323511e+30 3.03101585723e+15
16 491497139169.0 6.21257480156e+30 3.02656285343e+15
16 491667139169.0 6.18866118525e+30 3.02210984962e+15
16 491837139169.0 6.16471071808e+30 3.01765684582e+15
16 492007139169.0 6.14271475527e+30 3.01329851663e+15
16 492177139169.0 6.12451835269e+30 3.01007354803e+15
16 492347139169.0 6.10793074905e+30 3.00684857942e+15
16 492522139169.0 6.27539699633e+30 3.0035287588e+15
16 492697139169.0 6.25774488385e+30 3.00020893818e+15
16 492872139169.0 6.24006293377e+30 2.99688911756e+15
16 493047139169.0 6.22235112936e+30 2.99356929694e+15
16 493222139169.0 6.20460945386e+30 2.99024947632e+15
16 493397139169.0 6.18683789055e+30 2.9869296557e+15
16 493572139169.0 6.16686883215e+30 2.98360983507e+15
16 493747139169.0 6.13682121414e+30 2.97770048715e+15
16 493927139169.0 6.27676046341e+30 2.97043559865e+15
16 494107139169.0 6.23561509271e+30 2.96317071015e+15
16 494287139169.0 6.19445888233e+30 2.95590582164e+15
16 494467139169.0 6.15830523984e+30 2.94909138493e+15
16 494647139169.0 6.13032085503e+30 2.94448719477e+15
16 494832139169.0 6.27888571019e+30 2.93975511045e+15
16 495017139169.0 6.25225387084e+30 2.93502302612e+15
16 495202139169.0 6.22636476695e+30 2.93029094179e+15
16 495387139169.0 6.20425775337e+30 2.9264105891e+15
16 495572139169.0 6.18530637571e+30 2.92294551529e+15
16 495757139169.0 6.16654337719e+30 2.91948044149e+15
16 495942139169.0 6.14774719437e+30 2.91601536768e+15
16 496127139169.0 6.12891780769e+30 2.91255029387e+15
16 496312139169.0 6.11005519762e+30 2.90908522007e+15
16 496502139169.0 6.25983255231e+30 2.90552649562e+15
16 496692139169.0 6.23985039528e+30 2.90196777117e+15
16 496882139169.0 6.21861718304e+30 2.89840904672e+15
16 497072139169.0 6.19382528249e+30 2.89371718417e+15
16 497262139169.0 6.16678925515e+30 2.88886657528e+15
16 497452139169.0 6.13967945547e+30 2.8840159664e+15
16 497642139169.0 6.1125228275e+30 2.87916535752e+15
16 497837139169.0 6.24905113751e+30 2.87418710104e+15
16 498032139169.0 6.22032582488e+30 2.86920884456e+15
16 498227139169.0 6.19154976179e+30 2.86423058807e+15
16 498422139169.0 6.1624391245e+30 2.85925233159e+15
16 498617139169.0 6.12751234745e+30 2.85340290576e+15
16 498817139169.0 6.24402154119e+30 2.84550276821e+15
16 499017139169.0 6.19733290509e+30 2.83760263066e+15
16 499217139169.0 6.15068635613e+30 2.82970249311e+15
16 499417139169.0 6.11006580988e+30 2.82241518336e+15
16 499622139169.0 6.23371138821e+30 2.81728813165e+15
16 499827139169.0 6.20363386213e+30 2.81216107995e+15
16 500032139169.0 6.17351427918e+30 2.80703402824e+15
16 500237139169.0 6.14600125959e+30 2.80208046299e+15
16 500442139169.0 6.12303651949e+30 2.79833098067e+15
16 500652139169.0 6.25381310733e+30 2.79449004756e+15
16 500862139169.0 6.23147006633e+30 2.79064911445e+15
16 501072139169.0 6.20908294348e+30 2.78680818134e+15
16 501282139169.0 6.18665170966e+30 2.78296724822e+15
16 501492139169.0 6.16417633577e+30 2.77912631511e+15
16 501702139169.0 6.14156054479e+30 2.775285382e+15
16 501912139169.0 6.11078744532e+30 2.77071052682e+15
16 502127139169.0 6.21371777906e+30 2.76232833107e+15
16 502342139169.0 6.16284173959e+30 2.75394613531e+15
16 502557139169.0 6.11222749957e+30 2.74556393956e+15
16 502777139169.0 6.21267812793e+30 2.73801207084e+15
16 502997139169.0 6.17760160081e+30 2.73258021765e+15
16 503217139169.0 6.14489181552e+30 2.72714836445e+15
16 503437139169.0 6.11212156335e+30 2.72171651126e+15
16 503662139169.0 6.21993734236e+30 2.71612000252e+15
16 503887139169.0 6.18557930575e+30 2.71048104968e+15
16 504112139169.0 6.15115789418e+30 2.70484209683e+15
16 504337139169.0 6.11687050489e+30 2.69920314398e+15
16 504567139169.0 6.22072841087e+30 2.69354064518e+15
16 504797139169.0 6.18601708286e+30 2.68790503987e+15
16 505027139169.0 6.1512571555e+30 2.68226943456e+15
16 505257139169.0 6.11932098383e+30 2.6767692171e+15
16 505492139169.0 6.22746251055e+30 2.672566125e+15
16 505727139169.0 6.20181681311e+30 2.6683630329e+15
16 505962139169.0 6.17611536056e+30 2.66415994079e+15
16 506197139169.0 6.15035811217e+30 2.65995684869e+15
16 506432139169.0 6.12454502721e+30 2.65575375659e+15
16 506672139169.0 6.23069258917e+30 2.651461237e+15
16 506912139169.0 6.19779064165e+30 2.64716871741e+15
16 507152139169.0 6.14934530865e+30 2.63844196993e+15
16 507397139169.0 6.21998735037e+30 2.62907095478e+15
16 507642139169.0 6.16081404837e+30 2.61969993963e+15
16 507887139169.0 6.1142809699e+30 2.61228623161e+15
16 508137139169.0 6.20787784751e+30 2.60731278256e+15
16 508387139169.0 6.17656533778e+30 2.60233933352e+15
16 508637139169.0 6.14518220429e+30 2.59736588447e+15
16 508887139169.0 6.11364393545e+30 2.59239243542e+15
16 509142139169.0 6.20311766999e+30 2.58700420226e+15
16 509397139169.0 6.16457949336e+30 2.5808236917e+15
16 509652139169.0 6.12510701816e+30 2.57464318115e+15
16 509912139169.0 6.2064644805e+30 2.56834148412e+15
16 510172139169.0 6.16512125417e+30 2.56203978708e+15
16 510432139169.0 6.12000110152e+30 2.55532292103e+15
16 510697139169.0 6.18747911524e+30 2.54710235806e+15
16 510962139169.0 6.13321721584e+30 2.53888179509e+15
16 511232139169.0 6.19809591625e+30 2.53050612716e+15
16 511502139169.0 6.15226198234e+30 2.52405762961e+15
16 511772139169.0 6.11000373565e+30 2.51760944155e+15
16 512047139169.0 6.18135492687e+30 2.51104184259e+15
16 512322139169.0 6.13741326158e+30 2.50439543709e+15
16 512602139169.0 6.20546208497e+30 2.49760288257e+15
16 512882139169.0 6.15993213384e+30 2.49081032805e+15
16 513162139169.0 6.11522504834e+30 2.48411471944e+15
16 513447139169.0 6.18080079351e+30 2.47735525021e+15
16 513732139169.0 6.13515734014e+30 2.47059578098e+15
16 514022139169.0 6.19741789222e+30 2.46366464958e+15
16 514312139169.0 6.15009897178e+30 2.45668298846e+15
16 514607139169.0 6.20902664795e+30 2.44958095388e+15
16 514902139169.0 6.16087919257e+30 2.44255839552e+15
16 515197139169.0 6.1135696825e+30 2.43561411136e+15
16 515497139169.0 6.17006198973e+30 2.42855212746e+15
16 515797139169.0 6.12113477817e+30 2.42143741021e+15
16 516102139169.0 6.174287345e+30 2.41414496171e+15
16 516407139169.0 6.12373006631e+30 2.4068525132e+15
16 516717139169.0 6.1744733947e+30 2.39953204487e+15
16 517027139169.0 6.12401541278e+30 2.39228525448e+15
16 517342139169.0 6.17230466025e+30 2.38492158037e+15
16 517657139169.0 6.12019618307e+30 2.37748711242e+15
16 517977139169.0 6.16509498416e+30 2.36989270904e+15
16 518297139169.0 6.11150634987e+30 2.36229830566e+15
16 518622139169.0 6.15431540791e+30 2.35472507694e+15
16 518952139169.0 6.19530232155e+30 2.34707020102e+15
16 519282139169.0 6.14257148131e+30 2.3394153251e+15
16 519617139169.0 6.18842575228e+30 2.33299037549e+15
16 519952139169.0 6.14259324341e+30 2.32658555665e+15
16 520292139169.0 6.18830256883e+30 2.3200851435e+15
16 520632139169.0 6.13637877345e+30 2.31358473036e+15
16 520977139169.0 6.16157425007e+30 2.30384198884e+15
16 521327139169.0 6.17579070027e+30 2.29350284034e+15
16 521677139169.0 6.1088150216e+30 2.2838700563e+15
16 522032139169.0 6.14353008549e+30 2.2771937885e+15
16 522392139169.0 6.18095540925e+30 2.27042348877e+15
16 522752139169.0 6.1302134617e+30 2.26365318904e+15
16 523117139169.0 6.15473683417e+30 2.25590914999e+15
16 523487139169.0 6.1626454468e+30 2.24507639741e+15
16 523862139169.0 6.16491325527e+30 2.23409725628e+15
16 524242139169.0 6.17359958494e+30 2.22459397684e+15
16 524627139169.0 6.18739409814e+30 2.21580320227e+15
16 525012139169.0 6.10809327309e+30 2.2063410599e+15
16 525407139169.0 6.17400431717e+30 2.19250883083e+15
16 525807139169.0 6.17221560129e+30 2.18302040768e+15
16 526207139169.0 6.11318617446e+30 2.17560297248e+15
16 526612139169.0 6.13789820743e+30 2.16886042672e+15
16 527022139169.0 6.15435557638e+30 2.16143712702e+15
16 527437139169.0 6.15898295118e+30 2.15208757162e+15
16 527857139169.0 6.15836319552e+30 2.14262537098e+15
16 528282139169.0 6.15588359598e+30 2.1330907285e+15
16 528712139169.0 6.14880571595e+30 2.12345080845e+15
16 529147139169.0 6.12116829454e+30 2.1110754262e+15
16 529592139169.0 6.15825718094e+30 2.09765418455e+15
16 530042139169.0 6.14872261606e+30 2.08818493336e+15
16 530497139169.0 6.1536513331e+30 2.08076355604e+15
16 530957139169.0 6.15571132543e+30 2.07326062513e+15
16 531422139169.0 6.14432090436e+30 2.0631627108e+15
16 531892139169.0 6.11862239245e+30 2.05277857759e+15
16 532372139169.0 6.13448839218e+30 2.03820183014e+15
16 532862139169.0 6.15073481595e+30 2.02511595968e+15
16 533357139169.0 6.13201898425e+30 2.01575007212e+15
16 533857139169.0 6.12416531956e+30 2.00772033854e+15
16 534367139169.0 6.16643311421e+30 1.99849110903e+15
16 534882139169.0 6.13202271738e+30 1.98726828573e+15
16 535407139169.0 6.1318024325e+30 1.97439743146e+15
16 535942139169.0 6.11733885117e+30 1.95766222939e+15
16 536487139169.0 6.12715358203e+30 1.94636874388e+15
16 537042139169.0 6.15682216944e+30 1.93760598343e+15
16 537602139169.0 6.10722464245e+30 1.92772768226e+15
16 538177139169.0 6.13347758633e+30 1.90927791951e+15
16 538762139169.0 6.12222727908e+30 1.89708203215e+15
16 539357139169.0 6.13554141048e+30 1.88778964743e+15
16 539962139169.0 6.12201368552e+30 1.87704657353e+15
16 540582139169.0 6.1237059691e+30 1.85770066264e+15
16 541217139169.0 6.14404375539e+30 1.84491680822e+15
16 541862139169.0 6.1390119041e+30 1.83495003507e+15
16 542522139169.0 6.1442214984e+30 1.82149707648e+15
16 543197139169.0 6.1271472065e+30 1.80300696243e+15
16 543887139169.0 6.13121127771e+30 1.79109459265e+15
16 544592139169.0 6.12346358523e+30 1.77644274307e+15
16 545317139169.0 6.12810696175e+30 1.75884706444e+15
16 546062139169.0 6.12456655469e+30 1.74187707456e+15
16 546827139169.0 6.12569949352e+30 1.72586333638e+15
16 547612139169.0 6.12580190838e+30 1.70958414526e+15
16 548417139169.0 6.12919074591e+30 1.69589388781e+15
16 549242139169.0 6.11508430036e+30 1.679831929e+15
16 550097139169.0 6.13258411641e+30 1.66037154097e+15
16 550982139169.0 6.13127130539e+30 1.63990706061e+15
16 551897139169.0 6.13160143152e+30 1.62121573031e+15
16 552842139169.0 6.11972830232e+30 1.6018907458e+15
16 553822139169.0 6.12319368648e+30 1.58207262844e+15
16 554842139169.0 6.12824010673e+30 1.56144440025e+15
16 555902139169.0 6.11414650256e+30 1.53667938942e+15
16 557007139169.0 6.12359201131e+30 1.51806684616e+15
16 558162139169.0 6.11201293753e+30 1.49511620999e+15
16 559377139169.0 6.12154619891e+30 1.46652113333e+15
16 560652139169.0 6.11470480258e+30 1.44468583686e+15
16 562002139169.0 6.11256799254e+30 1.41572368241e+15
16 563437139169.0 6.11857933075e+30 1.38658977336e+15
16 564967139169.0 6.12074509098e+30 1.35650972321e+15
16 566607139169.0 6.1093664639e+30 1.32442316446e+15
16 568382139169.0 6.11839588216e+30 1.28981850651e+15
16 570312139169.0 6.11356868295e+30 1.25407858111e+15
16 572437139169.0 6.11186909446e+30 1.21258665486e+15
16 574822139169.0 6.1178404374e+30 1.16798118873e+15
16 577552139169.0 6.11265961066e+30 1.11480657113e+15
16 580767139169.0 6.10924511021e+30 1.0564847502e+15
16 584762139169.0 6.1107698588e+30 9.79786000286e+14
16 590267139169.0 6.11038094628e+30 8.84629097793e+14
16 601617139169.0 6.10782212861e+30 6.8266779918e+14
#
#
# runtime:  10102.5148718  seconds
