## fname /home/mjoyce/UCT_SAAO/research/MESA2HYDRO/data/sample_MESA_output/profile_redgiant_logE.data  masscut 0.9353129764360553    N 8   mp (Ms) 1e-07   mp (g) 1.988e+26   stepsize 1.0000000e+08
#N    (ru+rl)/2 (cm)    Mcontained in shell ru-rl     u(rmid)
8 179620589042.27722 1.52176067745e+29 117329202339519.05
8 179647932792.27722 1.52081405443e+29 117329202339519.05
8 179675276542.27722 1.51986664345e+29 117329202339519.05
8 179702620292.27722 1.5189184443e+29 117329202339519.05
8 179729964042.27722 1.51796945679e+29 117329202339519.05
8 179757307792.27722 1.51701968072e+29 117329202339519.05
8 179784651542.27722 1.5160691159e+29 117329202339519.05
8 179811995292.27722 1.51511776213e+29 117329202339519.05
8 179839339042.27722 1.51416561922e+29 117329202339519.05
8 179866682792.27722 1.51321268696e+29 117329202339519.05
8 179894026542.27722 1.51225896517e+29 117329202339519.05
8 179921565604.77722 1.53288759809e+29 117329202339519.05
8 179949299979.77722 1.53190479574e+29 115784318360420.73
8 179977034354.77722 1.5309211689e+29 115784318360420.73
8 180004768729.77722 1.52993671739e+29 115784318360420.73
8 180032503104.77722 1.52895144098e+29 115784318360420.73
8 180060237479.77722 1.52796533947e+29 115784318360420.73
8 180087971854.77722 1.52697841265e+29 115784318360420.73
8 180115706229.77722 1.52599066032e+29 115784318360420.73
8 180143440604.77722 1.52500208226e+29 115784318360420.73
8 180171174979.77722 1.52401267828e+29 115784318360420.73
8 180198909354.77722 1.52302244816e+29 115784318360420.73
8 180226643729.77722 1.52203139169e+29 115784318360420.73
8 180254378104.77722 1.52103950867e+29 115784318360420.73
8 180282307792.27722 1.54136541913e+29 115784318360420.73
8 180310432792.27722 1.54011819657e+29 115784318360420.73
8 180338557792.27722 1.53886758093e+29 115784318360420.73
8 180366682792.27722 1.53761596023e+29 115784318360420.73
8 180394807792.27722 1.53636333422e+29 115784318360420.73
8 180422932792.27722 1.53510970265e+29 115784318360420.73
8 180451057792.27722 1.53385506527e+29 115784318360420.73
8 180479182792.27722 1.53259942182e+29 115784318360420.73
8 180507307792.27722 1.53134277205e+29 115784318360420.73
8 180535432792.27722 1.53008511571e+29 114450055363565.95
8 180563557792.27722 1.52882645255e+29 114450055363565.95
8 180591682792.27722 1.52756678231e+29 114450055363565.95
8 180619807792.27722 1.52630610475e+29 114450055363565.95
8 180647932792.27722 1.5250444196e+29 114450055363565.95
8 180676057792.27722 1.52378172662e+29 114450055363565.95
8 180704182792.27722 1.52251802555e+29 114450055363565.95
8 180732307792.27722 1.52125331614e+29 114450055363565.95
8 180760432792.27722 1.52000904684e+29 114450055363565.95
8 180788557792.27722 1.51915696777e+29 114450055363565.95
8 180816682792.27722 1.51844968661e+29 114450055363565.95
8 180844807792.27722 1.51774174476e+29 114450055363565.95
8 180872932792.27722 1.51703314207e+29 114450055363565.95
8 180901057792.27722 1.51632387834e+29 114450055363565.95
8 180929182792.27722 1.51561395342e+29 114450055363565.95
8 180957307792.27722 1.51490336712e+29 114450055363565.95
8 180985432792.27722 1.51419211929e+29 114450055363565.95
8 181013557792.27722 1.51348020974e+29 114450055363565.95
8 181041682792.27722 1.51276763832e+29 114450055363565.95
8 181069807792.27722 1.51205440483e+29 114450055363565.95
8 181098128104.77722 1.53232631993e+29 114450055363565.95
8 181126643729.77722 1.53159176569e+29 114450055363565.95
8 181155159354.77722 1.53085652089e+29 114450055363565.95
8 181183674979.77722 1.53012058534e+29 112958836319591.94
8 181212190604.77722 1.52938395886e+29 112958836319591.94
8 181240706229.77722 1.52864664128e+29 112958836319591.94
8 181269221854.77722 1.52790863241e+29 112958836319591.94
8 181297737479.77722 1.52716993207e+29 112958836319591.94
8 181326253104.77722 1.52643054008e+29 112958836319591.94
8 181354768729.77722 1.52569045626e+29 112958836319591.94
8 181383284354.77722 1.52494968042e+29 112958836319591.94
8 181411799979.77722 1.52420821239e+29 112958836319591.94
8 181440315604.77722 1.52346605199e+29 112958836319591.94
8 181468831229.77722 1.52272319903e+29 112958836319591.94
8 181497346854.77722 1.52197965334e+29 112958836319591.94
8 181525862479.77722 1.52123541473e+29 112958836319591.94
8 181554573417.27722 1.54131394438e+29 112958836319591.94
8 181583479667.27722 1.54047173954e+29 112958836319591.94
8 181612385917.27722 1.53926513504e+29 112958836319591.94
8 181641292167.27722 1.53801008846e+29 112958836319591.94
8 181670198417.27722 1.53675400893e+29 112958836319591.94
8 181699104667.27722 1.53549689621e+29 112958836319591.94
8 181728010917.27722 1.53423875001e+29 112958836319591.94
8 181756917167.27722 1.53297957007e+29 112958836319591.94
8 181785823417.27722 1.53171935614e+29 112958836319591.94
8 181814729667.27722 1.53045810794e+29 112958836319591.94
8 181843635917.27722 1.5291958252e+29 112958836319591.94
8 181872542167.27722 1.52793250767e+29 112958836319591.94
8 181901448417.27722 1.52666815508e+29 112958836319591.94
8 181930354667.27722 1.52540276716e+29 111298133010030.78
8 181959260917.27722 1.52413634365e+29 111298133010030.78
8 181988167167.27722 1.52286888428e+29 111298133010030.78
8 182017073417.27722 1.52160038879e+29 111298133010030.78
8 182045979667.27722 1.52033085691e+29 111298133010030.78
8 182074885917.27722 1.51906028838e+29 111298133010030.78
8 182103792167.27722 1.51778868293e+29 111298133010030.78
8 182132698417.27722 1.5165160403e+29 111298133010030.78
8 182161604667.27722 1.51524236022e+29 111298133010030.78
8 182190510917.27722 1.51396764243e+29 111298133010030.78
8 182219417167.27722 1.5126999769e+29 111298133010030.78
8 182248323417.27722 1.51158310423e+29 111298133010030.78
8 182277424979.77722 1.53092799441e+29 111298133010030.78
8 182306721854.77722 1.52983789108e+29 111298133010030.78
8 182336018729.77722 1.52874684969e+29 111298133010030.78
8 182365315604.77722 1.52765486998e+29 111298133010030.78
8 182394612479.77722 1.52656195171e+29 111298133010030.78
8 182423909354.77722 1.52546809463e+29 111298133010030.78
8 182453206229.77722 1.5243732985e+29 111298133010030.78
8 182482503104.77722 1.52327756307e+29 111298133010030.78
8 182511799979.77722 1.5221808881e+29 111298133010030.78
8 182541292167.27722 1.5413569644e+29 111298133010030.78
8 182570979667.27722 1.54022890665e+29 109850189707116.52
8 182600667167.27722 1.5390998705e+29 109850189707116.52
8 182630354667.27722 1.53796985569e+29 109850189707116.52
8 182660042167.27722 1.53683886197e+29 109850189707116.52
8 182689729667.27722 1.53570688907e+29 109850189707116.52
8 182719417167.27722 1.53457393675e+29 109850189707116.52
8 182749104667.27722 1.53344000473e+29 109850189707116.52
8 182778792167.27722 1.53230509277e+29 109850189707116.52
8 182808479667.27722 1.53116920059e+29 109850189707116.52
8 182838167167.27722 1.53003232796e+29 109850189707116.52
8 182867854667.27722 1.52889892945e+29 109850189707116.52
8 182897542167.27722 1.52777962384e+29 109850189707116.52
8 182927229667.27722 1.52666058144e+29 109850189707116.52
8 182956917167.27722 1.52554057104e+29 109850189707116.52
8 182986604667.27722 1.52441959235e+29 109850189707116.52
8 183016292167.27722 1.52329764515e+29 109850189707116.52
8 183045979667.27722 1.52217472915e+29 109850189707116.52
8 183075667167.27722 1.52105084413e+29 109850189707116.52
8 183105354667.27722 1.5199259898e+29 109850189707116.52
8 183135042167.27722 1.51880016593e+29 109850189707116.52
8 183164729667.27722 1.51767337226e+29 109850189707116.52
8 183194417167.27722 1.51654560852e+29 108424922830764.31
8 183224104667.27722 1.51541687448e+29 108424922830764.31
8 183253792167.27722 1.51428716986e+29 108424922830764.31
8 183283479667.27722 1.51315649442e+29 108424922830764.31
8 183313167167.27722 1.5120248479e+29 108424922830764.31
8 183343049979.77722 1.53076483714e+29 108424922830764.31
8 183373128104.77722 1.52960120701e+29 108424922830764.31
8 183403206229.77722 1.52843656616e+29 108424922830764.31
8 183433284354.77722 1.52727091432e+29 108424922830764.31
8 183463362479.77722 1.52610425122e+29 108424922830764.31
8 183493440604.77722 1.52493913874e+29 108424922830764.31
8 183523518729.77722 1.52378876609e+29 108424922830764.31
8 183553596854.77722 1.52264008232e+29 108424922830764.31
8 183583870292.27722 1.54124244874e+29 108424922830764.31
8 183614339042.27722 1.54006167237e+29 108424922830764.31
8 183644807792.27722 1.53887985747e+29 108424922830764.31
8 183675276542.27722 1.53769700376e+29 108424922830764.31
8 183705745292.27722 1.53651311095e+29 108424922830764.31
8 183736214042.27722 1.53532817878e+29 108424922830764.31
8 183766682792.27722 1.53414220696e+29 108424922830764.31
8 183797151542.27722 1.5329551952e+29 108424922830764.31
8 183827620292.27722 1.53176714324e+29 107021963061508.02
8 183858089042.27722 1.53057805079e+29 107021963061508.02
8 183888557792.27722 1.52938791757e+29 107021963061508.02
8 183919026542.27722 1.52819674331e+29 107021963061508.02
8 183949495292.27722 1.52700452771e+29 107021963061508.02
8 183979964042.27722 1.52581127051e+29 107021963061508.02
8 184010432792.27722 1.52461697142e+29 107021963061508.02
8 184040901542.27722 1.52342163017e+29 107021963061508.02
8 184071370292.27722 1.52222524647e+29 107021963061508.02
8 184101839042.27722 1.52102782005e+29 107021963061508.02
8 184132307792.27722 1.51983997169e+29 107021963061508.02
8 184162776542.27722 1.51866185312e+29 107021963061508.02
8 184193245292.27722 1.51748270544e+29 107021963061508.02
8 184223714042.27722 1.51630252809e+29 107021963061508.02
8 184254182792.27722 1.51512132077e+29 107021963061508.02
8 184284651542.27722 1.51393908322e+29 107021963061508.02
8 184315120292.27722 1.51275581516e+29 107021963061508.02
8 184345589042.27722 1.51157151631e+29 107021963061508.02
8 184376253104.77722 1.5297424117e+29 107021963061508.02
8 184407112479.77722 1.52852542237e+29 107021963061508.02
8 184437971854.77722 1.52730736123e+29 105641304936934.3
8 184468831229.77722 1.52608822798e+29 105641304936934.3
8 184499690604.77722 1.52486802235e+29 105641304936934.3
8 184530549979.77722 1.52364674404e+29 105641304936934.3
8 184561604667.27722 1.54168774866e+29 105641304936934.3
8 184592854667.27722 1.54043314138e+29 105641304936934.3
8 184624104667.27722 1.53917741925e+29 105641304936934.3
8 184655354667.27722 1.53792058198e+29 105641304936934.3
8 184686604667.27722 1.53666262925e+29 105641304936934.3
8 184717854667.27722 1.53540356076e+29 105641304936934.3
8 184749104667.27722 1.53415423184e+29 105641304936934.3
8 184780354667.27722 1.53291531582e+29 105641304936934.3
8 184811604667.27722 1.53167530991e+29 105641304936934.3
8 184842854667.27722 1.53043420217e+29 105641304936934.3
8 184874104667.27722 1.5291919923e+29 105641304936934.3
8 184905354667.27722 1.52794868e+29 105641304936934.3
8 184936604667.27722 1.52670426497e+29 105641304936934.3
8 184967854667.27722 1.52545874689e+29 105641304936934.3
8 184999104667.27722 1.52421212549e+29 105641304936934.3
8 185030354667.27722 1.52296440044e+29 105641304936934.3
8 185061604667.27722 1.52171557145e+29 104283016895442.83
8 185092854667.27722 1.52046563823e+29 104283016895442.83
8 185124104667.27722 1.51921460045e+29 104283016895442.83
8 185155354667.27722 1.51796245784e+29 104283016895442.83
8 185186604667.27722 1.51670921007e+29 104283016895442.83
8 185217854667.27722 1.51545485686e+29 104283016895442.83
8 185249104667.27722 1.51419939789e+29 104283016895442.83
8 185280354667.27722 1.51294283288e+29 104283016895442.83
8 185311604667.27722 1.51168516151e+29 104283016895442.83
8 185343049979.77722 1.52930124634e+29 104283016895442.83
8 185374690604.77722 1.52802926032e+29 104283016895442.83
8 185406331229.77722 1.52675936633e+29 104283016895442.83
8 185437971854.77722 1.52548833832e+29 104283016895442.83
8 185469612479.77722 1.52421617596e+29 104283016895442.83
8 185501448417.27722 1.54173668123e+29 104283016895442.83
8 185533479667.27722 1.54043057318e+29 104283016895442.83
8 185565510917.27722 1.53912328727e+29 104283016895442.83
8 185597542167.27722 1.53781482318e+29 104283016895442.83
8 185629573417.27722 1.53650518057e+29 104283016895442.83
8 185661604667.27722 1.53519435912e+29 102947053078526.8
8 185693635917.27722 1.53388235849e+29 102947053078526.8
8 185725667167.27722 1.53256917836e+29 102947053078526.8
8 185757698417.27722 1.5312548184e+29 102947053078526.8
8 185789729667.27722 1.52993927828e+29 102947053078526.8
8 185821760917.27722 1.52862255768e+29 102947053078526.8
8 185853792167.27722 1.52730465625e+29 102947053078526.8
8 185885823417.27722 1.52598557368e+29 102947053078526.8
8 185917854667.27722 1.52466530964e+29 102947053078526.8
8 185949885917.27722 1.5233476771e+29 102947053078526.8
8 185981917167.27722 1.52204604479e+29 102947053078526.8
8 186013948417.27722 1.52074532946e+29 102947053078526.8
8 186045979667.27722 1.51944344725e+29 102947053078526.8
8 186078010917.27722 1.51814039783e+29 102947053078526.8
8 186110042167.27722 1.51683618087e+29 102947053078526.8
8 186142073417.27722 1.51553079606e+29 102947053078526.8
8 186174104667.27722 1.51422424306e+29 102947053078526.8
8 186206135917.27722 1.51291652155e+29 102947053078526.8
8 186238167167.27722 1.51160763121e+29 102947053078526.8
8 186270393729.77722 1.52870774435e+29 101632757973050.6
8 186302815604.77722 1.52736432455e+29 101632757973050.6
8 186335237479.77722 1.52601969162e+29 101632757973050.6
8 186367659354.77722 1.52467384521e+29 101632757973050.6
8 186400276542.27722 1.54167190218e+29 101632757973050.6
8 186433089042.27722 1.54029092856e+29 101632757973050.6
8 186465901542.27722 1.538908696e+29 101632757973050.6
8 186498714042.27722 1.53752520414e+29 101632757973050.6
8 186531526542.27722 1.53614059616e+29 101632757973050.6
8 186564339042.27722 1.53476888232e+29 101632757973050.6
8 186597151542.27722 1.53340529459e+29 101632757973050.6
8 186629964042.27722 1.53204046279e+29 101632757973050.6
8 186662776542.27722 1.53067438659e+29 101632757973050.6
8 186695589042.27722 1.52930706561e+29 101632757973050.6
8 186728401542.27722 1.5279384995e+29 101632757973050.6
8 186761214042.27722 1.52656868792e+29 101632757973050.6
8 186794026542.27722 1.52519763052e+29 101632757973050.6
8 186826839042.27722 1.52382532693e+29 101632757973050.6
8 186859651542.27722 1.5224517768e+29 100339093141770.78
8 186892464042.27722 1.52107697978e+29 100339093141770.78
8 186925276542.27722 1.51970093552e+29 100339093141770.78
8 186958089042.27722 1.51832364367e+29 100339093141770.78
8 186990901542.27722 1.51694510387e+29 100339093141770.78
8 187023714042.27722 1.51556531577e+29 100339093141770.78
8 187056526542.27722 1.51418427901e+29 100339093141770.78
8 187089339042.27722 1.51280199324e+29 100339093141770.78
8 187122346854.77722 1.52940339783e+29 100339093141770.78
8 187155549979.77722 1.5280001448e+29 100339093141770.78
8 187188753104.77722 1.52660455398e+29 100339093141770.78
8 187221956229.77722 1.52520768434e+29 100339093141770.78
8 187255354667.27722 1.54172838023e+29 100339093141770.78
8 187288948417.27722 1.540295815e+29 100339093141770.78
8 187322542167.27722 1.53886192412e+29 100339093141770.78
8 187356135917.27722 1.53742670723e+29 100339093141770.78
8 187389729667.27722 1.53599016392e+29 100339093141770.78
8 187423323417.27722 1.53455229382e+29 100339093141770.78
8 187456917167.27722 1.53311309655e+29 99065031154793.89
8 187490510917.27722 1.53167257173e+29 99065031154793.89
8 187524104667.27722 1.53023071896e+29 99065031154793.89
8 187557698417.27722 1.52878753787e+29 99065031154793.89
8 187591292167.27722 1.52734302807e+29 99065031154793.89
8 187624885917.27722 1.52589718918e+29 99065031154793.89
8 187658479667.27722 1.52445002081e+29 99065031154793.89
8 187692073417.27722 1.52300152259e+29 99065031154793.89
8 187725667167.27722 1.5215578403e+29 99065031154793.89
8 187759260917.27722 1.52012973502e+29 99065031154793.89
8 187792854667.27722 1.51870128865e+29 99065031154793.89
8 187826448417.27722 1.51727152809e+29 99065031154793.89
8 187860042167.27722 1.51584045296e+29 99065031154793.89
8 187893635917.27722 1.51440806289e+29 99065031154793.89
8 187927229667.27722 1.51297435748e+29 99065031154793.89
8 187960823417.27722 1.51153933638e+29 99065031154793.89
8 187994612479.77722 1.52765388329e+29 99065031154793.89
8 188028596854.77722 1.52618258578e+29 97810144138196.25
8 188062581229.77722 1.52470992495e+29 97810144138196.25
8 188096760917.27722 1.54073578493e+29 97810144138196.25
8 188131135917.27722 1.53922626832e+29 97810144138196.25
8 188165510917.27722 1.53771533959e+29 97810144138196.25
8 188199885917.27722 1.53620299834e+29 97810144138196.25
8 188234260917.27722 1.53468924414e+29 97810144138196.25
8 188268635917.27722 1.53317407658e+29 97810144138196.25
8 188303010917.27722 1.53166386785e+29 97810144138196.25
8 188337385917.27722 1.5301701389e+29 97810144138196.25
8 188371760917.27722 1.52867608774e+29 97810144138196.25
8 188406135917.27722 1.52718064007e+29 97810144138196.25
8 188440510917.27722 1.52568379548e+29 97810144138196.25
8 188474885917.27722 1.52418555355e+29 97810144138196.25
8 188509260917.27722 1.52268591388e+29 97810144138196.25
8 188543635917.27722 1.52118487606e+29 97810144138196.25
8 188578010917.27722 1.51968243968e+29 97810144138196.25
8 188612385917.27722 1.51817860432e+29 96574684850442.22
8 188646760917.27722 1.51667336957e+29 96574684850442.22
8 188681135917.27722 1.51516673503e+29 96574684850442.22
8 188715510917.27722 1.51365870029e+29 96574684850442.22
8 188749885917.27722 1.51214926494e+29 96574684850442.22
8 188784456229.77722 1.52779608709e+29 96574684850442.22
8 188819221854.77722 1.52624926866e+29 96574684850442.22
8 188854182792.27722 1.54182393207e+29 96574684850442.22
8 188889339042.27722 1.5402559982e+29 96574684850442.22
8 188924495292.27722 1.53869645157e+29 96574684850442.22
8 188959651542.27722 1.53713542385e+29 96574684850442.22
8 188994807792.27722 1.53557291461e+29 96574684850442.22
8 189029964042.27722 1.53400892339e+29 96574684850442.22
8 189065120292.27722 1.53244344977e+29 96574684850442.22
8 189100276542.27722 1.53087649328e+29 96574684850442.22
8 189135432792.27722 1.5293080535e+29 96574684850442.22
8 189170589042.27722 1.52773812997e+29 95359115969289.36
8 189205745292.27722 1.52616672225e+29 95359115969289.36
8 189240901542.27722 1.5245938299e+29 95359115969289.36
8 189276057792.27722 1.52301945248e+29 95359115969289.36
8 189311214042.27722 1.52144358955e+29 95359115969289.36
8 189346370292.27722 1.51986624065e+29 95359115969289.36
8 189381526542.27722 1.51828740536e+29 95359115969289.36
8 189416682792.27722 1.51670716209e+29 95359115969289.36
8 189451839042.27722 1.51514057609e+29 95359115969289.36
8 189486995292.27722 1.51358379543e+29 95359115969289.36
8 189522151542.27722 1.51202554627e+29 95359115969289.36
8 189557503104.77722 1.5272400149e+29 95359115969289.36
8 189593049979.77722 1.52564392495e+29 95359115969289.36
8 189628792167.27722 1.54078519715e+29 95359115969289.36
8 189664729667.27722 1.53915071214e+29 95359115969289.36
8 189700667167.27722 1.53751465617e+29 95359115969289.36
8 189736604667.27722 1.53587702878e+29 94163527618488.75
8 189772542167.27722 1.53423782948e+29 94163527618488.75
8 189808479667.27722 1.53259705779e+29 94163527618488.75
8 189844417167.27722 1.53095471324e+29 94163527618488.75
8 189880354667.27722 1.52931079534e+29 94163527618488.75
8 189916292167.27722 1.52766530363e+29 94163527618488.75
8 189952229667.27722 1.52601823762e+29 94163527618488.75
8 189988167167.27722 1.52437232701e+29 94163527618488.75
8 190024104667.27722 1.52274502179e+29 94163527618488.75
8 190060042167.27722 1.52112024491e+29 94163527618488.75
8 190095979667.27722 1.51949391224e+29 94163527618488.75
8 190131917167.27722 1.51786602332e+29 94163527618488.75
8 190167854667.27722 1.51623657767e+29 94163527618488.75
8 190203792167.27722 1.51460557483e+29 94163527618488.75
8 190239729667.27722 1.51297301432e+29 94163527618488.75
8 190275862479.77722 1.527757509e+29 92987242167690.83
8 190312190604.77722 1.52608606297e+29 92987242167690.83
8 190348714042.27722 1.54079544664e+29 92987242167690.83
8 190385432792.27722 1.53908455345e+29 92987242167690.83
8 190422151542.27722 1.53737199624e+29 92987242167690.83
8 190458870292.27722 1.53565777449e+29 92987242167690.83
8 190495589042.27722 1.53394188768e+29 92987242167690.83
8 190532307792.27722 1.53222506613e+29 92987242167690.83
8 190569026542.27722 1.53052513833e+29 92987242167690.83
8 190605745292.27722 1.52883165883e+29 92987242167690.83
8 190642464042.27722 1.52713653333e+29 92987242167690.83
8 190679182792.27722 1.52543976132e+29 92987242167690.83
8 190715901542.27722 1.5237413423e+29 92987242167690.83
8 190752620292.27722 1.52204127575e+29 92987242167690.83
8 190789339042.27722 1.52033956118e+29 92987242167690.83
8 190826057792.27722 1.51863619806e+29 91829285289700.56
8 190862776542.27722 1.5169311859e+29 91829285289700.56
8 190899495292.27722 1.51522452418e+29 91829285289700.56
8 190936214042.27722 1.51351621239e+29 91829285289700.56
8 190972932792.27722 1.51180625003e+29 91829285289700.56
8 191009846854.77722 1.52615026602e+29 91829285289700.56
8 191047151542.27722 1.54043734285e+29 91829285289700.56
8 191084651542.27722 1.53865093934e+29 91829285289700.56
8 191122151542.27722 1.53688336305e+29 91829285289700.56
8 191159651542.27722 1.53511903183e+29 91829285289700.56
8 191197151542.27722 1.53335296103e+29 91829285289700.56
8 191234651542.27722 1.5315851501e+29 91829285289700.56
8 191272151542.27722 1.5298155985e+29 91829285289700.56
8 191309651542.27722 1.52804430567e+29 91829285289700.56
8 191347151542.27722 1.52627127107e+29 91829285289700.56
8 191384651542.27722 1.52449649416e+29 90688816303800.2
8 191422151542.27722 1.52271997439e+29 90688816303800.2
8 191459651542.27722 1.5209417112e+29 90688816303800.2
8 191497151542.27722 1.51916170406e+29 90688816303800.2
8 191534651542.27722 1.51737995242e+29 90688816303800.2
8 191572151542.27722 1.51559645573e+29 90688816303800.2
8 191609651542.27722 1.51381122246e+29 90688816303800.2
8 191647151542.27722 1.51203817488e+29 90688816303800.2
8 191685042167.27722 1.54172239422e+29 90688816303800.2
8 191723323417.27722 1.53988526738e+29 90688816303800.2
8 191761604667.27722 1.53804630419e+29 90688816303800.2
8 191799885917.27722 1.53620550405e+29 90688816303800.2
8 191838167167.27722 1.53436286639e+29 90688816303800.2
8 191876448417.27722 1.53251839061e+29 90688816303800.2
8 191914729667.27722 1.53067207612e+29 89565550284899.44
8 191953010917.27722 1.52882392235e+29 89565550284899.44
8 191991292167.27722 1.5269739287e+29 89565550284899.44
8 192029573417.27722 1.52512209459e+29 89565550284899.44
8 192067854667.27722 1.52326841943e+29 89565550284899.44
8 192106135917.27722 1.52141290264e+29 89565550284899.44
8 192144417167.27722 1.51955556517e+29 89565550284899.44
8 192182698417.27722 1.51771174457e+29 89565550284899.44
8 192220979667.27722 1.5158793072e+29 89565550284899.44
8 192259260917.27722 1.51404504864e+29 89565550284899.44
8 192297542167.27722 1.5122089683e+29 89565550284899.44
8 192336214042.27722 1.54117581528e+29 89565550284899.44
8 192375276542.27722 1.53926019383e+29 89565550284899.44
8 192414339042.27722 1.53734263491e+29 89565550284899.44
8 192453401542.27722 1.53542313789e+29 88459349747265.42
8 192492464042.27722 1.53350170214e+29 88459349747265.42
8 192531526542.27722 1.53157832703e+29 88459349747265.42
8 192570589042.27722 1.52965301194e+29 88459349747265.42
8 192609651542.27722 1.52772575623e+29 88459349747265.42
8 192648714042.27722 1.52579655927e+29 88459349747265.42
8 192687776542.27722 1.52386835836e+29 88459349747265.42
8 192726839042.27722 1.52196051106e+29 88459349747265.42
8 192765901542.27722 1.52005536258e+29 88459349747265.42
8 192804964042.27722 1.51814829455e+29 88459349747265.42
8 192844026542.27722 1.51623930635e+29 88459349747265.42
8 192883089042.27722 1.51432839736e+29 88459349747265.42
8 192922151542.27722 1.51241556696e+29 88459349747265.42
8 192961604667.27722 1.54069128714e+29 87370126870411.2
8 193001448417.27722 1.53869713836e+29 87370126870411.2
8 193041292167.27722 1.53670094856e+29 87370126870411.2
8 193081135917.27722 1.53470271708e+29 87370126870411.2
8 193120979667.27722 1.53270244324e+29 87370126870411.2
8 193160823417.27722 1.53070012636e+29 87370126870411.2
8 193200667167.27722 1.52869650445e+29 87370126870411.2
8 193240510917.27722 1.52671183055e+29 87370126870411.2
8 193280354667.27722 1.5247347328e+29 87370126870411.2
8 193320198417.27722 1.52275561518e+29 87370126870411.2
8 193360042167.27722 1.52077447703e+29 87370126870411.2
8 193399885917.27722 1.51879131767e+29 87370126870411.2
8 193439729667.27722 1.51680613644e+29 87370126870411.2
8 193479573417.27722 1.51481893267e+29 86297937129088.55
8 193519417167.27722 1.51282970571e+29 86297937129088.55
8 193559651542.27722 1.54044281984e+29 86297937129088.55
8 193600276542.27722 1.5383705692e+29 86297937129088.55
8 193640901542.27722 1.53629617187e+29 86297937129088.55
8 193681526542.27722 1.53421962712e+29 86297937129088.55
8 193722151542.27722 1.532143002e+29 86297937129088.55
8 193762776542.27722 1.5300880657e+29 86297937129088.55
8 193803401542.27722 1.52803778152e+29 86297937129088.55
8 193844026542.27722 1.52598537447e+29 86297937129088.55
8 193884651542.27722 1.52393084384e+29 86297937129088.55
8 193925276542.27722 1.52187418893e+29 86297937129088.55
8 193965901542.27722 1.51981540903e+29 86297937129088.55
8 194006526542.27722 1.51775450343e+29 85242929017352.27
8 194047151542.27722 1.51569147141e+29 85242929017352.27
8 194087776542.27722 1.51362631226e+29 85242929017352.27
8 194128401542.27722 1.51155902529e+29 85242929017352.27
8 194169417167.27722 1.53849796119e+29 85242929017352.27
8 194210823417.27722 1.53634593297e+29 85242929017352.27
8 194252229667.27722 1.53420346912e+29 85242929017352.27
8 194293635917.27722 1.53208016486e+29 85242929017352.27
8 194335042167.27722 1.5299550737e+29 85242929017352.27
8 194376448417.27722 1.52782775372e+29 85242929017352.27
8 194417854667.27722 1.52569820416e+29 85242929017352.27
8 194459260917.27722 1.52356642426e+29 85242929017352.27
8 194500667167.27722 1.52143241326e+29 84205168119979.84
8 194542073417.27722 1.51929617041e+29 84205168119979.84
8 194583479667.27722 1.51715769495e+29 84205168119979.84
8 194624885917.27722 1.51501698613e+29 84205168119979.84
8 194666682792.27722 1.5413982241e+29 84205168119979.84
8 194708870292.27722 1.53917128871e+29 84205168119979.84
8 194751057792.27722 1.53695024718e+29 84205168119979.84
8 194793245292.27722 1.53475087276e+29 84205168119979.84
8 194835432792.27722 1.532550694e+29 84205168119979.84
8 194877620292.27722 1.5303481775e+29 84205168119979.84
8 194919807792.27722 1.52814332245e+29 84205168119979.84
8 194961995292.27722 1.52593612806e+29 84205168119979.84
8 195004182792.27722 1.5237265935e+29 83184057749026.0
8 195046370292.27722 1.52151471798e+29 83184057749026.0
8 195088557792.27722 1.51930050069e+29 83184057749026.0
8 195130745292.27722 1.51708394082e+29 83184057749026.0
8 195172932792.27722 1.51486503756e+29 83184057749026.0
8 195215120292.27722 1.51264379012e+29 83184057749026.0
8 195257698417.27722 1.53838307442e+29 83184057749026.0
8 195300667167.27722 1.53610751234e+29 83184057749026.0
8 195343635917.27722 1.53382974269e+29 83184057749026.0
8 195386604667.27722 1.53154952256e+29 83184057749026.0
8 195429573417.27722 1.52926685109e+29 83184057749026.0
8 195472542167.27722 1.52698172744e+29 83184057749026.0
8 195515510917.27722 1.52469415073e+29 82178822291311.0
8 195558479667.27722 1.52240412011e+29 82178822291311.0
8 195601448417.27722 1.52011163473e+29 82178822291311.0
8 195644417167.27722 1.51781669373e+29 82178822291311.0
8 195687385917.27722 1.51551929624e+29 82178822291311.0
8 195730745292.27722 1.54071419732e+29 82178822291311.0
8 195774495292.27722 1.5383556725e+29 82178822291311.0
8 195818245292.27722 1.53600037297e+29 82178822291311.0
8 195861995292.27722 1.53364250735e+29 82178822291311.0
8 195905745292.27722 1.53128207474e+29 82178822291311.0
8 195949495292.27722 1.52891907422e+29 82178822291311.0
8 195993245292.27722 1.52655350489e+29 81188776896932.14
8 196036995292.27722 1.52418536583e+29 81188776896932.14
8 196080745292.27722 1.52181465614e+29 81188776896932.14
8 196124495292.27722 1.5194413749e+29 81188776896932.14
8 196168245292.27722 1.51706552119e+29 81188776896932.14
8 196211995292.27722 1.51468840535e+29 81188776896932.14
8 196255745292.27722 1.51233244445e+29 81188776896932.14
8 196299885917.27722 1.53692538768e+29 81188776896932.14
8 196344417167.27722 1.53448837146e+29 81188776896932.14
8 196388948417.27722 1.53204866954e+29 81188776896932.14
8 196433479667.27722 1.52960628096e+29 81188776896932.14
8 196478010917.27722 1.52716120476e+29 80213685242324.42
8 196522542167.27722 1.52471343997e+29 80213685242324.42
8 196567073417.27722 1.52226298561e+29 80213685242324.42
8 196611604667.27722 1.51980984072e+29 80213685242324.42
8 196656135917.27722 1.51735400434e+29 80213685242324.42
8 196701057792.27722 1.54129385401e+29 80213685242324.42
8 196746370292.27722 1.53740992932e+29 80213685242324.42
8 196791682792.27722 1.53327959483e+29 80213685242324.42
8 196836995292.27722 1.52914496648e+29 79488227881587.06
8 196882307792.27722 1.52500604273e+29 79488227881587.06
8 196927620292.27722 1.52088814324e+29 79488227881587.06
8 196972932792.27722 1.51782641054e+29 79488227881587.06
8 197018245292.27722 1.51532085565e+29 79488227881587.06
8 197063557792.27722 1.51281251352e+29 79011819202786.31
8 197109260917.27722 1.5363190248e+29 79011819202786.31
8 197155354667.27722 1.53371762119e+29 79011819202786.31
8 197201448417.27722 1.53151155976e+29 79011819202786.31
8 197247542167.27722 1.52975049512e+29 79011819202786.31
8 197293635917.27722 1.52798765831e+29 79011819202786.31
8 197339729667.27722 1.52622267267e+29 79011819202786.31
8 197385823417.27722 1.5244555374e+29 79011819202786.31
8 197431917167.27722 1.52268625169e+29 78307836766067.94
8 197478010917.27722 1.52091481471e+29 78307836766067.94
8 197524104667.27722 1.51914122566e+29 78307836766067.94
8 197570198417.27722 1.51736548373e+29 78307836766067.94
8 197616682792.27722 1.54126017856e+29 78307836766067.94
8 197663557792.27722 1.53916836455e+29 78307836766067.94
8 197710432792.27722 1.53651455231e+29 78307836766067.94
8 197757307792.27722 1.53383706348e+29 78307836766067.94
8 197804182792.27722 1.53115651752e+29 78307836766067.94
8 197851057792.27722 1.52847291328e+29 78307836766067.94
8 197897932792.27722 1.52578624962e+29 77376510016261.2
8 197944807792.27722 1.52309652538e+29 77376510016261.2
8 197991682792.27722 1.52040373942e+29 77376510016261.2
8 198038557792.27722 1.51770789058e+29 77376510016261.2
8 198085432792.27722 1.51500897773e+29 77376510016261.2
8 198132307792.27722 1.51232090581e+29 77376510016261.2
8 198179573417.27722 1.53479230888e+29 77376510016261.2
8 198227229667.27722 1.53203305318e+29 77376510016261.2
8 198274885917.27722 1.52927061123e+29 77376510016261.2
8 198322542167.27722 1.52650498181e+29 77376510016261.2
8 198370198417.27722 1.5237361637e+29 76459184709189.0
8 198417854667.27722 1.5209641557e+29 76459184709189.0
8 198465510917.27722 1.51818895659e+29 76459184709189.0
8 198513557792.27722 1.54023019638e+29 76459184709189.0
8 198561995292.27722 1.53735753226e+29 76459184709189.0
8 198610432792.27722 1.53450898063e+29 76459184709189.0
8 198658870292.27722 1.53166989779e+29 76459184709189.0
8 198707307792.27722 1.52882749806e+29 76459184709189.0
8 198755745292.27722 1.52598178016e+29 76459184709189.0
8 198804182792.27722 1.52313274281e+29 75555596148950.1
8 198852620292.27722 1.52028038474e+29 75555596148950.1
8 198901057792.27722 1.51742470466e+29 75555596148950.1
8 198949495292.27722 1.5145657013e+29 75555596148950.1
8 198997932792.27722 1.51170337337e+29 75555596148950.1
8 199046760917.27722 1.53316481508e+29 75555596148950.1
8 199095979667.27722 1.530244261e+29 75555596148950.1
8 199145198417.27722 1.52732088886e+29 75555596148950.1
8 199194417167.27722 1.52439406521e+29 75555596148950.1
8 199243635917.27722 1.5214637887e+29 75555596148950.1
8 199292854667.27722 1.51853005798e+29 74665448503892.83
8 199342464042.27722 1.53962620166e+29 74665448503892.83
8 199392464042.27722 1.53659140717e+29 74665448503892.83
8 199442464042.27722 1.53355298708e+29 74665448503892.83
8 199492464042.27722 1.53052346375e+29 74665448503892.83
8 199542464042.27722 1.5275192173e+29 74665448503892.83
8 199592464042.27722 1.52451320125e+29 74665448503892.83
8 199642464042.27722 1.52150359721e+29 74665448503892.83
8 199692464042.27722 1.51849040378e+29 74665448503892.83
8 199742464042.27722 1.51547361953e+29 73788441003983.48
8 199792464042.27722 1.51245324303e+29 73788441003983.48
8 199842854667.27722 1.53299009219e+29 73788441003983.48
8 199893635917.27722 1.52986711843e+29 73788441003983.48
8 199944417167.27722 1.52675794977e+29 73788441003983.48
8 199995198417.27722 1.52367096947e+29 73788441003983.48
8 200045979667.27722 1.52058049757e+29 73788441003983.48
8 200097151542.27722 1.54080805359e+29 73788441003983.48
8 200148714042.27722 1.53761401121e+29 72924353573523.14
8 200200276542.27722 1.53441606312e+29 72924353573523.14
8 200251839042.27722 1.53121420772e+29 72924353573523.14
8 200303401542.27722 1.52800844343e+29 72924353573523.14
8 200354964042.27722 1.52480128253e+29 72924353573523.14
8 200406526542.27722 1.52162209656e+29 72924353573523.14
8 200458089042.27722 1.51844869555e+29 72924353573523.14
8 200509651542.27722 1.51527142465e+29 72924353573523.14
8 200561214042.27722 1.5120902823e+29 72924353573523.14
8 200613167167.27722 1.53174295344e+29 72072978089278.9
8 200665510917.27722 1.52845663786e+29 72072978089278.9
8 200717854667.27722 1.52516626722e+29 72072978089278.9
8 200770198417.27722 1.52187183983e+29 72072978089278.9
8 200822932792.27722 1.54123583437e+29 72072978089278.9
8 200876057792.27722 1.53787985071e+29 72072978089278.9
8 200929182792.27722 1.53451967671e+29 72072978089278.9
8 200982307792.27722 1.53115530317e+29 72072978089278.9
8 201035432792.27722 1.52778672837e+29 71233977866322.19
8 201088557792.27722 1.52441395054e+29 71233977866322.19
8 201141682792.27722 1.52103696793e+29 71233977866322.19
8 201194807792.27722 1.5176557788e+29 71233977866322.19
8 201247932792.27722 1.51428922565e+29 71233977866322.19
8 201301448417.27722 1.53313970773e+29 71233977866322.19
8 201355354667.27722 1.52969212694e+29 71233977866322.19
8 201409260917.27722 1.52624019409e+29 71233977866322.19
8 201463167167.27722 1.52278390736e+29 70406925002331.75
8 201517464042.27722 1.54131698059e+29 70406925002331.75
8 201572151542.27722 1.53775075298e+29 70406925002331.75
8 201626839042.27722 1.53418011776e+29 70406925002331.75
8 201681526542.27722 1.53063222511e+29 70406925002331.75
8 201736214042.27722 1.52710012809e+29 70406925002331.75
8 201790901542.27722 1.52356352531e+29 70406925002331.75
8 201845589042.27722 1.52002241486e+29 70406925002331.75
8 201900276542.27722 1.51647679481e+29 69591665832936.66
8 201954964042.27722 1.51292666323e+29 69591665832936.66
8 202010042167.27722 1.5309087006e+29 69591665832936.66
8 202065510917.27722 1.52725175565e+29 69591665832936.66
8 202120979667.27722 1.52362626244e+29 69591665832936.66
8 202176839042.27722 1.54138629293e+29 69591665832936.66
8 202233089042.27722 1.53765608604e+29 69591665832936.66
8 202289339042.27722 1.53392101254e+29 68788988721342.2
8 202345589042.27722 1.5301810703e+29 68788988721342.2
8 202401839042.27722 1.52643625719e+29 68788988721342.2
8 202458089042.27722 1.52268664695e+29 68788988721342.2
8 202514339042.27722 1.51895944195e+29 68788988721342.2
8 202570589042.27722 1.5152489219e+29 68788988721342.2
8 202626839042.27722 1.5115335768e+29 68788988721342.2
8 202683479667.27722 1.52872904121e+29 68788988721342.2
8 202740510917.27722 1.52489977987e+29 67999820546917.37
8 202797932792.27722 1.54187535092e+29 67999820546917.37
8 202855745292.27722 1.53793003764e+29 67999820546917.37
8 202913557792.27722 1.53399884054e+29 67999820546917.37
8 202971370292.27722 1.53009323771e+29 67999820546917.37
8 203029182792.27722 1.52618283149e+29 67999820546917.37
8 203086995292.27722 1.52226722589e+29 67999820546917.37
8 203144807792.27722 1.51834641857e+29 67224758176395.49
8 203202620292.27722 1.51442040722e+29 67224758176395.49
8 203260823417.27722 1.5308742604e+29 67224758176395.49
8 203319417167.27722 1.52685113758e+29 67224758176395.49
8 203378010917.27722 1.52285279484e+29 67224758176395.49
8 203436995292.27722 1.53907360852e+29 67224758176395.49
8 203496370292.27722 1.53495710803e+29 66463131917545.23
8 203555745292.27722 1.53083501588e+29 66463131917545.23
8 203615120292.27722 1.52670732951e+29 66463131917545.23
8 203674495292.27722 1.52257457405e+29 66463131917545.23
8 203733870292.27722 1.51846830532e+29 66463131917545.23
8 203793245292.27722 1.5143754095e+29 66463131917545.23
8 203853010917.27722 1.5301216917e+29 66463131917545.23
8 203913167167.27722 1.5259089195e+29 65713833519534.24
8 203973714042.27722 1.54142481417e+29 65713833519534.24
8 204034651542.27722 1.53708998444e+29 65713833519534.24
8 204095589042.27722 1.53275831417e+29 65713833519534.24
8 204156526542.27722 1.52846071741e+29 65713833519534.24
8 204217464042.27722 1.52416185717e+29 65713833519534.24
8 204278401542.27722 1.51985704809e+29 65713833519534.24
8 204339339042.27722 1.51554628736e+29 64975886178363.44
8 204400667167.27722 1.53057625837e+29 64975886178363.44
8 204462385917.27722 1.52614310758e+29 64975886178363.44
8 204524495292.27722 1.54097501358e+29 64975886178363.44
8 204586995292.27722 1.53647209064e+29 64975886178363.44
8 204649495292.27722 1.53196280099e+29 64975886178363.44
8 204711995292.27722 1.52744714159e+29 64248636893849.59
8 204774495292.27722 1.52292510939e+29 64248636893849.59
8 204836995292.27722 1.51839676131e+29 64248636893849.59
8 204899495292.27722 1.51389247662e+29 64248636893849.59
8 204962385917.27722 1.52824809271e+29 64248636893849.59
8 205025667167.27722 1.5236451523e+29 64248636893849.59
8 205089339042.27722 1.53776034828e+29 63531658660760.3
8 205153401542.27722 1.53302952585e+29 63531658660760.3
8 205217464042.27722 1.52829192742e+29 63531658660760.3
8 205281526542.27722 1.52357969787e+29 63531658660760.3
8 205345589042.27722 1.5188888944e+29 63531658660760.3
8 205409651542.27722 1.51419134611e+29 63531658660760.3
8 205474104667.27722 1.52786636586e+29 62824548777535.82
8 205539339042.27722 1.54136004877e+29 62824548777535.82
8 205604964042.27722 1.53641045304e+29 62824548777535.82
8 205670589042.27722 1.53149553691e+29 62824548777535.82
8 205736214042.27722 1.52659292309e+29 62824548777535.82
8 205801839042.27722 1.52168311747e+29 62824548777535.82
8 205867464042.27722 1.51676611644e+29 62127108572544.6
8 205933089042.27722 1.51184191643e+29 62127108572544.6
8 205999104667.27722 1.52482972907e+29 62127108572544.6
8 206065901542.27722 1.53768046e+29 62127108572544.6
8 206133089042.27722 1.53256125306e+29 62127108572544.6
8 206200276542.27722 1.52743438995e+29 61439472102691.56
8 206267464042.27722 1.52229986679e+29 61439472102691.56
8 206334651542.27722 1.51715783294e+29 61439472102691.56
8 206401839042.27722 1.51204442359e+29 61439472102691.56
8 206469807792.27722 1.54193599421e+29 61439472102691.56
8 206538557792.27722 1.53659506802e+29 61439472102691.56
8 206607307792.27722 1.53124600358e+29 60761808440018.29
8 206676057792.27722 1.52588879667e+29 60761808440018.29
8 206744807792.27722 1.52054256535e+29 60761808440018.29
8 206813557792.27722 1.51523339907e+29 60761808440018.29
8 206882698417.27722 1.52704565056e+29 60761808440018.29
8 206952620292.27722 1.53866614644e+29 60094216107130.76
8 207022932792.27722 1.53308928446e+29 60094216107130.76
8 207093245292.27722 1.52751613784e+29 60094216107130.76
8 207163557792.27722 1.52198443396e+29 60094216107130.76
8 207233870292.27722 1.51644947287e+29 60094216107130.76
8 207304573417.27722 1.52766261873e+29 59436467821511.445
8 207376057792.27722 1.5386799211e+29 59436467821511.445
8 207447932792.27722 1.5328816466e+29 59436467821511.445
8 207519807792.27722 1.5271257348e+29 59436467821511.445
8 207591682792.27722 1.52136628458e+29 59436467821511.445
8 207663557792.27722 1.51559775738e+29 58788209986321.99
8 207735823417.27722 1.52619946205e+29 58788209986321.99
8 207808870292.27722 1.53662097819e+29 58788209986321.99
8 207882307792.27722 1.53063991205e+29 58788209986321.99
8 207955745292.27722 1.52465166491e+29 58788209986321.99
8 208029182792.27722 1.51865381141e+29 58149073688314.37
8 208102620292.27722 1.5126463685e+29 58149073688314.37
8 208176839042.27722 1.53865898008e+29 58149073688314.37
8 208251839042.27722 1.53244777532e+29 58149073688314.37
8 208326839042.27722 1.52622642304e+29 57518923531102.11
8 208401839042.27722 1.51999491757e+29 57518923531102.11
8 208476839042.27722 1.51376103134e+29 57518923531102.11
8 208552620292.27722 1.53891448947e+29 57518923531102.11
8 208629182792.27722 1.53246580204e+29 57518923531102.11
8 208705745292.27722 1.52600640233e+29 56897815459078.42
8 208782307792.27722 1.51953633075e+29 56897815459078.42
8 208858870292.27722 1.5130959381e+29 56897815459078.42
8 208936214042.27722 1.53736183341e+29 56897815459078.42
8 209014339042.27722 1.53067020111e+29 56285850944378.52
8 209092464042.27722 1.52396727253e+29 56285850944378.52
8 209170589042.27722 1.51727415163e+29 56285850944378.52
8 209249495292.27722 1.54076822047e+29 56285850944378.52
8 209329182792.27722 1.53383991353e+29 55682969469608.42
8 209408870292.27722 1.52689971398e+29 55682969469608.42
8 209488557792.27722 1.51996110469e+29 55682969469608.42
8 209568245292.27722 1.51307026249e+29 55682969469608.42
8 209648714042.27722 1.53563852224e+29 55088872701732.25
8 209729964042.27722 1.52845738132e+29 55088872701732.25
8 209811214042.27722 1.52127557085e+29 55088872701732.25
8 209892464042.27722 1.51414327095e+29 55088872701732.25
8 209974495292.27722 1.53591842427e+29 54503223868339.36
8 210057307792.27722 1.52849244906e+29 54503223868339.36
8 210140120292.27722 1.5210693609e+29 54503223868339.36
8 210222932792.27722 1.51369591868e+29 54503223868339.36
8 210306526542.27722 1.5346658236e+29 53925761264019.41
8 210390901542.27722 1.52699078701e+29 53925761264019.41
8 210475276542.27722 1.51933052862e+29 53925761264019.41
8 210559651542.27722 1.51171360249e+29 53925761264019.41
8 210644807792.27722 1.5318659713e+29 53356404683380.0
8 210730745292.27722 1.52393791778e+29 53356404683380.0
8 210816682792.27722 1.5160492825e+29 53356404683380.0
8 210903401542.27722 1.5355299176e+29 53356404683380.0
8 210990901542.27722 1.52735814787e+29 52795116035005.484
8 211078401542.27722 1.51918478369e+29 52795116035005.484
8 211166682792.27722 1.53797476764e+29 52795116035005.484
8 211255745292.27722 1.5295568848e+29 52241827660870.11
8 211344807792.27722 1.521123488e+29 52241827660870.11
8 211434651542.27722 1.53919330126e+29 52241827660870.11
8 211525276542.27722 1.53052624922e+29 52241827660870.11
8 211615901542.27722 1.52184264426e+29 51696328915867.65
8 211706526542.27722 1.5131685165e+29 51696328915867.65
8 211797932792.27722 1.53041028615e+29 51696328915867.65
8 211890120292.27722 1.52147371486e+29 51158352242681.16
8 211983089042.27722 1.53809012315e+29 51158352242681.16
8 212076839042.27722 1.52890060947e+29 51158352242681.16
8 212170589042.27722 1.51970719908e+29 50627657808116.984
8 212265120292.27722 1.53559808586e+29 50627657808116.984
8 212360432792.27722 1.52613903569e+29 50627657808116.984
8 212456526542.27722 1.54146980021e+29 50104119412637.71
8 212553401542.27722 1.53168772937e+29 50104119412637.71
8 212650276542.27722 1.5219609799e+29 50104119412637.71
8 212747151542.27722 1.51224215996e+29 49587702464966.13
8 212844807792.27722 1.52666290381e+29 49587702464966.13
8 212944026542.27722 1.54066392717e+29 49587702464966.13
8 213044026542.27722 1.53035721023e+29 49078321942362.4
8 213144026542.27722 1.52003735217e+29 49078321942362.4
8 213244807792.27722 1.53329399736e+29 49078321942362.4
8 213346370292.27722 1.5227114592e+29 48575847766781.39
8 213448714042.27722 1.53531235728e+29 48575847766781.39
8 213551839042.27722 1.52446525984e+29 48575847766781.39
8 213654964042.27722 1.51360173987e+29 48080198516070.4
8 213758870292.27722 1.52545308398e+29 48080198516070.4
8 213864339042.27722 1.5368442826e+29 47591382015554.29
8 213970589042.27722 1.52536548115e+29 47591382015554.29
8 214076839042.27722 1.5139469779e+29 47591382015554.29
8 214183870292.27722 1.52453933473e+29 47109455977918.0
8 214292464042.27722 1.53463425034e+29 47109455977918.0
8 214401839042.27722 1.5226031326e+29 46634241285359.06
8 214511995292.27722 1.53204737356e+29 46634241285359.06
8 214623714042.27722 1.54103722705e+29 46634241285359.06
8 214736214042.27722 1.52836025994e+29 46165327180797.92
8 214848714042.27722 1.5157205624e+29 46165327180797.92
8 214961995292.27722 1.52391111906e+29 45702294547732.2
8 215076839042.27722 1.53157127777e+29 45702294547732.2
8 215192464042.27722 1.51833961842e+29 45244860797903.48
8 215308870292.27722 1.5253462948e+29 45244860797903.48
8 215426839042.27722 1.53188596166e+29 45244860797903.48
8 215545589042.27722 1.51799199345e+29 44793108151515.56
8 215665120292.27722 1.52386411074e+29 44793108151515.56
8 215786214042.27722 1.52919066145e+29 44347156450069.96
8 215908089042.27722 1.51469186838e+29 44347156450069.96
8 216031526542.27722 1.53848672064e+29 43907088373011.914
8 216156526542.27722 1.52330873517e+29 43907088373011.914
8 216282307792.27722 1.52690849352e+29 43472820737474.945
8 216409651542.27722 1.5299934103e+29 43472820737474.945
8 216537776542.27722 1.51415132525e+29 43044163254098.08
8 216667464042.27722 1.53472650072e+29 43044163254098.08
8 216798714042.27722 1.51819093098e+29 42620926750451.68
8 216931526542.27722 1.5372903065e+29 42202943616538.01
8 217065901542.27722 1.52005969458e+29 42202943616538.01
8 217201839042.27722 1.53765937183e+29 41790135607348.33
8 217339339042.27722 1.51974044602e+29 41790135607348.33
8 217478401542.27722 1.53581294363e+29 41382476662619.31
8 217619026542.27722 1.51721307731e+29 41382476662619.31
8 217761214042.27722 1.53174492236e+29 40979968998977.984
8 217904964042.27722 1.51244116483e+29 40582515749030.6
8 218050276542.27722 1.5254432957e+29 40582515749030.6
8 218198714042.27722 1.53723307813e+29 40189897486723.18
8 218348714042.27722 1.5164480879e+29 39801885623108.14
8 218500276542.27722 1.52667658647e+29 39801885623108.14
8 218654964042.27722 1.53567051582e+29 39418284512685.69
8 218811214042.27722 1.51339088647e+29 39039059896516.39
8 218969026542.27722 1.52080932595e+29 39039059896516.39
8 219129964042.27722 1.52696224777e+29 38664210186371.81
8 219294026542.27722 1.5318553105e+29 38293705913977.69
8 219461214042.27722 1.53547527396e+29 37927523804105.58
8 219631526542.27722 1.5378077193e+29 37565701493154.664
8 219804964042.27722 1.53883763851e+29 37565701493154.664
8 219979964042.27722 1.51180135504e+29 37208293564318.48
8 220158089042.27722 1.53744735798e+29 36855351311781.97
8 220340901542.27722 1.5345296661e+29 36506781467897.5
8 220526839042.27722 1.53028838272e+29 36162341434565.82
8 220715901542.27722 1.52472437743e+29 35821795819251.96
8 220908089042.27722 1.51784007984e+29 35484937095424.336
8 221104964042.27722 1.53332489592e+29 35151708418504.07
8 221306526542.27722 1.52275969808e+29 34822124730762.54
8 221512776542.27722 1.53348065384e+29 34496177377286.086
8 221723714042.27722 1.51917648123e+29 34173852584161.207
8 221939339042.27722 1.52506438895e+29 33540400004479.848
8 222161214042.27722 1.52796070751e+29 33229470750725.473
8 222389339042.27722 1.52783041629e+29 32922482213833.145
8 222623714042.27722 1.52465971406e+29 32619297566560.156
8 222864339042.27722 1.5184781846e+29 32023619409303.82
8 223112776542.27722 1.5278442744e+29 31730817557465.324
8 223370589042.27722 1.53237246081e+29 31155123701184.78
8 223636214042.27722 1.51472819423e+29 30872236066780.336
8 223911214042.27722 1.5274518427e+29 30316477045119.12
8 224198714042.27722 1.53334722741e+29 29774659626049.22
8 224498714042.27722 1.5323684932e+29 29247278125986.395
8 224811214042.27722 1.52453243352e+29 28733874713537.895
8 225139339042.27722 1.53768425554e+29 28233789943800.54
8 225483089042.27722 1.51350947076e+29 27507009626194.957
8 225845589042.27722 1.53240519487e+29 27037981084895.816
8 226233089042.27722 1.53580431743e+29 26359847111685.3
8 226645589042.27722 1.52367110302e+29 25710869483550.895
8 227089339042.27722 1.53607481968e+29 24886130084256.81
8 227570589042.27722 1.52316100815e+29 24105706608776.42
8 228095589042.27722 1.51744089923e+29 23191825073301.215
8 228683089042.27722 1.53258787506e+29 22336909224880.24
8 229358089042.27722 1.53505823508e+29 21227874633743.21
8 230158089042.27722 1.52557961912e+29 19929549850618.062
8 231183089042.27722 1.53025996998e+29 18240949599406.965
8 232845589042.27722 1.52356622919e+29 15461189814569.69
8 237020589042.27722 0.0 7565397662390.434
#
#
# runtime:  14541.590755  seconds
