## fname ../data/sample_MESA_output/profile_redgiant_logE.data  masscut 0.95    N 8   mp (Ms) 1e-07   mp (g) 1.988e+26   RKstep 8.000e+06
#N    (ru+rl)/2 (cm)    M(g) contained in shell ru-rl   internal energy E (unlog)...ergs?
8 185364052117.0 1.54597845288e+29 1.04238738125e+14
8 185384052117.0 1.54516710605e+29 1.04194459355e+14
8 185404052117.0 1.54435530108e+29 1.04150180585e+14
8 185424052117.0 1.54354303788e+29 1.04105901815e+14
8 185444052117.0 1.54273031639e+29 1.04061623045e+14
8 185464052117.0 1.54191713651e+29 1.04017344275e+14
8 185484052117.0 1.54110349817e+29 1.03973065505e+14
8 185504052117.0 1.54028940128e+29 1.03928786735e+14
8 185524052117.0 1.53947484578e+29 1.03884507965e+14
8 185544052117.0 1.53865983157e+29 1.03840229195e+14
8 185564052117.0 1.53784435859e+29 1.03795950425e+14
8 185584052117.0 1.53702842674e+29 1.03751671655e+14
8 185604052117.0 1.53621203595e+29 1.03707392885e+14
8 185624052117.0 1.53539518614e+29 1.03663114115e+14
8 185644052117.0 1.53457787722e+29 1.03618835345e+14
8 185664052117.0 1.53376010913e+29 1.03574556574e+14
8 185684052117.0 1.53294188177e+29 1.03530277804e+14
8 185704052117.0 1.53212319507e+29 1.03485999034e+14
8 185724052117.0 1.53130404895e+29 1.03441720264e+14
8 185744052117.0 1.53048444333e+29 1.03397441494e+14
8 185764052117.0 1.52966437813e+29 1.03353162724e+14
8 185784052117.0 1.52884385327e+29 1.03308883954e+14
8 185804052117.0 1.52802286866e+29 1.03264605184e+14
8 185824052117.0 1.52720142423e+29 1.03220326414e+14
8 185848052117.0 1.90776882031e+29 1.0316719189e+14
8 185872052117.0 1.90653506682e+29 1.03114057366e+14
8 185896052117.0 1.90530048517e+29 1.03060922842e+14
8 185920052117.0 1.90406507517e+29 1.03007788318e+14
8 185944052117.0 1.90283058277e+29 1.02954653794e+14
8 185968052117.0 1.90160677688e+29 1.02901762688e+14
8 185992052117.0 1.90039037719e+29 1.02848912214e+14
8 186016052117.0 1.89917326253e+29 1.02796061741e+14
8 186040052117.0 1.89795532983e+29 1.02743211267e+14
8 186064052117.0 1.8967365789e+29 1.02690360794e+14
8 186088052117.0 1.89551700957e+29 1.02637510321e+14
8 186112052117.0 1.89429662168e+29 1.02584659847e+14
8 186136052117.0 1.89307541505e+29 1.02531809374e+14
8 186160052117.0 1.89185338952e+29 1.024789589e+14
8 186184052117.0 1.89063054491e+29 1.02426108427e+14
8 186208052117.0 1.88940688105e+29 1.02373257953e+14
8 186232052117.0 1.88818239777e+29 1.0232040748e+14
8 186256052117.0 1.8869570949e+29 1.02267557006e+14
8 186280052117.0 1.88573097228e+29 1.02214706533e+14
8 186304052117.0 1.88450402972e+29 1.0216185606e+14
8 186328052117.0 1.88327626707e+29 1.02109005586e+14
8 186352052117.0 1.88204768414e+29 1.02056155113e+14
8 186376052117.0 1.88081828077e+29 1.02003304639e+14
8 186400052117.0 1.87958805679e+29 1.01950454166e+14
8 186424052117.0 1.87835701203e+29 1.01897603692e+14
8 186448052117.0 1.87712514632e+29 1.01844753219e+14
8 186472052117.0 1.87589245948e+29 1.01791902745e+14
8 186496052117.0 1.87465895134e+29 1.01739052272e+14
8 186520052117.0 1.87342462174e+29 1.01686201799e+14
8 186544052117.0 1.87219219747e+29 1.01633351325e+14
8 186568052117.0 1.87097085788e+29 1.01580751217e+14
8 186592052117.0 1.86975517072e+29 1.01528153951e+14
8 186616052117.0 1.86853868017e+29 1.01475556685e+14
8 186640052117.0 1.86732137817e+29 1.01422959419e+14
8 186664052117.0 1.86610326455e+29 1.01370362153e+14
8 186688052117.0 1.86488433914e+29 1.01317764888e+14
8 186712052117.0 1.86366460177e+29 1.01265167622e+14
8 186736052117.0 1.86244405228e+29 1.01212570356e+14
8 186760052117.0 1.86122269048e+29 1.0115997309e+14
8 186784052117.0 1.86000051623e+29 1.01107375824e+14
8 186808052117.0 1.85877752935e+29 1.01054778559e+14
8 186832052117.0 1.85755372966e+29 1.01002181293e+14
8 186856052117.0 1.85632911701e+29 1.00949584027e+14
8 186880052117.0 1.85510369121e+29 1.00896986761e+14
8 186904052117.0 1.85387745212e+29 1.00844389495e+14
8 186928052117.0 1.85265039954e+29 1.0079179223e+14
8 186952052117.0 1.85142253333e+29 1.00739194964e+14
8 186976052117.0 1.85019385331e+29 1.00686597698e+14
8 187000052117.0 1.8489643593e+29 1.00634000432e+14
8 187024052117.0 1.84773405115e+29 1.00581403166e+14
8 187048052117.0 1.84650292868e+29 1.00528805901e+14
8 187072052117.0 1.84527099173e+29 1.00476208635e+14
8 187096052117.0 1.84403824012e+29 1.00423611369e+14
8 187120052117.0 1.84280471473e+29 1.00371014103e+14
8 187144052117.0 1.84157725224e+29 1.00318504056e+14
8 187168052117.0 1.84036036543e+29 1.0026612866e+14
8 187192052117.0 1.83914496843e+29 1.00213753263e+14
8 187216052117.0 1.83792876652e+29 1.00161377867e+14
8 187240052117.0 1.83671175951e+29 1.00109002471e+14
8 187264052117.0 1.83549394724e+29 1.00056627075e+14
8 187288052117.0 1.83427532955e+29 1.00004251678e+14
8 187312052117.0 1.83305590626e+29 9.99518762821e+13
8 187336052117.0 1.83183567722e+29 9.98995008858e+13
8 187360052117.0 1.83061464226e+29 9.98471254896e+13
8 187384052117.0 1.82939280121e+29 9.97947500933e+13
8 187408052117.0 1.8281701539e+29 9.97423746971e+13
8 187432052117.0 1.82694670016e+29 9.96899993008e+13
8 187456052117.0 1.82572243984e+29 9.96376239046e+13
8 187480052117.0 1.82449737276e+29 9.95852485083e+13
8 187504052117.0 1.82327149876e+29 9.95328731121e+13
8 187528052117.0 1.82204481767e+29 9.94804977159e+13
8 187552052117.0 1.82081732933e+29 9.94281223196e+13
8 187576052117.0 1.81958903356e+29 9.93757469234e+13
8 187600052117.0 1.81835993021e+29 9.93233715271e+13
8 187624052117.0 1.8171300191e+29 9.92709961309e+13
8 187648052117.0 1.81589930007e+29 9.92186207346e+13
8 187672052117.0 1.81466777295e+29 9.91662453384e+13
8 187696052117.0 1.81343543758e+29 9.91138699421e+13
8 187720052117.0 1.81220561565e+29 9.90615090137e+13
8 187744052117.0 1.81098674946e+29 9.90093478783e+13
8 187768052117.0 1.80977243082e+29 9.89571867429e+13
8 187792052117.0 1.80855731372e+29 9.89050256075e+13
8 187816052117.0 1.80734139799e+29 9.88528644721e+13
8 187840052117.0 1.80612468346e+29 9.88007033367e+13
8 187864052117.0 1.80490716996e+29 9.87485422013e+13
8 187888052117.0 1.80368885734e+29 9.86963810659e+13
8 187912052117.0 1.80246974543e+29 9.86442199305e+13
8 187936052117.0 1.80124983406e+29 9.85920587951e+13
8 187960052117.0 1.80002912308e+29 9.85398976597e+13
8 187984052117.0 1.79880761231e+29 9.84877365243e+13
8 188008052117.0 1.79758530159e+29 9.84355753889e+13
8 188032052117.0 1.79636219076e+29 9.83834142535e+13
8 188056052117.0 1.79513827965e+29 9.83312531181e+13
8 188080052117.0 1.7939135681e+29 9.82790919827e+13
8 188104052117.0 1.79268805594e+29 9.82269308473e+13
8 188128052117.0 1.79146174301e+29 9.81747697119e+13
8 188152052117.0 1.79023462915e+29 9.81226085765e+13
8 188176052117.0 1.78900671418e+29 9.80704474411e+13
8 188200052117.0 1.78777799796e+29 9.80182863057e+13
8 188224052117.0 1.7865484803e+29 9.79661251703e+13
8 188248052117.0 1.78531816105e+29 9.79139640349e+13
8 188272052117.0 1.78408704004e+29 9.78618028995e+13
8 188296052117.0 1.78285794688e+29 9.7809644024e+13
8 188320052117.0 1.78163974246e+29 9.77577175319e+13
8 188344052117.0 1.78042680598e+29 9.77057910397e+13
8 188368052117.0 1.77921307758e+29 9.76538645476e+13
8 188392052117.0 1.77799855709e+29 9.76019380555e+13
8 188416052117.0 1.77678324436e+29 9.75500115633e+13
8 188440052117.0 1.77556713921e+29 9.74980850712e+13
8 188464052117.0 1.7743502415e+29 9.74461585791e+13
8 188488052117.0 1.77313255106e+29 9.7394232087e+13
8 188512052117.0 1.77191406772e+29 9.73423055948e+13
8 188536052117.0 1.77069479132e+29 9.72903791027e+13
8 188560052117.0 1.76947472171e+29 9.72384526106e+13
8 188584052117.0 1.76825385871e+29 9.71865261184e+13
8 188608052117.0 1.76703220217e+29 9.71345996263e+13
8 188632052117.0 1.76580975191e+29 9.70826731342e+13
8 188656052117.0 1.76458650779e+29 9.7030746642e+13
8 188680052117.0 1.76336246964e+29 9.69788201499e+13
8 188704052117.0 1.76213763729e+29 9.69268936578e+13
8 188728052117.0 1.76091201059e+29 9.68749671656e+13
8 188752052117.0 1.75968558937e+29 9.68230406735e+13
8 188776052117.0 1.75845837346e+29 9.67711141814e+13
8 188800052117.0 1.75723036271e+29 9.67191876893e+13
8 188824052117.0 1.75600155696e+29 9.66672611971e+13
8 188848052117.0 1.75477195603e+29 9.6615334705e+13
8 188872052117.0 1.75354641467e+29 9.65634656028e+13
8 188896052117.0 1.75233215098e+29 9.65118033792e+13
8 188920052117.0 1.75112090904e+29 9.64601411557e+13
8 188944052117.0 1.74990888182e+29 9.64084789321e+13
8 188968052117.0 1.74869606916e+29 9.63568167085e+13
8 188992052117.0 1.7474824709e+29 9.63051544849e+13
8 189016052117.0 1.74626808689e+29 9.62534922613e+13
8 189040052117.0 1.74505291695e+29 9.62018300377e+13
8 189064052117.0 1.74383696094e+29 9.61501678141e+13
8 189088052117.0 1.74262021868e+29 9.60985055905e+13
8 189112052117.0 1.74140269002e+29 9.60468433669e+13
8 189136052117.0 1.7401843748e+29 9.59951811433e+13
8 189160052117.0 1.73896527286e+29 9.59435189197e+13
8 189184052117.0 1.73774538404e+29 9.58918566961e+13
8 189208052117.0 1.73652470818e+29 9.58401944725e+13
8 189232052117.0 1.73530324511e+29 9.57885322489e+13
8 189256052117.0 1.73408099467e+29 9.57368700253e+13
8 189280052117.0 1.73285795672e+29 9.56852078017e+13
8 189304052117.0 1.73163413108e+29 9.56335455781e+13
8 189328052117.0 1.73040951759e+29 9.55818833545e+13
8 189352052117.0 1.7291841161e+29 9.5530221131e+13
8 189376052117.0 1.72795792645e+29 9.54785589074e+13
8 189400052117.0 1.72673094846e+29 9.54268966838e+13
8 189424052117.0 1.72550397048e+29 9.53752344602e+13
8 189448052117.0 1.72428597111e+29 9.53237640053e+13
8 189472052117.0 1.72307660458e+29 9.52723805144e+13
8 189496052117.0 1.72186707229e+29 9.52209970234e+13
8 189520052117.0 1.7206567613e+29 9.51696135325e+13
8 189544052117.0 1.71944567146e+29 9.51182300415e+13
8 189568052117.0 1.71823380261e+29 9.50668465506e+13
8 189592052117.0 1.71702115459e+29 9.50154630596e+13
8 189616052117.0 1.71580772725e+29 9.49640795687e+13
8 189640052117.0 1.71459352042e+29 9.49126960777e+13
8 189664052117.0 1.71337853394e+29 9.48613125868e+13
8 189688052117.0 1.71216276766e+29 9.48099290958e+13
8 189712052117.0 1.71094622142e+29 9.47585456049e+13
8 189736052117.0 1.70972889506e+29 9.47071621139e+13
8 189760052117.0 1.70851078842e+29 9.4655778623e+13
8 189784052117.0 1.70729190135e+29 9.4604395132e+13
8 189808052117.0 1.70607223368e+29 9.45530116411e+13
8 189832052117.0 1.70485178525e+29 9.45016281501e+13
8 189856052117.0 1.70363055592e+29 9.44502446592e+13
8 189880052117.0 1.70240854551e+29 9.43988611682e+13
8 189904052117.0 1.70118575388e+29 9.43474776773e+13
8 189928052117.0 1.69996218086e+29 9.42960941863e+13
8 189952052117.0 1.69873782629e+29 9.42447106954e+13
8 189976052117.0 1.697512748e+29 9.41933272044e+13
8 190000052117.0 1.69629389249e+29 9.41420531105e+13
8 190024052117.0 1.69508522219e+29 9.40909300544e+13
8 190048052117.0 1.69387781631e+29 9.40398069983e+13
8 190072052117.0 1.69266963824e+29 9.39886839422e+13
8 190096052117.0 1.69146068781e+29 9.39375608862e+13
8 190120052117.0 1.69025096487e+29 9.38864378301e+13
8 190144052117.0 1.68904046927e+29 9.3835314774e+13
8 190168052117.0 1.68782920084e+29 9.37841917179e+13
8 190192052117.0 1.68661715943e+29 9.37330686618e+13
8 190216052117.0 1.68540434488e+29 9.36819456057e+13
8 190240052117.0 1.68419075704e+29 9.36308225496e+13
8 190264052117.0 1.68297639574e+29 9.35796994935e+13
8 190288052117.0 1.68176126085e+29 9.35285764374e+13
8 190312052117.0 1.68054535218e+29 9.34774533813e+13
8 190336052117.0 1.6793286696e+29 9.34263303253e+13
8 190360052117.0 1.67811121295e+29 9.33752072692e+13
8 190384052117.0 1.67689298206e+29 9.33240842131e+13
8 190408052117.0 1.67567397678e+29 9.3272961157e+13
8 190432052117.0 1.67445419695e+29 9.32218381009e+13
8 190456052117.0 1.67323364243e+29 9.31707150448e+13
8 190480052117.0 1.67201231304e+29 9.31195919887e+13
8 190504052117.0 1.67079020864e+29 9.30684689326e+13
8 190528052117.0 1.66956737964e+29 9.30173458765e+13
8 190552052117.0 1.6683504847e+29 9.29663168204e+13
8 190576052117.0 1.6671435137e+29 9.29154223901e+13
8 190600052117.0 1.66593781976e+29 9.28645279598e+13
8 190624052117.0 1.66473135985e+29 9.28136335294e+13
8 190648052117.0 1.66352413381e+29 9.27627390991e+13
8 190672052117.0 1.66231614149e+29 9.27118446688e+13
8 190696052117.0 1.66110738274e+29 9.26609502385e+13
8 190720052117.0 1.65989785739e+29 9.26100558082e+13
8 190744052117.0 1.6586875653e+29 9.25591613779e+13
8 190768052117.0 1.65747650632e+29 9.25082669476e+13
8 190792052117.0 1.65626468027e+29 9.24573725172e+13
8 190816052117.0 1.65505208702e+29 9.24064780869e+13
8 190840052117.0 1.6538387264e+29 9.23555836566e+13
8 190864052117.0 1.65262459827e+29 9.23046892263e+13
8 190888052117.0 1.65140970246e+29 9.2253794796e+13
8 190912052117.0 1.65019403883e+29 9.22029003657e+13
8 190936052117.0 1.64897760722e+29 9.21520059353e+13
8 190960052117.0 1.64776040746e+29 9.2101111505e+13
8 190984052117.0 1.64654243942e+29 9.20502170747e+13
8 191008052117.0 1.64532370293e+29 9.19993226444e+13
8 191032052117.0 1.64410419784e+29 9.19484282141e+13
8 191056052117.0 1.64288392399e+29 9.18975337838e+13
8 191080052117.0 1.6416634915e+29 9.18466393535e+13
8 191104052117.0 1.64045111192e+29 9.17958778895e+13
8 191128052117.0 1.63924690675e+29 9.17451852234e+13
8 191152052117.0 1.63804261019e+29 9.16944925573e+13
8 191176052117.0 1.63683755367e+29 9.16437998912e+13
8 191200052117.0 1.63563173703e+29 9.15931072251e+13
8 191224052117.0 1.63442516013e+29 9.1542414559e+13
8 191248052117.0 1.63321782281e+29 9.14917218929e+13
8 191272052117.0 1.63200972492e+29 9.14410292268e+13
8 191296052117.0 1.6308008663e+29 9.13903365607e+13
8 191320052117.0 1.6295912468e+29 9.13396438946e+13
8 191344052117.0 1.62838086627e+29 9.12889512285e+13
8 191368052117.0 1.62716972456e+29 9.12382585624e+13
8 191392052117.0 1.62595782151e+29 9.11875658963e+13
8 191416052117.0 1.62474515697e+29 9.11368732302e+13
8 191440052117.0 1.62353173078e+29 9.10861805641e+13
8 191464052117.0 1.62231754281e+29 9.1035487898e+13
8 191488052117.0 1.62110259288e+29 9.09847952319e+13
8 191512052117.0 1.61988688085e+29 9.09341025658e+13
8 191536052117.0 1.61867040657e+29 9.08834098997e+13
8 191560052117.0 1.61745316988e+29 9.08327172336e+13
8 191584052117.0 1.61623517063e+29 9.07820245675e+13
8 191608052117.0 1.61501640867e+29 9.07313319015e+13
8 191632052117.0 1.61380070914e+29 9.06806713186e+13
8 191656052117.0 1.61259532049e+29 9.06301775486e+13
8 191680052117.0 1.61139310318e+29 9.05796837785e+13
8 191704052117.0 1.61019013197e+29 9.05291900085e+13
8 191728052117.0 1.60898640673e+29 9.04786962384e+13
8 191752052117.0 1.60778192729e+29 9.04282024684e+13
8 191776052117.0 1.6065766935e+29 9.03777086983e+13
8 191800052117.0 1.60537070521e+29 9.03272149283e+13
8 191824052117.0 1.60416396228e+29 9.02767211582e+13
8 191848052117.0 1.60295646455e+29 9.02262273881e+13
8 191872052117.0 1.60174821187e+29 9.01757336181e+13
8 191896052117.0 1.60053920409e+29 9.0125239848e+13
8 191920052117.0 1.59932944105e+29 9.0074746078e+13
8 191944052117.0 1.59811892261e+29 9.00242523079e+13
8 191968052117.0 1.59690764862e+29 8.99737585379e+13
8 191992052117.0 1.59569561892e+29 8.99232647678e+13
8 192016052117.0 1.59448283337e+29 8.98727709978e+13
8 192040052117.0 1.5932692918e+29 8.98222772277e+13
8 192064052117.0 1.59205499408e+29 8.97717834577e+13
8 192088052117.0 1.59083994005e+29 8.97212896876e+13
8 192112052117.0 1.58962412956e+29 8.96707959176e+13
8 192136052117.0 1.58840756245e+29 8.96203021475e+13
8 192160052117.0 1.58719215646e+29 8.95698083774e+13
8 192184052117.0 1.58598623935e+29 8.95195000132e+13
8 192208052117.0 1.58478608569e+29 8.94692087239e+13
8 192232052117.0 1.58358523681e+29 8.94189174347e+13
8 192256052117.0 1.58238363992e+29 8.93686261454e+13
8 192280052117.0 1.58118129487e+29 8.93183348561e+13
8 192304052117.0 1.57997820151e+29 8.92680435669e+13
8 192328052117.0 1.5787743597e+29 8.92177522776e+13
8 192352052117.0 1.57756976928e+29 8.91674609884e+13
8 192376052117.0 1.57636443011e+29 8.91171696991e+13
8 192400052117.0 1.57515834204e+29 8.90668784098e+13
8 192424052117.0 1.57395150491e+29 8.90165871206e+13
8 192448052117.0 1.57274391858e+29 8.89662958313e+13
8 192472052117.0 1.57153558289e+29 8.89160045421e+13
8 192496052117.0 1.57032649771e+29 8.88657132528e+13
8 192520052117.0 1.56911666287e+29 8.88154219635e+13
8 192544052117.0 1.56790607824e+29 8.87651306743e+13
8 192568052117.0 1.56669474365e+29 8.8714839385e+13
8 192592052117.0 1.56548265897e+29 8.86645480958e+13
8 192616052117.0 1.56426982404e+29 8.86142568065e+13
8 192640052117.0 1.56305623871e+29 8.85639655173e+13
8 192664052117.0 1.56184190284e+29 8.8513674228e+13
8 192688052117.0 1.56062876763e+29 8.84633829387e+13
8 192712052117.0 1.55942517243e+29 8.84132831684e+13
8 192736052117.0 1.55822731991e+29 8.83632000963e+13
8 192760052117.0 1.55702877579e+29 8.83131170243e+13
8 192784052117.0 1.55582948974e+29 8.82630339522e+13
8 192808052117.0 1.5546294616e+29 8.82129508802e+13
8 192832052117.0 1.55342869124e+29 8.81628678081e+13
8 192856052117.0 1.55222717849e+29 8.81127847361e+13
8 192880052117.0 1.55102492322e+29 8.80627016641e+13
8 192904052117.0 1.54982192528e+29 8.8012618592e+13
8 192928052117.0 1.54861818452e+29 8.796253552e+13
8 192952052117.0 1.54741370079e+29 8.79124524479e+13
8 192976052117.0 1.54620847395e+29 8.78623693759e+13
8 193000052117.0 1.54500250384e+29 8.78122863038e+13
8 193024052117.0 1.54379579032e+29 8.77622032318e+13
8 193048052117.0 1.54258833324e+29 8.77121201597e+13
8 193072052117.0 1.54138013246e+29 8.76620370877e+13
8 193096052117.0 1.54017118782e+29 8.76119540156e+13
8 193120052117.0 1.53896149918e+29 8.75618709436e+13
8 193144052117.0 1.5377510664e+29 8.75117878716e+13
8 193168052117.0 1.53653988931e+29 8.74617047995e+13
8 193192052117.0 1.53532796779e+29 8.74116217275e+13
8 193216052117.0 1.53411924714e+29 8.73615764621e+13
8 193240052117.0 1.53292092798e+29 8.73117138635e+13
8 193264052117.0 1.53172572657e+29 8.7261851265e+13
8 193288052117.0 1.53052978954e+29 8.72119886665e+13
8 193312052117.0 1.52933311675e+29 8.71621260679e+13
8 193336052117.0 1.52813570804e+29 8.71122634694e+13
8 193360052117.0 1.52693756328e+29 8.70624008709e+13
8 193388052117.0 1.83064651168e+29 8.70042278393e+13
8 193416052117.0 1.82896678967e+29 8.69460548076e+13
8 193444052117.0 1.82728586464e+29 8.6887881776e+13
8 193472052117.0 1.82560373632e+29 8.68297087444e+13
8 193500052117.0 1.82392040441e+29 8.67715357128e+13
8 193528052117.0 1.82223586865e+29 8.67133626811e+13
8 193556052117.0 1.82055012876e+29 8.66551896495e+13
8 193584052117.0 1.81886318445e+29 8.65970166179e+13
8 193612052117.0 1.81717503546e+29 8.65388435863e+13
8 193640052117.0 1.8154856815e+29 8.64806705546e+13
8 193668052117.0 1.8137951223e+29 8.6422497523e+13
8 193696052117.0 1.81210335758e+29 8.63643244914e+13
8 193724052117.0 1.810412937e+29 8.63061514598e+13
8 193752052117.0 1.80873536804e+29 8.62482161433e+13
8 193780052117.0 1.80706650429e+29 8.61903199125e+13
8 193808052117.0 1.80539655364e+29 8.61324236817e+13
8 193836052117.0 1.80372541147e+29 8.60745274509e+13
8 193864052117.0 1.80205307751e+29 8.60166312201e+13
8 193892052117.0 1.80037955147e+29 8.59587349893e+13
8 193920052117.0 1.79870483309e+29 8.59008387585e+13
8 193948052117.0 1.79702892209e+29 8.58429425277e+13
8 193976052117.0 1.79535181819e+29 8.57850462969e+13
8 194004052117.0 1.79367352113e+29 8.57271500661e+13
8 194032052117.0 1.79199403062e+29 8.56692538353e+13
8 194060052117.0 1.7903133464e+29 8.56113576045e+13
8 194088052117.0 1.78863146818e+29 8.55534613737e+13
8 194116052117.0 1.7869483957e+29 8.54955651429e+13
8 194144052117.0 1.78526412867e+29 8.54376689121e+13
8 194172052117.0 1.78357866683e+29 8.53797726813e+13
8 194200052117.0 1.7818920099e+29 8.53218764505e+13
8 194228052117.0 1.78020511903e+29 8.52639802197e+13
8 194256052117.0 1.77852916078e+29 8.52062700259e+13
8 194284052117.0 1.77686428496e+29 8.51486661233e+13
8 194312052117.0 1.77519925573e+29 8.50910622208e+13
8 194340052117.0 1.77353304526e+29 8.50334583182e+13
8 194368052117.0 1.77186565327e+29 8.49758544156e+13
8 194396052117.0 1.7701970795e+29 8.4918250513e+13
8 194424052117.0 1.76852732367e+29 8.48606466104e+13
8 194452052117.0 1.76685638551e+29 8.48030427078e+13
8 194480052117.0 1.76518426474e+29 8.47454388052e+13
8 194508052117.0 1.76351096111e+29 8.46878349026e+13
8 194536052117.0 1.76183647434e+29 8.4630231e+13
8 194564052117.0 1.76016080415e+29 8.45726270975e+13
8 194592052117.0 1.75848395028e+29 8.45150231949e+13
8 194620052117.0 1.75680591245e+29 8.44574192923e+13
8 194648052117.0 1.75512669039e+29 8.43998153897e+13
8 194676052117.0 1.75344628383e+29 8.43422114871e+13
8 194704052117.0 1.7517646925e+29 8.42846075845e+13
8 194732052117.0 1.75008276969e+29 8.42270036819e+13
8 194760052117.0 1.74841123256e+29 8.41695683379e+13
8 194788052117.0 1.74675055497e+29 8.41122358942e+13
8 194816052117.0 1.74508977724e+29 8.40549034505e+13
8 194844052117.0 1.74342782807e+29 8.39975710067e+13
8 194872052117.0 1.74176470719e+29 8.3940238563e+13
8 194900052117.0 1.74010041434e+29 8.38829061192e+13
8 194928052117.0 1.73843494925e+29 8.38255736755e+13
8 194956052117.0 1.73676831165e+29 8.37682412318e+13
8 194984052117.0 1.73510050127e+29 8.3710908788e+13
8 195012052117.0 1.73343151784e+29 8.36535763443e+13
8 195040052117.0 1.73176136109e+29 8.35962439006e+13
8 195068052117.0 1.73009003077e+29 8.35389114568e+13
8 195096052117.0 1.72841752659e+29 8.34815790131e+13
8 195124052117.0 1.7267438483e+29 8.34242465694e+13
8 195152052117.0 1.72506899561e+29 8.33669141256e+13
8 195180052117.0 1.72339296827e+29 8.33095816819e+13
8 195208052117.0 1.72171576601e+29 8.32522492382e+13
8 195236052117.0 1.72003938459e+29 8.31949167944e+13
8 195264052117.0 1.71837454744e+29 8.31377788767e+13
8 195292052117.0 1.71671821354e+29 8.30806864121e+13
8 195320052117.0 1.7150609748e+29 8.30235939476e+13
8 195348052117.0 1.71340257393e+29 8.29665014831e+13
8 195376052117.0 1.71174301068e+29 8.29094090185e+13
8 195404052117.0 1.71008228477e+29 8.2852316554e+13
8 195432052117.0 1.70842039594e+29 8.27952240895e+13
8 195460052117.0 1.70675734393e+29 8.2738131625e+13
8 195488052117.0 1.70509312847e+29 8.26810391604e+13
8 195516052117.0 1.7034277493e+29 8.26239466959e+13
8 195544052117.0 1.70176120615e+29 8.25668542314e+13
8 195572052117.0 1.70009349875e+29 8.25097617669e+13
8 195600052117.0 1.69842462684e+29 8.24526693023e+13
8 195628052117.0 1.69675459016e+29 8.23955768378e+13
8 195656052117.0 1.69508338844e+29 8.23384843733e+13
8 195684052117.0 1.69341102142e+29 8.22813919087e+13
8 195712052117.0 1.69173748883e+29 8.22242994442e+13
8 195740052117.0 1.69006868692e+29 8.2167250271e+13
8 195768052117.0 1.68841232548e+29 8.21103705953e+13
8 195796052117.0 1.68675925569e+29 8.20534909197e+13
8 195824052117.0 1.68510503297e+29 8.1996611244e+13
8 195852052117.0 1.68344965707e+29 8.19397315683e+13
8 195880052117.0 1.68179312771e+29 8.18828518926e+13
8 195908052117.0 1.68013544464e+29 8.1825972217e+13
8 195936052117.0 1.6784766076e+29 8.17690925413e+13
8 195964052117.0 1.67681661633e+29 8.17122128656e+13
8 195992052117.0 1.67515547055e+29 8.16553331899e+13
8 196020052117.0 1.67349317002e+29 8.15984535142e+13
8 196048052117.0 1.67182971446e+29 8.15415738386e+13
8 196076052117.0 1.67016510362e+29 8.14846941629e+13
8 196104052117.0 1.66849933724e+29 8.14278144872e+13
8 196132052117.0 1.66683241504e+29 8.13709348115e+13
8 196160052117.0 1.66516433677e+29 8.13140551359e+13
8 196188052117.0 1.66349510218e+29 8.12571754602e+13
8 196216052117.0 1.66182654277e+29 8.12002957845e+13
8 196244052117.0 1.66016902877e+29 8.11435840381e+13
8 196272052117.0 1.65851983203e+29 8.10869149355e+13
8 196300052117.0 1.65686978292e+29 8.10302458329e+13
8 196328052117.0 1.65521858975e+29 8.09735767304e+13
8 196356052117.0 1.65356625226e+29 8.09169076278e+13
8 196384052117.0 1.6519127702e+29 8.08602385252e+13
8 196412052117.0 1.65025814329e+29 8.08035694226e+13
8 196440052117.0 1.64860237129e+29 8.074690032e+13
8 196468052117.0 1.64694545394e+29 8.06902312175e+13
8 196496052117.0 1.64528739096e+29 8.06335621149e+13
8 196524052117.0 1.64362818212e+29 8.05768930123e+13
8 196552052117.0 1.64196782714e+29 8.05202239097e+13
8 196580052117.0 1.64030632576e+29 8.04635548071e+13
8 196608052117.0 1.63864367774e+29 8.04068857046e+13
8 196636052117.0 1.6369798828e+29 8.0350216602e+13
8 196664052117.0 1.6353149407e+29 8.02935474994e+13
8 196692052117.0 1.63362039796e+29 8.02368783968e+13
8 196720052117.0 1.63146978207e+29 8.01634403379e+13
8 196748052117.0 1.62881793642e+29 8.00783842364e+13
8 196776052117.0 1.62611497963e+29 7.99933281348e+13
8 196804052117.0 1.6234102863e+29 7.99082720332e+13
8 196832052117.0 1.62070385605e+29 7.98232159316e+13
8 196860052117.0 1.61799568849e+29 7.97381598301e+13
8 196888052117.0 1.61528578324e+29 7.96531037285e+13
8 196916052117.0 1.61257413991e+29 7.95680476269e+13
8 196944052117.0 1.61005012999e+29 7.94847692621e+13
8 196972052117.0 1.60813491068e+29 7.9428589606e+13
8 197000052117.0 1.60649536765e+29 7.937240995e+13
8 197028052117.0 1.60485469742e+29 7.9316230294e+13
8 197056052117.0 1.60321289974e+29 7.9260050638e+13
8 197084052117.0 1.60156997436e+29 7.92038709819e+13
8 197112052117.0 1.59992592102e+29 7.91476913259e+13
8 197140052117.0 1.59828073948e+29 7.90915116699e+13
8 197168052117.0 1.59664821431e+29 7.90353320138e+13
8 197196052117.0 1.59524829245e+29 7.8987473912e+13
8 197224052117.0 1.59410850536e+29 7.89456054652e+13
8 197252052117.0 1.59299444787e+29 7.89037370184e+13
8 197280052117.0 1.59187956497e+29 7.88618685716e+13
8 197308052117.0 1.59076385647e+29 7.88200001248e+13
8 197336052117.0 1.58964732218e+29 7.8778131678e+13
8 197364052117.0 1.58852996191e+29 7.87362632312e+13
8 197392052117.0 1.58741177547e+29 7.86943947844e+13
8 197420052117.0 1.58629276268e+29 7.86525263376e+13
8 197448052117.0 1.58517292334e+29 7.86106578908e+13
8 197476052117.0 1.58405225726e+29 7.8568789444e+13
8 197504052117.0 1.58293076425e+29 7.85269209972e+13
8 197532052117.0 1.58180844413e+29 7.84850525504e+13
8 197560052117.0 1.58068529671e+29 7.84431841036e+13
8 197588052117.0 1.57956132179e+29 7.84013156568e+13
8 197616052117.0 1.57843651919e+29 7.835944721e+13
8 197644052117.0 1.5772764432e+29 7.83175787632e+13
8 197672052117.0 1.57585872009e+29 7.82648405971e+13
8 197700052117.0 1.57423140274e+29 7.82088063066e+13
8 197728052117.0 1.57259461484e+29 7.81527720161e+13
8 197756052117.0 1.57095671025e+29 7.80967377256e+13
8 197784052117.0 1.56931768873e+29 7.80407034351e+13
8 197812052117.0 1.56767755002e+29 7.79846691446e+13
8 197840052117.0 1.56603629387e+29 7.7928634854e+13
8 197868052117.0 1.56439392003e+29 7.78726005635e+13
8 197896052117.0 1.56275042825e+29 7.7816566273e+13
8 197924052117.0 1.56110581828e+29 7.77605319825e+13
8 197952052117.0 1.55946008986e+29 7.7704497692e+13
8 197980052117.0 1.55781324276e+29 7.76484634015e+13
8 198008052117.0 1.55616527671e+29 7.75924291109e+13
8 198036052117.0 1.55451619147e+29 7.75363948204e+13
8 198064052117.0 1.55286598678e+29 7.74803605299e+13
8 198092052117.0 1.5512146624e+29 7.74243262394e+13
8 198120052117.0 1.54956732106e+29 7.7368321065e+13
8 198148052117.0 1.54793234067e+29 7.73124853006e+13
8 198176052117.0 1.54630126478e+29 7.72566495362e+13
8 198204052117.0 1.54466908153e+29 7.72008137718e+13
8 198232052117.0 1.54303579068e+29 7.71449780074e+13
8 198260052117.0 1.54140139198e+29 7.7089142243e+13
8 198288052117.0 1.53976588518e+29 7.70333064786e+13
8 198316052117.0 1.53812927004e+29 7.69774707142e+13
8 198344052117.0 1.5364915463e+29 7.69216349498e+13
8 198372052117.0 1.53485271371e+29 7.68657991854e+13
8 198400052117.0 1.53321277204e+29 7.6809963421e+13
8 198428052117.0 1.53157172103e+29 7.67541276567e+13
8 198456052117.0 1.52992956043e+29 7.66982918923e+13
8 198484052117.0 1.52828629e+29 7.66424561279e+13
8 198516052117.0 1.78080800129e+29 7.65786438257e+13
8 198548052117.0 1.7786136962e+29 7.65148315235e+13
8 198580052117.0 1.776424582e+29 7.64510474481e+13
8 198612052117.0 1.77425155558e+29 7.6387455734e+13
8 198644052117.0 1.77208364377e+29 7.632386402e+13
8 198676052117.0 1.76991405852e+29 7.6260272306e+13
8 198708052117.0 1.76774279942e+29 7.6196680592e+13
8 198740052117.0 1.76556986602e+29 7.6133088878e+13
8 198772052117.0 1.76339525792e+29 7.6069497164e+13
8 198804052117.0 1.76121897467e+29 7.600590545e+13
8 198836052117.0 1.75904101586e+29 7.59423137359e+13
8 198868052117.0 1.75686138105e+29 7.58787220219e+13
8 198900052117.0 1.75468006983e+29 7.58151303079e+13
8 198932052117.0 1.75249708175e+29 7.57515385939e+13
8 198964052117.0 1.75031241641e+29 7.56879468799e+13
8 198996052117.0 1.74812607337e+29 7.56243551659e+13
8 199028052117.0 1.74594205948e+29 7.55607634518e+13
8 199060052117.0 1.74377330224e+29 7.54973661734e+13
8 199092052117.0 1.74161323441e+29 7.54339860916e+13
8 199124052117.0 1.73945156798e+29 7.53706060098e+13
8 199156052117.0 1.73728824189e+29 7.5307225928e+13
8 199188052117.0 1.73512325572e+29 7.52438458462e+13
8 199220052117.0 1.73295660905e+29 7.51804657644e+13
8 199252052117.0 1.73078830145e+29 7.51170856827e+13
8 199284052117.0 1.7286183325e+29 7.50537056009e+13
8 199316052117.0 1.72644670179e+29 7.49903255191e+13
8 199348052117.0 1.72427340888e+29 7.49269454373e+13
8 199380052117.0 1.72209845337e+29 7.48635653555e+13
8 199412052117.0 1.71992183481e+29 7.48001852737e+13
8 199444052117.0 1.71774355281e+29 7.4736805192e+13
8 199476052117.0 1.7155670102e+29 7.46734251102e+13
8 199508052117.0 1.71340530543e+29 7.46102215463e+13
8 199540052117.0 1.71125293561e+29 7.45470433963e+13
8 199572052117.0 1.70909901586e+29 7.44838652463e+13
8 199604052117.0 1.70694345044e+29 7.44206870963e+13
8 199636052117.0 1.70478623892e+29 7.43575089463e+13
8 199668052117.0 1.70262738089e+29 7.42943307963e+13
8 199700052117.0 1.70046687594e+29 7.42311526463e+13
8 199732052117.0 1.69830472365e+29 7.41679744962e+13
8 199764052117.0 1.69614092359e+29 7.41047963462e+13
8 199796052117.0 1.69397547536e+29 7.40416181962e+13
8 199828052117.0 1.69180837853e+29 7.39784400462e+13
8 199860052117.0 1.6896396327e+29 7.39152618962e+13
8 199892052117.0 1.68746923743e+29 7.38520837462e+13
8 199924052117.0 1.68530198601e+29 7.37889055962e+13
8 199956052117.0 1.68314987587e+29 7.37259238088e+13
8 199988052117.0 1.68100493653e+29 7.36629434762e+13
8 200020052117.0 1.67885837088e+29 7.35999631436e+13
8 200052052117.0 1.67671017318e+29 7.3536982811e+13
8 200084052117.0 1.67456034302e+29 7.34740024783e+13
8 200116052117.0 1.67240887999e+29 7.34110221457e+13
8 200148052117.0 1.67025578369e+29 7.33480418131e+13
8 200180052117.0 1.66810105368e+29 7.32850614805e+13
8 200212052117.0 1.66594468957e+29 7.32220811478e+13
8 200244052117.0 1.66378669094e+29 7.31591008152e+13
8 200276052117.0 1.66162705739e+29 7.30961204826e+13
8 200308052117.0 1.65946578848e+29 7.303314015e+13
8 200340052117.0 1.65730289986e+29 7.29701598173e+13
8 200372052117.0 1.65514722663e+29 7.29072325369e+13
8 200404052117.0 1.65300624721e+29 7.2844446756e+13
8 200436052117.0 1.65086814692e+29 7.2781660975e+13
8 200468052117.0 1.64872842819e+29 7.2718875194e+13
8 200500052117.0 1.64658709063e+29 7.26560894131e+13
8 200532052117.0 1.64444413382e+29 7.25933036321e+13
8 200564052117.0 1.64229955735e+29 7.25305178511e+13
8 200596052117.0 1.64015336082e+29 7.24677320701e+13
8 200628052117.0 1.63800554381e+29 7.24049462892e+13
8 200660052117.0 1.63585610593e+29 7.23421605082e+13
8 200692052117.0 1.63370504676e+29 7.22793747272e+13
8 200724052117.0 1.6315523659e+29 7.22165889463e+13
8 200756052117.0 1.62939806293e+29 7.21538031653e+13
8 200788052117.0 1.62724393467e+29 7.20910173843e+13
8 200820052117.0 1.62510242526e+29 7.20283610291e+13
8 200852052117.0 1.62297171849e+29 7.19657568512e+13
8 200884052117.0 1.62084010827e+29 7.19031526733e+13
8 200916052117.0 1.6187068925e+29 7.18405484954e+13
8 200948052117.0 1.61657207078e+29 7.17779443175e+13
8 200980052117.0 1.6144356427e+29 7.17153401396e+13
8 201012052117.0 1.61229760786e+29 7.16527359617e+13
8 201044052117.0 1.61015796585e+29 7.15901317838e+13
8 201076052117.0 1.60801671629e+29 7.15275276059e+13
8 201108052117.0 1.60587385875e+29 7.14649234279e+13
8 201140052117.0 1.60372939284e+29 7.140231925e+13
8 201172052117.0 1.60158331815e+29 7.13397150721e+13
8 201204052117.0 1.59943567618e+29 7.12771108942e+13
8 201236052117.0 1.59729562898e+29 7.12145568569e+13
8 201268052117.0 1.59516965211e+29 7.11521138926e+13
8 201300052117.0 1.59304600471e+29 7.10896709282e+13
8 201332052117.0 1.59092076487e+29 7.10272279638e+13
8 201364052117.0 1.58879393219e+29 7.09647849994e+13
8 201396052117.0 1.58666550627e+29 7.0902342035e+13
8 201428052117.0 1.58453548672e+29 7.08398990706e+13
8 201460052117.0 1.58240387312e+29 7.07774561063e+13
8 201492052117.0 1.5802706651e+29 7.07150131419e+13
8 201524052117.0 1.57813586223e+29 7.06525701775e+13
8 201556052117.0 1.57599946414e+29 7.05901272131e+13
8 201588052117.0 1.57386147041e+29 7.05276842487e+13
8 201620052117.0 1.57172188065e+29 7.04652412843e+13
8 201652052117.0 1.56958614738e+29 7.04028089545e+13
8 201684052117.0 1.56746483938e+29 7.03405269067e+13
8 201716052117.0 1.56534908795e+29 7.0278244859e+13
8 201748052117.0 1.56323175706e+29 7.02159628112e+13
8 201780052117.0 1.56111284631e+29 7.01536807635e+13
8 201812052117.0 1.55899235531e+29 7.00913987157e+13
8 201844052117.0 1.55687028366e+29 7.00291166679e+13
8 201876052117.0 1.55474663097e+29 6.99668346202e+13
8 201908052117.0 1.55262139684e+29 6.99045525724e+13
8 201940052117.0 1.55049458089e+29 6.98422705247e+13
8 201972052117.0 1.54836618271e+29 6.97799884769e+13
8 202004052117.0 1.54623620191e+29 6.97177064291e+13
8 202036052117.0 1.54410463809e+29 6.96554243814e+13
8 202068052117.0 1.54197575297e+29 6.95931423336e+13
8 202100052117.0 1.53986079044e+29 6.95310881496e+13
8 202132052117.0 1.53775268279e+29 6.94690394986e+13
8 202164052117.0 1.53564302434e+29 6.94069908476e+13
8 202196052117.0 1.53353179877e+29 6.93449421966e+13
8 202228052117.0 1.5314190057e+29 6.92828935456e+13
8 202260052117.0 1.52930464474e+29 6.92208448946e+13
8 202292052117.0 1.5271887155e+29 6.91587962436e+13
8 202328052117.0 1.74263583856e+29 6.90889915113e+13
8 202364052117.0 1.73991094553e+29 6.90191867789e+13
8 202400052117.0 1.73718378226e+29 6.89493820465e+13
8 202436052117.0 1.73445434811e+29 6.88795773142e+13
8 202472052117.0 1.73172496229e+29 6.88097725818e+13
8 202508052117.0 1.72901059092e+29 6.87402201296e+13
8 202544052117.0 1.72630906135e+29 6.86707746391e+13
8 202580052117.0 1.72360616961e+29 6.86013291486e+13
8 202616052117.0 1.72090102914e+29 6.85318836581e+13
8 202652052117.0 1.71819363931e+29 6.84624381676e+13
8 202688052117.0 1.71548399949e+29 6.83929926771e+13
8 202724052117.0 1.71277210904e+29 6.83235471866e+13
8 202760052117.0 1.71005796734e+29 6.82541016962e+13
8 202796052117.0 1.70734157377e+29 6.81846562057e+13
8 202832052117.0 1.70462292769e+29 6.81152107152e+13
8 202868052117.0 1.70190212757e+29 6.80457652247e+13
8 202904052117.0 1.69919109387e+29 6.79764652518e+13
8 202940052117.0 1.69649626221e+29 6.79074497697e+13
8 202976052117.0 1.69380349332e+29 6.78384342875e+13
8 203012052117.0 1.69110849354e+29 6.77694188054e+13
8 203048052117.0 1.68841126224e+29 6.77004033232e+13
8 203084052117.0 1.68571179879e+29 6.76313878411e+13
8 203120052117.0 1.68301010258e+29 6.75623723589e+13
8 203156052117.0 1.68030617298e+29 6.74933568768e+13
8 203192052117.0 1.67760000937e+29 6.74243413946e+13
8 203228052117.0 1.67489161113e+29 6.73553259125e+13
8 203264052117.0 1.67218097764e+29 6.72863104303e+13
8 203300052117.0 1.66947565311e+29 6.72173370305e+13
8 203336052117.0 1.66678707969e+29 6.71487107012e+13
8 203372052117.0 1.66410393656e+29 6.70800843719e+13
8 203408052117.0 1.6614185799e+29 6.70114580426e+13
8 203444052117.0 1.65873100909e+29 6.69428317133e+13
8 203480052117.0 1.65604122353e+29 6.68742053839e+13
8 203516052117.0 1.65334922259e+29 6.68055790546e+13
8 203552052117.0 1.65065500566e+29 6.67369527253e+13
8 203588052117.0 1.64795857213e+29 6.6668326396e+13
8 203624052117.0 1.64525992138e+29 6.65997000666e+13
8 203660052117.0 1.64255905279e+29 6.65310737373e+13
8 203696052117.0 1.63986181747e+29 6.64624504672e+13
8 203732052117.0 1.63718093764e+29 6.63941308414e+13
8 203768052117.0 1.63450711572e+29 6.63258112156e+13
8 203804052117.0 1.63183109732e+29 6.62574915898e+13
8 203840052117.0 1.62915288183e+29 6.6189171964e+13
8 203876052117.0 1.62647246864e+29 6.61208523383e+13
8 203912052117.0 1.62378985714e+29 6.60525327125e+13
8 203948052117.0 1.62110504672e+29 6.59842130867e+13
8 203984052117.0 1.61841803677e+29 6.59158934609e+13
8 204020052117.0 1.61572882668e+29 6.58475738351e+13
8 204056052117.0 1.61303741585e+29 6.57792542093e+13
8 204092052117.0 1.61035013493e+29 6.57109444779e+13
8 204128052117.0 1.60767914329e+29 6.56428580329e+13
8 204164052117.0 1.6050145972e+29 6.5574771588e+13
8 204200052117.0 1.60234787152e+29 6.55066851431e+13
8 204236052117.0 1.59967896566e+29 6.54385986981e+13
8 204272052117.0 1.59700787902e+29 6.53705122532e+13
8 204308052117.0 1.59433461099e+29 6.53024258083e+13
8 204344052117.0 1.59165916097e+29 6.52343393633e+13
8 204380052117.0 1.58898152836e+29 6.51662529184e+13
8 204416052117.0 1.58630171255e+29 6.50981664735e+13
8 204452052117.0 1.58361971294e+29 6.50300800285e+13
8 204488052117.0 1.58094463691e+29 6.49620317044e+13
8 204524052117.0 1.57828595178e+29 6.48941320863e+13
8 204560052117.0 1.57563108256e+29 6.48262324682e+13
8 204596052117.0 1.57297405082e+29 6.47583328502e+13
8 204632052117.0 1.57031485599e+29 6.46904332321e+13
8 204668052117.0 1.56765349747e+29 6.4622533614e+13
8 204704052117.0 1.56498997465e+29 6.45546339959e+13
8 204740052117.0 1.56232428694e+29 6.44867343778e+13
8 204776052117.0 1.55965643375e+29 6.44188347598e+13
8 204812052117.0 1.55698641448e+29 6.43509351417e+13
8 204848052117.0 1.5543149417e+29 6.42830355236e+13
8 204884052117.0 1.5516553003e+29 6.4215214714e+13
8 204920052117.0 1.54901026086e+29 6.41474748245e+13
8 204956052117.0 1.54636553173e+29 6.4079734935e+13
8 204992052117.0 1.54371865738e+29 6.40119950455e+13
8 205028052117.0 1.54106963723e+29 6.3944255156e+13
8 205064052117.0 1.53841847069e+29 6.38765152665e+13
8 205100052117.0 1.53576515717e+29 6.3808775377e+13
8 205136052117.0 1.53310969608e+29 6.37410354874e+13
8 205172052117.0 1.53045208682e+29 6.36732955979e+13
8 205208052117.0 1.52779232881e+29 6.36055557084e+13
8 205248052117.0 1.71544664345e+29 6.35302918674e+13
8 205288052117.0 1.71214715743e+29 6.34551738712e+13
8 205328052117.0 1.70885607081e+29 6.33800558749e+13
8 205368052117.0 1.70556202931e+29 6.33049378787e+13
8 205408052117.0 1.70226503202e+29 6.32298198825e+13
8 205448052117.0 1.69896507805e+29 6.31547018863e+13
8 205488052117.0 1.69566216649e+29 6.307958389e+13
8 205528052117.0 1.69235629644e+29 6.30044658938e+13
8 205568052117.0 1.68904746701e+29 6.29293478976e+13
8 205608052117.0 1.6857375941e+29 6.28542299013e+13
8 205648052117.0 1.68244397256e+29 6.27791967974e+13
8 205688052117.0 1.67916648184e+29 6.27042191484e+13
8 205728052117.0 1.67588788627e+29 6.26292414993e+13
8 205768052117.0 1.67260635951e+29 6.25542638503e+13
8 205808052117.0 1.66932190069e+29 6.24792862013e+13
8 205848052117.0 1.6660345089e+29 6.24043085522e+13
8 205888052117.0 1.66274418325e+29 6.23293309032e+13
8 205928052117.0 1.65945092286e+29 6.22543532542e+13
8 205968052117.0 1.65615481485e+29 6.21793756052e+13
8 206008052117.0 1.6528695911e+29 6.21044488285e+13
8 206048052117.0 1.64960348896e+29 6.20296391312e+13
8 206088052117.0 1.64634004948e+29 6.1954829434e+13
8 206128052117.0 1.64307370306e+29 6.18800197367e+13
8 206168052117.0 1.63980444881e+29 6.18052100394e+13
8 206208052117.0 1.63653228585e+29 6.17304003422e+13
8 206248052117.0 1.63325721331e+29 6.16555906449e+13
8 206288052117.0 1.6299792303e+29 6.15807809476e+13
8 206328052117.0 1.62669833593e+29 6.15059712504e+13
8 206368052117.0 1.62342396658e+29 6.1431183805e+13
8 206408052117.0 1.62016930163e+29 6.13565744141e+13
8 206448052117.0 1.6169207326e+29 6.12819650232e+13
8 206488052117.0 1.61366928051e+29 6.12073556323e+13
8 206528052117.0 1.61041494448e+29 6.11327462414e+13
8 206568052117.0 1.60715772364e+29 6.10581368505e+13
8 206608052117.0 1.60389761712e+29 6.09835274596e+13
8 206648052117.0 1.60063462405e+29 6.09089180687e+13
8 206688052117.0 1.59736874354e+29 6.08343086778e+13
8 206728052117.0 1.59410767202e+29 6.07597056742e+13
8 206768052117.0 1.59086576197e+29 6.06853222295e+13
8 206808052117.0 1.58763157824e+29 6.06109387848e+13
8 206848052117.0 1.58439453481e+29 6.05365553401e+13
8 206888052117.0 1.58115463082e+29 6.04621718954e+13
8 206928052117.0 1.5779118654e+29 6.03877884507e+13
8 206968052117.0 1.57466623769e+29 6.03134050059e+13
8 207008052117.0 1.57141774683e+29 6.02390215612e+13
8 207048052117.0 1.56816639195e+29 6.01646381165e+13
8 207088052117.0 1.56492015721e+29 6.00902661659e+13
8 207128052117.0 1.56169269771e+29 6.00160985439e+13
8 207168052117.0 1.55847222635e+29 5.9941930922e+13
8 207208052117.0 1.55524891799e+29 5.98677633e+13
8 207248052117.0 1.55202277179e+29 5.9793595678e+13
8 207288052117.0 1.54879378689e+29 5.97194280561e+13
8 207328052117.0 1.54556196244e+29 5.96452604341e+13
8 207368052117.0 1.54232729757e+29 5.95710928122e+13
8 207408052117.0 1.53908979144e+29 5.94969251902e+13
8 207448052117.0 1.53585990584e+29 5.94227928494e+13
8 207488052117.0 1.53264835712e+29 5.93488160859e+13
8 207528052117.0 1.52944116133e+29 5.92748393224e+13
8 207572052117.0 1.69545545081e+29 5.91934648826e+13
8 207616052117.0 1.69152814698e+29 5.91120904428e+13
8 207660052117.0 1.68759705638e+29 5.90307160029e+13
8 207704052117.0 1.68366217774e+29 5.89493415631e+13
8 207748052117.0 1.67972350983e+29 5.88679671233e+13
8 207792052117.0 1.67579013374e+29 5.87865962472e+13
8 207836052117.0 1.67187854323e+29 5.87054011196e+13
8 207880052117.0 1.66797561937e+29 5.8624205992e+13
8 207924052117.0 1.66406894111e+29 5.85430108644e+13
8 207968052117.0 1.6601585072e+29 5.84618157368e+13
8 208012052117.0 1.65624431641e+29 5.83806206092e+13
8 208056052117.0 1.6523263675e+29 5.82994254816e+13
8 208100052117.0 1.64840465923e+29 5.82182303541e+13
8 208144052117.0 1.64449121681e+29 5.81370615199e+13
8 208188052117.0 1.64059947123e+29 5.80560437323e+13
8 208232052117.0 1.6367133388e+29 5.79750259447e+13
8 208276052117.0 1.63282348166e+29 5.78940081571e+13
8 208320052117.0 1.62892989858e+29 5.78129903695e+13
8 208364052117.0 1.62503258831e+29 5.77319725819e+13
8 208408052117.0 1.62113154965e+29 5.76509547943e+13
8 208452052117.0 1.61722723793e+29 5.75699370067e+13
8 208496052117.0 1.61333622546e+29 5.74889933122e+13
8 208540052117.0 1.60946524933e+29 5.74081755912e+13
8 208584052117.0 1.60559559429e+29 5.73273578702e+13
8 208628052117.0 1.60172224378e+29 5.72465401492e+13
8 208672052117.0 1.59784519659e+29 5.71657224282e+13
8 208716052117.0 1.59396445149e+29 5.70849047072e+13
8 208760052117.0 1.59008000728e+29 5.70040869862e+13
8 208804052117.0 1.58619503681e+29 5.69232692652e+13
8 208848052117.0 1.58232826805e+29 5.68426088217e+13
8 208892052117.0 1.57847694666e+29 5.67620206873e+13
8 208936052117.0 1.57462320609e+29 5.66814325529e+13
8 208980052117.0 1.57076579865e+29 5.66008444185e+13
8 209024052117.0 1.56690472315e+29 5.65202562841e+13
8 209068052117.0 1.56303997838e+29 5.64396681497e+13
8 209112052117.0 1.55917156314e+29 5.63590800153e+13
8 209156052117.0 1.55530966037e+29 5.627851366e+13
8 209200052117.0 1.55146851603e+29 5.6198164026e+13
8 209244052117.0 1.54763389598e+29 5.6117814392e+13
8 209288052117.0 1.54379563834e+29 5.6037464758e+13
8 209332052117.0 1.53995374192e+29 5.5957115124e+13
8 209376052117.0 1.53610820552e+29 5.58767654901e+13
8 209420052117.0 1.53225902795e+29 5.57964158561e+13
8 209464052117.0 1.52840823449e+29 5.57160662221e+13
8 209512052117.0 1.67664959606e+29 5.56285583457e+13
8 209560052117.0 1.67206816022e+29 5.55411392025e+13
8 209608052117.0 1.66748408041e+29 5.54537200592e+13
8 209656052117.0 1.66289527466e+29 5.5366300916e+13
8 209704052117.0 1.65830174132e+29 5.52788817728e+13
8 209752052117.0 1.65370347868e+29 5.51914626296e+13
8 209800052117.0 1.64910677832e+29 5.51040434864e+13
8 209848052117.0 1.64453257127e+29 5.50167920398e+13
8 209896052117.0 1.63997268656e+29 5.49295758062e+13
8 209944052117.0 1.63540855408e+29 5.48423595727e+13
8 209992052117.0 1.6308397324e+29 5.47551433392e+13
8 210040052117.0 1.62626621986e+29 5.46679271056e+13
8 210088052117.0 1.62168801478e+29 5.45807108721e+13
8 210136052117.0 1.6171178817e+29 5.44935148035e+13
8 210184052117.0 1.61257144425e+29 5.44064793357e+13
8 210232052117.0 1.60803163758e+29 5.43194438679e+13
8 210280052117.0 1.60348717963e+29 5.42324084001e+13
8 210328052117.0 1.59893806875e+29 5.41453729323e+13
8 210376052117.0 1.59438430329e+29 5.40583374645e+13
8 210424052117.0 1.58982724888e+29 5.39713019967e+13
8 210472052117.0 1.58528703599e+29 5.3884354907e+13
8 210520052117.0 1.58076719517e+29 5.37975048128e+13
8 210568052117.0 1.57624661284e+29 5.37106547186e+13
8 210616052117.0 1.57172141492e+29 5.36238046244e+13
8 210664052117.0 1.56719159977e+29 5.35369545302e+13
8 210712052117.0 1.56265716575e+29 5.3450104436e+13
8 210760052117.0 1.55812603368e+29 5.33632543418e+13
8 210808052117.0 1.55361740282e+29 5.32765852308e+13
8 210856052117.0 1.54912029035e+29 5.31899316157e+13
8 210904052117.0 1.5446186603e+29 5.31032780006e+13
8 210952052117.0 1.54011244988e+29 5.30166243855e+13
8 211000052117.0 1.53560165749e+29 5.29299707704e+13
8 211048052117.0 1.53108734561e+29 5.28433171553e+13
8 211100052117.0 1.66496272687e+29 5.27495494671e+13
8 211152052117.0 1.65967070717e+29 5.26558947649e+13
8 211204052117.0 1.65437716088e+29 5.25622400627e+13
8 211256052117.0 1.64907779664e+29 5.24685853606e+13
8 211308052117.0 1.64377261225e+29 5.23749306584e+13
8 211360052117.0 1.6384645315e+29 5.22812759562e+13
8 211412052117.0 1.63317759558e+29 5.21877386049e+13
8 211464052117.0 1.62791176707e+29 5.20942866549e+13
8 211516052117.0 1.62264304088e+29 5.20008347049e+13
8 211568052117.0 1.61736854216e+29 5.19073827548e+13
8 211620052117.0 1.61208826871e+29 5.18139308048e+13
8 211672052117.0 1.60680775255e+29 5.17204788547e+13
8 211724052117.0 1.6015507153e+29 5.16271565045e+13
8 211776052117.0 1.59631113525e+29 5.15338793164e+13
8 211828052117.0 1.5910668989e+29 5.14406021283e+13
8 211880052117.0 1.58581693487e+29 5.13473249402e+13
8 211932052117.0 1.58056124098e+29 5.12540477521e+13
8 211984052117.0 1.57531044643e+29 5.1160770564e+13
8 212036052117.0 1.57008503794e+29 5.1067639938e+13
8 212088052117.0 1.56487053045e+29 5.09745132129e+13
8 212140052117.0 1.55965036266e+29 5.08813864878e+13
8 212192052117.0 1.55442451142e+29 5.07882597627e+13
8 212244052117.0 1.54919321458e+29 5.06951330375e+13
8 212296052117.0 1.54397536777e+29 5.06020463485e+13
8 212348052117.0 1.5387818536e+29 5.05090649726e+13
8 212400052117.0 1.5335908883e+29 5.04160835967e+13
8 212452052117.0 1.52839428518e+29 5.03231022208e+13
8 212508052117.0 1.64969078818e+29 5.02229684313e+13
8 212564052117.0 1.64362218307e+29 5.01228346419e+13
8 212620052117.0 1.63758025658e+29 5.00228378005e+13
8 212676052117.0 1.63155518298e+29 4.99228724385e+13
8 212732052117.0 1.6255237077e+29 4.98229070766e+13
8 212788052117.0 1.61948520176e+29 4.97229417146e+13
8 212844052117.0 1.61344413282e+29 4.96229763527e+13
8 212900052117.0 1.60742706383e+29 4.95231214497e+13
8 212956052117.0 1.60143096926e+29 4.9423326776e+13
8 213012052117.0 1.59543007806e+29 4.93235321023e+13
8 213068052117.0 1.589422211e+29 4.92237374285e+13
8 213124052117.0 1.58341017368e+29 4.91239427548e+13
8 213180052117.0 1.57741984652e+29 4.90242370565e+13
8 213236052117.0 1.5714524036e+29 4.8924606286e+13
8 213292052117.0 1.56548170605e+29 4.88249755155e+13
8 213348052117.0 1.5595040868e+29 4.8725344745e+13
8 213404052117.0 1.55352169627e+29 4.86257139746e+13
8 213460052117.0 1.54755962307e+29 4.85261664423e+13
8 213516052117.0 1.54162071811e+29 4.84267023184e+13
8 213572052117.0 1.53567921435e+29 4.83272381945e+13
8 213628052117.0 1.52973084176e+29 4.82277740706e+13
8 213688052117.0 1.64053500517e+29 4.81212053664e+13
8 213748052117.0 1.63369250312e+29 4.80147604224e+13
8 213808052117.0 1.62687264826e+29 4.79083928864e+13
8 213868052117.0 1.62004721669e+29 4.78020253505e+13
8 213928052117.0 1.61321335576e+29 4.76956578145e+13
8 213988052117.0 1.60638577334e+29 4.75892949138e+13
8 214048052117.0 1.59958699391e+29 4.748316309e+13
8 214108052117.0 1.5927978381e+29 4.73770312662e+13
8 214168052117.0 1.58600031678e+29 4.72708994424e+13
8 214228052117.0 1.57919666047e+29 4.71647676186e+13
8 214288052117.0 1.57241422146e+29 4.7058740282e+13
8 214348052117.0 1.56565672489e+29 4.69528266671e+13
8 214408052117.0 1.55889603939e+29 4.68469130522e+13
8 214468052117.0 1.55212704895e+29 4.67409994373e+13
8 214528052117.0 1.54536393182e+29 4.66350858224e+13
8 214588052117.0 1.53863069123e+29 4.65293178934e+13
8 214648052117.0 1.53190873558e+29 4.64235511355e+13
8 214712052117.0 1.63363864142e+29 4.63107332603e+13
8 214776052117.0 1.62594429348e+29 4.61979153852e+13
8 214840052117.0 1.61828065782e+29 4.60851507574e+13
8 214904052117.0 1.61064032915e+29 4.59724077579e+13
8 214968052117.0 1.60299189895e+29 4.58596647584e+13
8 215032052117.0 1.59533862163e+29 4.57469217589e+13
8 215096052117.0 1.5877138582e+29 4.56341928846e+13
8 215160052117.0 1.58011556763e+29 4.55214732646e+13
8 215224052117.0 1.57251089144e+29 4.54087536447e+13
8 215288052117.0 1.56490014815e+29 4.52960340247e+13
8 215352052117.0 1.55731544258e+29 4.51833479136e+13
8 215416052117.0 1.54975761838e+29 4.50706896636e+13
8 215480052117.0 1.54219443045e+29 4.49580314137e+13
8 215544052117.0 1.53462497091e+29 4.48453731637e+13
8 215608052117.0 1.5270802641e+29 4.47327742095e+13
8 215676052117.0 1.62036420257e+29 4.46131923432e+13
8 215744052117.0 1.61183608606e+29 4.44936104768e+13
8 215812052117.0 1.60330619368e+29 4.43740286105e+13
8 215880052117.0 1.59480796463e+29 4.42545722372e+13
8 215948052117.0 1.5863302618e+29 4.41351522383e+13
8 216016052117.0 1.57784209976e+29 4.40157322395e+13
8 216084052117.0 1.56936376053e+29 4.38963268784e+13
8 216152052117.0 1.56091896032e+29 4.37770690936e+13
8 216220052117.0 1.55248138243e+29 4.36578113089e+13
8 216288052117.0 1.544034736e+29 4.35385535241e+13
8 216356052117.0 1.53561145381e+29 4.34193552448e+13
8 216424052117.0 1.52721713152e+29 4.33002300425e+13
8 216496052117.0 1.61321877781e+29 4.31740974755e+13
8 216568052117.0 1.60377443823e+29 4.30479649085e+13
8 216640052117.0 1.59436614194e+29 4.29219369892e+13
8 216712052117.0 1.5849708533e+29 4.2795912322e+13
8 216784052117.0 1.57556829813e+29 4.26698876548e+13
8 216856052117.0 1.56619611076e+29 4.25439121164e+13
8 216928052117.0 1.55685123194e+29 4.24179677909e+13
8 217000052117.0 1.54749749467e+29 4.22920234655e+13
8 217072052117.0 1.53816375876e+29 4.21661021343e+13
8 217144052117.0 1.52886475553e+29 4.20402363668e+13
8 217220052117.0 1.6084034547e+29 4.19073780566e+13
8 217296052117.0 1.59802203126e+29 4.17745312218e+13
8 217372052117.0 1.58768039435e+29 4.1641770543e+13
8 217448052117.0 1.57734486934e+29 4.15090098643e+13
8 217524052117.0 1.56701826444e+29 4.13762549093e+13
8 217600052117.0 1.55673125272e+29 4.12436162524e+13
8 217676052117.0 1.54645386881e+29 4.11109775956e+13
8 217752052117.0 1.53618354021e+29 4.09783403406e+13
8 217832052117.0 1.61015985042e+29 4.08388407799e+13
8 217912052117.0 1.59880325083e+29 4.06993412192e+13
8 217992052117.0 1.5874626684e+29 4.05598526298e+13
8 218072052117.0 1.57616400314e+29 4.0420420569e+13
8 218152052117.0 1.56487057537e+29 4.02809885081e+13
8 218232052117.0 1.55360288046e+29 4.01415596496e+13
8 218312052117.0 1.54237458138e+29 4.00021368255e+13
8 218392052117.0 1.53114808609e+29 3.98627140013e+13
8 218476052117.0 1.59936668592e+29 3.9716295708e+13
8 218560052117.0 1.58703303131e+29 3.95698601202e+13
8 218644052117.0 1.57471004001e+29 3.94234245323e+13
8 218728052117.0 1.56243285884e+29 3.92769574846e+13
8 218812052117.0 1.55017371817e+29 3.91304892924e+13
8 218896052117.0 1.53794328917e+29 3.8984017138e+13
8 218984052117.0 1.60143212219e+29 3.88305632235e+13
8 219072052117.0 1.58803889688e+29 3.8677109309e+13
8 219160052117.0 1.57469322411e+29 3.85236565306e+13
8 219248052117.0 1.56137218804e+29 3.83702038564e+13
8 219336052117.0 1.54808725161e+29 3.82167594249e+13
8 219424052117.0 1.53484168203e+29 3.80633231872e+13
8 219516052117.0 1.59344983154e+29 3.79029218636e+13
8 219608052117.0 1.57902051769e+29 3.77425717924e+13
8 219700052117.0 1.56461789673e+29 3.75822217211e+13
8 219792052117.0 1.55026427799e+29 3.74219729361e+13
8 219884052117.0 1.53594317145e+29 3.72617357847e+13
8 219980052117.0 1.59018505408e+29 3.7094649288e+13
8 220076052117.0 1.5746541413e+29 3.69276179835e+13
8 220172052117.0 1.55916999287e+29 3.67606772469e+13
8 220268052117.0 1.54373276015e+29 3.65938055765e+13
8 220364052117.0 1.52834287454e+29 3.64269687326e+13
8 220464052117.0 1.57812053277e+29 3.62532198917e+13
8 220564052117.0 1.56150371797e+29 3.60794638151e+13
8 220664052117.0 1.54494515846e+29 3.59056998037e+13
8 220764052117.0 1.52844540263e+29 3.57318862124e+13
8 220868052117.0 1.57432352989e+29 3.5551071932e+13
8 220972052117.0 1.55658322211e+29 3.53701908561e+13
8 221076052117.0 1.53891347311e+29 3.51892712596e+13
8 221184052117.0 1.58146139168e+29 3.50013333141e+13
8 221292052117.0 1.56253676205e+29 3.48133779198e+13
8 221400052117.0 1.54368618915e+29 3.46253717109e+13
8 221512052117.0 1.582854447e+29 3.44303902492e+13
8 221624052117.0 1.56273770579e+29 3.42353850999e+13
8 221736052117.0 1.54271003804e+29 3.40404061986e+13
8 221852052117.0 1.5784467178e+29 3.38384878235e+13
8 221968052117.0 1.55713929244e+29 3.36366968819e+13
8 222084052117.0 1.53593914542e+29 3.34350278483e+13
8 222204052117.0 1.56819833925e+29 3.3226524202e+13
8 222324052117.0 1.54570906441e+29 3.3018325305e+13
8 222448052117.0 1.57510413976e+29 3.28033315211e+13
8 222572052117.0 1.55134090182e+29 3.25884783172e+13
8 222696052117.0 1.5277091034e+29 3.23737684618e+13
8 222824052117.0 1.55357861799e+29 3.21521914695e+13
8 222952052117.0 1.52869369447e+29 3.19306362626e+13
8 223084052117.0 1.55169819543e+29 3.17021648139e+13
8 223220052117.0 1.57242857718e+29 3.14667944957e+13
8 223356052117.0 1.5448663567e+29 3.12314827375e+13
8 223496052117.0 1.56267553115e+29 3.09893237438e+13
8 223636052117.0 1.53389892858e+29 3.0747265646e+13
8 223780052117.0 1.54879598511e+29 3.04984520693e+13
8 223928052117.0 1.56137481947e+29 3.02429919386e+13
8 224076052117.0 1.52997784064e+29 2.99879116934e+13
8 224228052117.0 1.53963804926e+29 2.97264585034e+13
8 224384052117.0 1.54696433636e+29 2.94587634512e+13
8 224544052117.0 1.55194587447e+29 2.91848585158e+13
8 224708052117.0 1.5545776312e+29 2.89047479268e+13
8 224876052117.0 1.55485914392e+29 2.86184294019e+13
8 225048052117.0 1.55279457514e+29 2.83258766646e+13
8 225224052117.0 1.54839221274e+29 2.80270315771e+13
8 225404052117.0 1.54167298009e+29 2.77218458505e+13
8 225588052117.0 1.53266019006e+29 2.74103813663e+13
8 225780052117.0 1.55345851088e+29 2.70861863097e+13
8 225976052117.0 1.5379181413e+29 2.67566817667e+13
8 226180052117.0 1.55015150447e+29 2.64155359102e+13
8 226388052117.0 1.52812037167e+29 2.60693669039e+13
8 226604052117.0 1.5318154279e+29 2.57113361402e+13
8 226828052117.0 1.53021735643e+29 2.53414752898e+13
8 227064052117.0 1.54899420425e+29 2.49528232163e+13
8 227308052117.0 1.53464520815e+29 2.45522839312e+13
8 227564052117.0 1.53832476855e+29 2.41342702061e+13
8 227832052117.0 1.53322279406e+29 2.36992814554e+13
8 228116052117.0 1.54010863484e+29 2.32407081011e+13
8 228416052117.0 1.53436109871e+29 2.27577603457e+13
8 228736052117.0 1.53401577249e+29 2.22434806247e+13
8 229080052117.0 1.53341565049e+29 2.16916746755e+13
8 229456052117.0 1.54167327499e+29 2.10892781178e+13
8 229868052117.0 1.53248261201e+29 2.04263464271e+13
8 230332052117.0 1.53393369469e+29 1.96820254081e+13
8 230872052117.0 1.53624742444e+29 1.87920883233e+13
8 231532052117.0 1.52834064608e+29 1.76932900493e+13
8 232456052117.0 1.53060654059e+29 1.61115365862e+13
#
#
# runtime:  3765.54856706  seconds
