## fname /home/mjoyce/UCT_SAAO/research/MESA2HYDRO/data/sample_MESA_output/profile_redgiant_logE.data  masscut 0.9353129764360553    N 8   mp (Ms) 1e-07   mp (g) 1.988e+26   stepsize 1.0000000e+07
#N    (ru+rl)/2 (cm)    Mcontained in shell ru-rl     u(rmid)
8 179620667167.27722 1.5304537334e+29 117329202339519.05
8 179648167167.27722 1.52949625638e+29 117329202339519.05
8 179675667167.27722 1.52853797779e+29 117329202339519.05
8 179703167167.27722 1.52757889745e+29 117329202339519.05
8 179730667167.27722 1.52661901516e+29 117329202339519.05
8 179758167167.27722 1.5256583307e+29 117329202339519.05
8 179785667167.27722 1.52469684389e+29 117329202339519.05
8 179813167167.27722 1.52373455451e+29 117329202339519.05
8 179840667167.27722 1.52277146238e+29 117329202339519.05
8 179868167167.27722 1.52180756729e+29 117329202339519.05
8 179895667167.27722 1.52084286904e+29 117329202339519.05
8 179923167167.27722 1.51987736743e+29 117329202339519.05
8 179950667167.27722 1.51891106225e+29 115784318360420.73
8 179978167167.27722 1.51794395332e+29 115784318360420.73
8 180005667167.27722 1.51697604042e+29 115784318360420.73
8 180033167167.27722 1.51600732336e+29 115784318360420.73
8 180060667167.27722 1.51503780193e+29 115784318360420.73
8 180088167167.27722 1.51406747595e+29 115784318360420.73
8 180115667167.27722 1.51309634519e+29 115784318360420.73
8 180143167167.27722 1.51212440947e+29 115784318360420.73
8 180170823417.27722 1.5283182538e+29 115784318360420.73
8 180198635917.27722 1.52732244642e+29 115784318360420.73
8 180226448417.27722 1.52632580569e+29 115784318360420.73
8 180254260917.27722 1.52532833141e+29 115784318360420.73
8 180282229667.27722 1.54136881184e+29 115784318360420.73
8 180310354667.27722 1.5401216691e+29 115784318360420.73
8 180338479667.27722 1.53887105625e+29 115784318360420.73
8 180366604667.27722 1.53761943834e+29 115784318360420.73
8 180394729667.27722 1.53636681513e+29 115784318360420.73
8 180422854667.27722 1.53511318635e+29 115784318360420.73
8 180450979667.27722 1.53385855176e+29 115784318360420.73
8 180479104667.27722 1.53260291111e+29 115784318360420.73
8 180507229667.27722 1.53134626414e+29 115784318360420.73
8 180535354667.27722 1.5300886106e+29 114450055363565.95
8 180563479667.27722 1.52882995023e+29 114450055363565.95
8 180591604667.27722 1.52757028279e+29 114450055363565.95
8 180619729667.27722 1.52630960802e+29 114450055363565.95
8 180647854667.27722 1.52504792567e+29 114450055363565.95
8 180675979667.27722 1.52378523549e+29 114450055363565.95
8 180704104667.27722 1.52252153722e+29 114450055363565.95
8 180732229667.27722 1.52125683062e+29 114450055363565.95
8 180760354667.27722 1.52001240167e+29 114450055363565.95
8 180788479667.27722 1.51915893152e+29 114450055363565.95
8 180816604667.27722 1.51845165219e+29 114450055363565.95
8 180844729667.27722 1.51774371219e+29 114450055363565.95
8 180872854667.27722 1.51703511132e+29 114450055363565.95
8 180900979667.27722 1.51632584943e+29 114450055363565.95
8 180929104667.27722 1.51561592635e+29 114450055363565.95
8 180957229667.27722 1.51490534189e+29 114450055363565.95
8 180985354667.27722 1.51419409589e+29 114450055363565.95
8 181013479667.27722 1.51348218819e+29 114450055363565.95
8 181041604667.27722 1.5127696186e+29 114450055363565.95
8 181069729667.27722 1.51205638695e+29 114450055363565.95
8 181098010917.27722 1.52813117481e+29 114450055363565.95
8 181126448417.27722 1.52740064378e+29 114450055363565.95
8 181154885917.27722 1.52666942784e+29 114450055363565.95
8 181183323417.27722 1.52593752682e+29 112958836319591.94
8 181211917167.27722 1.5419613624e+29 112958836319591.94
8 181240667167.27722 1.54121187857e+29 112958836319591.94
8 181269417167.27722 1.54046168627e+29 112958836319591.94
8 181298167167.27722 1.5397107853e+29 112958836319591.94
8 181326917167.27722 1.53895917549e+29 112958836319591.94
8 181355667167.27722 1.53820685664e+29 112958836319591.94
8 181384417167.27722 1.53745382856e+29 112958836319591.94
8 181413167167.27722 1.53670009108e+29 112958836319591.94
8 181441917167.27722 1.53594564401e+29 112958836319591.94
8 181470667167.27722 1.53519048715e+29 112958836319591.94
8 181499417167.27722 1.53443462031e+29 112958836319591.94
8 181528167167.27722 1.53367804333e+29 112958836319591.94
8 181556917167.27722 1.532920756e+29 112958836319591.94
8 181585667167.27722 1.53206561516e+29 112958836319591.94
8 181614417167.27722 1.53085710123e+29 112958836319591.94
8 181643167167.27722 1.52961551701e+29 112958836319591.94
8 181671917167.27722 1.5283729165e+29 112958836319591.94
8 181700667167.27722 1.52712929943e+29 112958836319591.94
8 181729417167.27722 1.52588466555e+29 112958836319591.94
8 181758167167.27722 1.52463901459e+29 112958836319591.94
8 181786917167.27722 1.5233923463e+29 112958836319591.94
8 181815667167.27722 1.52214466041e+29 112958836319591.94
8 181844417167.27722 1.52089595666e+29 112958836319591.94
8 181873167167.27722 1.5196462348e+29 112958836319591.94
8 181901917167.27722 1.51839549457e+29 112958836319591.94
8 181930667167.27722 1.51714373571e+29 111298133010030.78
8 181959417167.27722 1.51589095795e+29 111298133010030.78
8 181988167167.27722 1.51463716105e+29 111298133010030.78
8 182016917167.27722 1.51338234473e+29 111298133010030.78
8 182045667167.27722 1.51212650874e+29 111298133010030.78
8 182074573417.27722 1.5272852403e+29 111298133010030.78
8 182103635917.27722 1.52599985911e+29 111298133010030.78
8 182132854667.27722 1.5411011973e+29 111298133010030.78
8 182162229667.27722 1.53978585926e+29 111298133010030.78
8 182191604667.27722 1.5384694322e+29 111298133010030.78
8 182220979667.27722 1.53716410643e+29 111298133010030.78
8 182250354667.27722 1.53601957448e+29 111298133010030.78
8 182279729667.27722 1.53492451946e+29 111298133010030.78
8 182309104667.27722 1.53382851906e+29 111298133010030.78
8 182338479667.27722 1.53273157305e+29 111298133010030.78
8 182367854667.27722 1.53163368117e+29 111298133010030.78
8 182397229667.27722 1.53053484318e+29 111298133010030.78
8 182426604667.27722 1.52943505884e+29 111298133010030.78
8 182455979667.27722 1.52833432788e+29 111298133010030.78
8 182485354667.27722 1.52723265007e+29 111298133010030.78
8 182514729667.27722 1.52613002516e+29 111298133010030.78
8 182544104667.27722 1.5250264529e+29 111298133010030.78
8 182573479667.27722 1.52392193304e+29 109850189707116.52
8 182602854667.27722 1.52281646534e+29 109850189707116.52
8 182632229667.27722 1.52171004954e+29 109850189707116.52
8 182661604667.27722 1.5206026854e+29 109850189707116.52
8 182690979667.27722 1.51949437267e+29 109850189707116.52
8 182720354667.27722 1.51838511111e+29 109850189707116.52
8 182749729667.27722 1.51727490046e+29 109850189707116.52
8 182779104667.27722 1.51616374047e+29 109850189707116.52
8 182808479667.27722 1.51505163091e+29 109850189707116.52
8 182837854667.27722 1.51393857152e+29 109850189707116.52
8 182867229667.27722 1.51282866781e+29 109850189707116.52
8 182896604667.27722 1.5117326845e+29 109850189707116.52
8 182926135917.27722 1.5267018265e+29 109850189707116.52
8 182955979667.27722 1.54163464799e+29 109850189707116.52
8 182985979667.27722 1.54048997157e+29 109850189707116.52
8 183015979667.27722 1.53934429572e+29 109850189707116.52
8 183045979667.27722 1.53819762018e+29 109850189707116.52
8 183075979667.27722 1.53704994467e+29 109850189707116.52
8 183105979667.27722 1.53590126894e+29 109850189707116.52
8 183135979667.27722 1.53475159271e+29 109850189707116.52
8 183165979667.27722 1.53360091572e+29 109850189707116.52
8 183195979667.27722 1.5324492377e+29 108424922830764.31
8 183225979667.27722 1.53129655839e+29 108424922830764.31
8 183255979667.27722 1.53014287752e+29 108424922830764.31
8 183285979667.27722 1.52898819483e+29 108424922830764.31
8 183315979667.27722 1.52783251004e+29 108424922830764.31
8 183345979667.27722 1.52667582289e+29 108424922830764.31
8 183375979667.27722 1.52551813313e+29 108424922830764.31
8 183405979667.27722 1.52435944047e+29 108424922830764.31
8 183435979667.27722 1.52319974465e+29 108424922830764.31
8 183465979667.27722 1.52203904542e+29 108424922830764.31
8 183495979667.27722 1.52088086055e+29 108424922830764.31
8 183525979667.27722 1.51973717171e+29 108424922830764.31
8 183555979667.27722 1.5185943674e+29 108424922830764.31
8 183585979667.27722 1.51745057227e+29 108424922830764.31
8 183615979667.27722 1.51630578606e+29 108424922830764.31
8 183645979667.27722 1.51516000849e+29 108424922830764.31
8 183675979667.27722 1.51401323932e+29 108424922830764.31
8 183705979667.27722 1.51286547828e+29 108424922830764.31
8 183735979667.27722 1.5117167251e+29 108424922830764.31
8 183766292167.27722 1.54202489179e+29 108424922830764.31
8 183796917167.27722 1.54082568512e+29 108424922830764.31
8 183827542167.27722 1.53962542216e+29 107021963061508.02
8 183858167167.27722 1.53842410262e+29 107021963061508.02
8 183888792167.27722 1.53722172621e+29 107021963061508.02
8 183919417167.27722 1.53601829266e+29 107021963061508.02
8 183950042167.27722 1.53481380167e+29 107021963061508.02
8 183980667167.27722 1.53360825297e+29 107021963061508.02
8 184011292167.27722 1.53240164625e+29 107021963061508.02
8 184041917167.27722 1.53119398125e+29 107021963061508.02
8 184072542167.27722 1.52998525768e+29 107021963061508.02
8 184103167167.27722 1.52877549492e+29 107021963061508.02
8 184133792167.27722 1.5275763562e+29 107021963061508.02
8 184164417167.27722 1.52638607036e+29 107021963061508.02
8 184195042167.27722 1.52519473918e+29 107021963061508.02
8 184225667167.27722 1.52400236238e+29 107021963061508.02
8 184256292167.27722 1.52280893968e+29 107021963061508.02
8 184286917167.27722 1.52161447079e+29 107021963061508.02
8 184317542167.27722 1.52041895543e+29 107021963061508.02
8 184348167167.27722 1.51922239332e+29 107021963061508.02
8 184378792167.27722 1.51802478418e+29 107021963061508.02
8 184409417167.27722 1.51682612773e+29 107021963061508.02
8 184440042167.27722 1.51562642369e+29 105641304936934.3
8 184470667167.27722 1.51442567177e+29 105641304936934.3
8 184501292167.27722 1.51322387169e+29 105641304936934.3
8 184531917167.27722 1.51202102317e+29 105641304936934.3
8 184562854667.27722 1.54163758577e+29 105641304936934.3
8 184594104667.27722 1.5403829339e+29 105641304936934.3
8 184625354667.27722 1.53912716718e+29 105641304936934.3
8 184656604667.27722 1.53787028529e+29 105641304936934.3
8 184687854667.27722 1.53661228793e+29 105641304936934.3
8 184719104667.27722 1.53535318107e+29 105641304936934.3
8 184750354667.27722 1.53410468517e+29 105641304936934.3
8 184781604667.27722 1.53286573673e+29 105641304936934.3
8 184812854667.27722 1.53162568676e+29 105641304936934.3
8 184844104667.27722 1.53038453494e+29 105641304936934.3
8 184875354667.27722 1.52914228098e+29 105641304936934.3
8 184906604667.27722 1.52789892457e+29 105641304936934.3
8 184937854667.27722 1.52665446542e+29 105641304936934.3
8 184969104667.27722 1.52540890322e+29 105641304936934.3
8 185000354667.27722 1.52416223768e+29 105641304936934.3
8 185031604667.27722 1.52291446848e+29 105641304936934.3
8 185062854667.27722 1.52166559533e+29 104283016895442.83
8 185094104667.27722 1.52041561792e+29 104283016895442.83
8 185125354667.27722 1.51916453596e+29 104283016895442.83
8 185156604667.27722 1.51791234915e+29 104283016895442.83
8 185187854667.27722 1.51665905717e+29 104283016895442.83
8 185219104667.27722 1.51540465973e+29 104283016895442.83
8 185250354667.27722 1.51414915653e+29 104283016895442.83
8 185281604667.27722 1.51289254727e+29 104283016895442.83
8 185312854667.27722 1.51163483163e+29 104283016895442.83
8 185344417167.27722 1.54057371217e+29 104283016895442.83
8 185376292167.27722 1.53928326759e+29 104283016895442.83
8 185408167167.27722 1.53799442818e+29 104283016895442.83
8 185440042167.27722 1.53670442932e+29 104283016895442.83
8 185471917167.27722 1.53541327071e+29 104283016895442.83
8 185503792167.27722 1.53412095201e+29 104283016895442.83
8 185535667167.27722 1.53282747291e+29 104283016895442.83
8 185567542167.27722 1.53153283308e+29 104283016895442.83
8 185599417167.27722 1.5302370322e+29 104283016895442.83
8 185631292167.27722 1.52894006996e+29 104283016895442.83
8 185663167167.27722 1.52764194601e+29 102947053078526.8
8 185695042167.27722 1.52634266005e+29 102947053078526.8
8 185726917167.27722 1.52504221175e+29 102947053078526.8
8 185758792167.27722 1.52374060079e+29 102947053078526.8
8 185790667167.27722 1.52243782684e+29 102947053078526.8
8 185822542167.27722 1.52113388959e+29 102947053078526.8
8 185854417167.27722 1.51982878871e+29 102947053078526.8
8 185886292167.27722 1.51852252388e+29 102947053078526.8
8 185918167167.27722 1.51721509477e+29 102947053078526.8
8 185950042167.27722 1.51591034695e+29 102947053078526.8
8 185981917167.27722 1.5146214304e+29 102947053078526.8
8 186013792167.27722 1.51333337685e+29 102947053078526.8
8 186045979667.27722 1.54167920356e+29 102947053078526.8
8 186078479667.27722 1.54033772825e+29 102947053078526.8
8 186110979667.27722 1.5389950334e+29 102947053078526.8
8 186143479667.27722 1.53765111864e+29 102947053078526.8
8 186175979667.27722 1.53630598365e+29 102947053078526.8
8 186208479667.27722 1.53495962808e+29 102947053078526.8
8 186240979667.27722 1.53361205157e+29 102947053078526.8
8 186273479667.27722 1.5322632538e+29 101632757973050.6
8 186305979667.27722 1.53091323441e+29 101632757973050.6
8 186338479667.27722 1.52956199306e+29 101632757973050.6
8 186370979667.27722 1.5282095294e+29 101632757973050.6
8 186403479667.27722 1.5268558431e+29 101632757973050.6
8 186435979667.27722 1.52550093381e+29 101632757973050.6
8 186468479667.27722 1.52414480118e+29 101632757973050.6
8 186500979667.27722 1.52278744486e+29 101632757973050.6
8 186533479667.27722 1.52142918789e+29 101632757973050.6
8 186565979667.27722 1.52008453599e+29 101632757973050.6
8 186598479667.27722 1.51874674248e+29 101632757973050.6
8 186630979667.27722 1.51740774009e+29 101632757973050.6
8 186663479667.27722 1.5160675285e+29 101632757973050.6
8 186695979667.27722 1.51472610735e+29 101632757973050.6
8 186728479667.27722 1.51338347631e+29 101632757973050.6
8 186760979667.27722 1.51203963505e+29 101632757973050.6
8 186793792167.27722 1.53973321223e+29 101632757973050.6
8 186826917167.27722 1.53833464807e+29 101632757973050.6
8 186860042167.27722 1.53693480143e+29 100339093141770.78
8 186893167167.27722 1.53553367192e+29 100339093141770.78
8 186926292167.27722 1.53413125919e+29 100339093141770.78
8 186959417167.27722 1.53272756286e+29 100339093141770.78
8 186992542167.27722 1.53132258258e+29 100339093141770.78
8 187025667167.27722 1.52991631797e+29 100339093141770.78
8 187058792167.27722 1.52850876866e+29 100339093141770.78
8 187091917167.27722 1.5270999343e+29 100339093141770.78
8 187125042167.27722 1.52569033836e+29 100339093141770.78
8 187158167167.27722 1.52429515034e+29 100339093141770.78
8 187191292167.27722 1.52290602047e+29 100339093141770.78
8 187224417167.27722 1.52151562074e+29 100339093141770.78
8 187257542167.27722 1.5201239508e+29 100339093141770.78
8 187290667167.27722 1.51873101029e+29 100339093141770.78
8 187323792167.27722 1.51733679884e+29 100339093141770.78
8 187356917167.27722 1.51594131608e+29 100339093141770.78
8 187390042167.27722 1.51454456167e+29 100339093141770.78
8 187423479667.27722 1.54168302385e+29 100339093141770.78
8 187457229667.27722 1.54023039821e+29 99065031154793.89
8 187490979667.27722 1.53877642641e+29 99065031154793.89
8 187524729667.27722 1.53732110804e+29 99065031154793.89
8 187558479667.27722 1.53586444272e+29 99065031154793.89
8 187592229667.27722 1.53440643006e+29 99065031154793.89
8 187625979667.27722 1.53294706967e+29 99065031154793.89
8 187659729667.27722 1.53148636115e+29 99065031154793.89
8 187693479667.27722 1.53002430411e+29 99065031154793.89
8 187727229667.27722 1.52856791108e+29 99065031154793.89
8 187760979667.27722 1.52712671419e+29 99065031154793.89
8 187794729667.27722 1.5256848781e+29 99065031154793.89
8 187828479667.27722 1.52424170938e+29 99065031154793.89
8 187862229667.27722 1.52279720764e+29 99065031154793.89
8 187895979667.27722 1.5213513725e+29 99065031154793.89
8 187929729667.27722 1.51990420356e+29 99065031154793.89
8 187963479667.27722 1.51845570044e+29 99065031154793.89
8 187997229667.27722 1.51700586276e+29 99065031154793.89
8 188030979667.27722 1.51555469013e+29 97810144138196.25
8 188064729667.27722 1.51410218217e+29 97810144138196.25
8 188098479667.27722 1.51264833848e+29 97810144138196.25
8 188132542167.27722 1.5391644853e+29 97810144138196.25
8 188166917167.27722 1.5376534988e+29 97810144138196.25
8 188201292167.27722 1.53614109975e+29 97810144138196.25
8 188235667167.27722 1.53462728774e+29 97810144138196.25
8 188270042167.27722 1.53311206236e+29 97810144138196.25
8 188304417167.27722 1.53160254924e+29 97810144138196.25
8 188338792167.27722 1.53010904601e+29 97810144138196.25
8 188373167167.27722 1.52861493773e+29 97810144138196.25
8 188407542167.27722 1.52711943293e+29 97810144138196.25
8 188441917167.27722 1.52562253118e+29 97810144138196.25
8 188476292167.27722 1.52412423208e+29 97810144138196.25
8 188510667167.27722 1.52262453522e+29 97810144138196.25
8 188545042167.27722 1.52112344019e+29 97810144138196.25
8 188579417167.27722 1.51962094659e+29 97810144138196.25
8 188613792167.27722 1.51811705399e+29 96574684850442.22
8 188648167167.27722 1.51661176199e+29 96574684850442.22
8 188682542167.27722 1.51510507018e+29 96574684850442.22
8 188717229667.27722 1.54110295528e+29 96574684850442.22
8 188752229667.27722 1.53953804657e+29 96574684850442.22
8 188787229667.27722 1.53797165898e+29 96574684850442.22
8 188822229667.27722 1.53640379208e+29 96574684850442.22
8 188857229667.27722 1.53483510737e+29 96574684850442.22
8 188892229667.27722 1.53328281267e+29 96574684850442.22
8 188927229667.27722 1.53173698045e+29 96574684850442.22
8 188962229667.27722 1.53018968677e+29 96574684850442.22
8 188997229667.27722 1.5286409312e+29 96574684850442.22
8 189032229667.27722 1.5270907133e+29 96574684850442.22
8 189067229667.27722 1.52553903264e+29 96574684850442.22
8 189102229667.27722 1.52398588877e+29 96574684850442.22
8 189137229667.27722 1.52243128127e+29 96574684850442.22
8 189172229667.27722 1.5208752097e+29 95359115969289.36
8 189207229667.27722 1.51931767362e+29 95359115969289.36
8 189242229667.27722 1.51775867261e+29 95359115969289.36
8 189277229667.27722 1.51619820621e+29 95359115969289.36
8 189312229667.27722 1.51463627401e+29 95359115969289.36
8 189347229667.27722 1.51307287555e+29 95359115969289.36
8 189382542167.27722 1.53848499441e+29 95359115969289.36
8 189418167167.27722 1.53686240648e+29 95359115969289.36
8 189453792167.27722 1.53525484682e+29 95359115969289.36
8 189489417167.27722 1.53365618143e+29 95359115969289.36
8 189525042167.27722 1.53205598799e+29 95359115969289.36
8 189560667167.27722 1.53045426602e+29 95359115969289.36
8 189596292167.27722 1.52885101508e+29 95359115969289.36
8 189631917167.27722 1.5272462347e+29 95359115969289.36
8 189667542167.27722 1.52563992442e+29 95359115969289.36
8 189703167167.27722 1.52403208377e+29 95359115969289.36
8 189738792167.27722 1.5224227123e+29 94163527618488.75
8 189774417167.27722 1.52081180955e+29 94163527618488.75
8 189810042167.27722 1.51919937504e+29 94163527618488.75
8 189845667167.27722 1.51758540833e+29 94163527618488.75
8 189881292167.27722 1.51596990894e+29 94163527618488.75
8 189917229667.27722 1.5409060282e+29 94163527618488.75
8 189953479667.27722 1.53923014426e+29 94163527618488.75
8 189989729667.27722 1.53755598601e+29 94163527618488.75
8 190025979667.27722 1.5359008124e+29 94163527618488.75
8 190062229667.27722 1.53424756621e+29 94163527618488.75
8 190098479667.27722 1.53259272326e+29 94163527618488.75
8 190134729667.27722 1.53093628308e+29 94163527618488.75
8 190170979667.27722 1.52927824518e+29 94163527618488.75
8 190207229667.27722 1.52761860905e+29 94163527618488.75
8 190243479667.27722 1.52595737422e+29 94163527618488.75
8 190279729667.27722 1.5242945402e+29 92987242167690.83
8 190315979667.27722 1.5226301065e+29 92987242167690.83
8 190352229667.27722 1.52096407262e+29 92987242167690.83
8 190388479667.27722 1.51929643809e+29 92987242167690.83
8 190424729667.27722 1.5176272024e+29 92987242167690.83
8 190460979667.27722 1.51595636508e+29 92987242167690.83
8 190497229667.27722 1.51428392563e+29 92987242167690.83
8 190533479667.27722 1.5126107837e+29 92987242167690.83
8 190570042167.27722 1.53699099265e+29 92987242167690.83
8 190606917167.27722 1.53528302045e+29 92987242167690.83
8 190643792167.27722 1.53357338113e+29 92987242167690.83
8 190680667167.27722 1.53186207418e+29 92987242167690.83
8 190717542167.27722 1.53014909908e+29 92987242167690.83
8 190754417167.27722 1.52843445531e+29 92987242167690.83
8 190791292167.27722 1.52671814236e+29 92987242167690.83
8 190828167167.27722 1.5250001597e+29 91829285289700.56
8 190865042167.27722 1.52328050683e+29 91829285289700.56
8 190901917167.27722 1.52155918322e+29 91829285289700.56
8 190938792167.27722 1.51983618835e+29 91829285289700.56
8 190975667167.27722 1.51811152172e+29 91829285289700.56
8 191012542167.27722 1.51638518279e+29 91829285289700.56
8 191049729667.27722 1.54031442444e+29 91829285289700.56
8 191087229667.27722 1.53852870298e+29 91829285289700.56
8 191124729667.27722 1.53676212095e+29 91829285289700.56
8 191162229667.27722 1.53499767015e+29 91829285289700.56
8 191199729667.27722 1.53323147974e+29 91829285289700.56
8 191237229667.27722 1.53146354916e+29 91829285289700.56
8 191274729667.27722 1.52969387786e+29 91829285289700.56
8 191312229667.27722 1.5279224653e+29 91829285289700.56
8 191349729667.27722 1.52614931094e+29 91829285289700.56
8 191387229667.27722 1.52437441422e+29 90688816303800.2
8 191424729667.27722 1.52259777461e+29 90688816303800.2
8 191462229667.27722 1.52081939155e+29 90688816303800.2
8 191499729667.27722 1.51903926449e+29 90688816303800.2
8 191537229667.27722 1.51725739289e+29 90688816303800.2
8 191574729667.27722 1.51547377621e+29 90688816303800.2
8 191612229667.27722 1.51368849225e+29 90688816303800.2
8 191649729667.27722 1.51191715135e+29 90688816303800.2
8 191687542167.27722 1.53531022025e+29 90688816303800.2
8 191725667167.27722 1.53348794455e+29 90688816303800.2
8 191763792167.27722 1.53166385484e+29 90688816303800.2
8 191801917167.27722 1.52983795057e+29 90688816303800.2
8 191840042167.27722 1.52801023114e+29 90688816303800.2
8 191878167167.27722 1.52618069599e+29 90688816303800.2
8 191916292167.27722 1.52434934453e+29 89565550284899.44
8 191954417167.27722 1.52251617619e+29 89565550284899.44
8 191992542167.27722 1.52068119038e+29 89565550284899.44
8 192030667167.27722 1.51884438655e+29 89565550284899.44
8 192069104667.27722 1.54185938312e+29 89565550284899.44
8 192107854667.27722 1.5399580737e+29 89565550284899.44
8 192146604667.27722 1.53805500254e+29 89565550284899.44
8 192185354667.27722 1.53616732199e+29 89565550284899.44
8 192224104667.27722 1.53428959297e+29 89565550284899.44
8 192262854667.27722 1.53240997497e+29 89565550284899.44
8 192301604667.27722 1.53052846741e+29 89565550284899.44
8 192340354667.27722 1.52864506965e+29 89565550284899.44
8 192379104667.27722 1.5267597811e+29 89565550284899.44
8 192417854667.27722 1.52487260115e+29 89565550284899.44
8 192456604667.27722 1.52298352919e+29 88459349747265.42
8 192495354667.27722 1.5210925646e+29 88459349747265.42
8 192534104667.27722 1.51919970679e+29 88459349747265.42
8 192572854667.27722 1.51730495513e+29 88459349747265.42
8 192611604667.27722 1.51540830903e+29 88459349747265.42
8 192650354667.27722 1.51350976787e+29 88459349747265.42
8 192689104667.27722 1.51161267953e+29 88459349747265.42
8 192728167167.27722 1.53407093238e+29 88459349747265.42
8 192767542167.27722 1.53213510548e+29 88459349747265.42
8 192806917167.27722 1.53019731258e+29 88459349747265.42
8 192846292167.27722 1.52825755302e+29 88459349747265.42
8 192885667167.27722 1.52631582616e+29 88459349747265.42
8 192925042167.27722 1.52437213137e+29 88459349747265.42
8 192964417167.27722 1.522426468e+29 87370126870411.2
8 193003792167.27722 1.52047883541e+29 87370126870411.2
8 193043167167.27722 1.51852923295e+29 87370126870411.2
8 193082854667.27722 1.54063457606e+29 87370126870411.2
8 193122854667.27722 1.53861849018e+29 87370126870411.2
8 193162854667.27722 1.53660033711e+29 87370126870411.2
8 193202854667.27722 1.53458107577e+29 87370126870411.2
8 193242854667.27722 1.53258223527e+29 87370126870411.2
8 193282854667.27722 1.53058947675e+29 87370126870411.2
8 193322854667.27722 1.52859467446e+29 87370126870411.2
8 193362854667.27722 1.52659782772e+29 87370126870411.2
8 193402854667.27722 1.52459893585e+29 87370126870411.2
8 193442854667.27722 1.52259799819e+29 87370126870411.2
8 193482854667.27722 1.52059501405e+29 86297937129088.55
8 193522854667.27722 1.51858998276e+29 86297937129088.55
8 193562854667.27722 1.51658290365e+29 86297937129088.55
8 193602854667.27722 1.51457377603e+29 86297937129088.55
8 193642854667.27722 1.51256259925e+29 86297937129088.55
8 193683167167.27722 1.53413572154e+29 86297937129088.55
8 193723792167.27722 1.53205950746e+29 86297937129088.55
8 193764417167.27722 1.53000530689e+29 86297937129088.55
8 193805042167.27722 1.52795493699e+29 86297937129088.55
8 193845667167.27722 1.52590244419e+29 86297937129088.55
8 193886292167.27722 1.52384782779e+29 86297937129088.55
8 193926917167.27722 1.52179108708e+29 86297937129088.55
8 193967542167.27722 1.51973222135e+29 86297937129088.55
8 194008479667.27722 1.54100390919e+29 85242929017352.27
8 194049729667.27722 1.53887678868e+29 85242929017352.27
8 194090979667.27722 1.53674744131e+29 85242929017352.27
8 194132229667.27722 1.53461586632e+29 85242929017352.27
8 194173479667.27722 1.53248206296e+29 85242929017352.27
8 194214729667.27722 1.53034603047e+29 85242929017352.27
8 194255979667.27722 1.5282222223e+29 85242929017352.27
8 194297229667.27722 1.52611507308e+29 85242929017352.27
8 194338479667.27722 1.5240058023e+29 85242929017352.27
8 194379729667.27722 1.52189432777e+29 85242929017352.27
8 194420979667.27722 1.51978064875e+29 85242929017352.27
8 194462229667.27722 1.51766476448e+29 85242929017352.27
8 194503479667.27722 1.51554667423e+29 84205168119979.84
8 194544729667.27722 1.51342637725e+29 84205168119979.84
8 194586292167.27722 1.5341860817e+29 84205168119979.84
8 194628167167.27722 1.53199646152e+29 84205168119979.84
8 194670042167.27722 1.52980453043e+29 84205168119979.84
8 194711917167.27722 1.52761028762e+29 84205168119979.84
8 194753792167.27722 1.52542349759e+29 84205168119979.84
8 194795667167.27722 1.52325704101e+29 84205168119979.84
8 194837542167.27722 1.5210892131e+29 84205168119979.84
8 194879729667.27722 1.54157308506e+29 84205168119979.84
8 194922229667.27722 1.53933531704e+29 84205168119979.84
8 194964729667.27722 1.53709515724e+29 84205168119979.84
8 195007229667.27722 1.53485260484e+29 83184057749026.0
8 195049729667.27722 1.53260765901e+29 83184057749026.0
8 195092229667.27722 1.53036031892e+29 83184057749026.0
8 195134729667.27722 1.52811058373e+29 83184057749026.0
8 195177229667.27722 1.52585845263e+29 83184057749026.0
8 195219729667.27722 1.52360392477e+29 83184057749026.0
8 195262229667.27722 1.52136326823e+29 83184057749026.0
8 195304729667.27722 1.51913707829e+29 83184057749026.0
8 195347229667.27722 1.51690852081e+29 83184057749026.0
8 195389729667.27722 1.51467759212e+29 83184057749026.0
8 195432229667.27722 1.51244429138e+29 83184057749026.0
8 195475042167.27722 1.53240087562e+29 83184057749026.0
8 195518167167.27722 1.53009648346e+29 82178822291311.0
8 195561292167.27722 1.52778961047e+29 82178822291311.0
8 195604417167.27722 1.52548025578e+29 82178822291311.0
8 195647542167.27722 1.52316841852e+29 82178822291311.0
8 195690667167.27722 1.52085409783e+29 82178822291311.0
8 195734104667.27722 1.54053220093e+29 82178822291311.0
8 195777854667.27722 1.53817491008e+29 82178822291311.0
8 195821604667.27722 1.53581941354e+29 82178822291311.0
8 195865354667.27722 1.53346135084e+29 82178822291311.0
8 195909104667.27722 1.53110072108e+29 82178822291311.0
8 195952854667.27722 1.52873752335e+29 82178822291311.0
8 195996604667.27722 1.52637175674e+29 81188776896932.14
8 196040354667.27722 1.52400342032e+29 81188776896932.14
8 196084104667.27722 1.5216325132e+29 81188776896932.14
8 196127854667.27722 1.51925903446e+29 81188776896932.14
8 196171604667.27722 1.51688298319e+29 81188776896932.14
8 196215354667.27722 1.51450648607e+29 81188776896932.14
8 196259104667.27722 1.51215211391e+29 81188776896932.14
8 196303167167.27722 1.53135381957e+29 81188776896932.14
8 196347542167.27722 1.52893368341e+29 81188776896932.14
8 196391917167.27722 1.52651088967e+29 81188776896932.14
8 196436292167.27722 1.52408543739e+29 81188776896932.14
8 196480667167.27722 1.52165732561e+29 80213685242324.42
8 196525354667.27722 1.54060673849e+29 80213685242324.42
8 196570354667.27722 1.53810423615e+29 80213685242324.42
8 196615354667.27722 1.53559895735e+29 80213685242324.42
8 196660354667.27722 1.53309090107e+29 80213685242324.42
8 196705354667.27722 1.53035220557e+29 80213685242324.42
8 196750354667.27722 1.52644659575e+29 80213685242324.42
8 196795354667.27722 1.52237267724e+29 80213685242324.42
8 196840354667.27722 1.51829455297e+29 79488227881587.06
8 196885354667.27722 1.51421222143e+29 79488227881587.06
8 196930667167.27722 1.53112066284e+29 79488227881587.06
8 196976292167.27722 1.52810723583e+29 79488227881587.06
8 197021917167.27722 1.52556678318e+29 79488227881587.06
8 197067542167.27722 1.52302348515e+29 79011819202786.31
8 197113479667.27722 1.5412881059e+29 79011819202786.31
8 197159729667.27722 1.53867063364e+29 79011819202786.31
8 197205979667.27722 1.53652917075e+29 79011819202786.31
8 197252229667.27722 1.53475630862e+29 79011819202786.31
8 197298479667.27722 1.53298127649e+29 79011819202786.31
8 197344729667.27722 1.53120407351e+29 79011819202786.31
8 197390979667.27722 1.52942469887e+29 79011819202786.31
8 197437229667.27722 1.52764315175e+29 78307836766067.94
8 197483479667.27722 1.52585943132e+29 78307836766067.94
8 197529729667.27722 1.52407353677e+29 78307836766067.94
8 197575979667.27722 1.52228546727e+29 78307836766067.94
8 197622229667.27722 1.52049522199e+29 78307836766067.94
8 197668479667.27722 1.51838439557e+29 78307836766067.94
8 197714729667.27722 1.5157856565e+29 78307836766067.94
8 197760979667.27722 1.51317883845e+29 78307836766067.94
8 197807542167.27722 1.5309642943e+29 78307836766067.94
8 197854417167.27722 1.52828047084e+29 78307836766067.94
8 197901292167.27722 1.52559358787e+29 77376510016261.2
8 197948167167.27722 1.52290364425e+29 77376510016261.2
8 197995354667.27722 1.54046190737e+29 77376510016261.2
8 198042854667.27722 1.53769342258e+29 77376510016261.2
8 198090354667.27722 1.53492174946e+29 77376510016261.2
8 198137854667.27722 1.53216518853e+29 77376510016261.2
8 198185354667.27722 1.52942674113e+29 77376510016261.2
8 198232854667.27722 1.52668517051e+29 77376510016261.2
8 198280354667.27722 1.52394044472e+29 77376510016261.2
8 198327854667.27722 1.52119256258e+29 77376510016261.2
8 198375354667.27722 1.51844152288e+29 76459184709189.0
8 198422854667.27722 1.51568732443e+29 76459184709189.0
8 198470354667.27722 1.51292996603e+29 76459184709189.0
8 198518167167.27722 1.53002168267e+29 76459184709189.0
8 198566292167.27722 1.52718656974e+29 76459184709189.0
8 198614417167.27722 1.52437701805e+29 76459184709189.0
8 198662854667.27722 1.54131644454e+29 76459184709189.0
8 198711604667.27722 1.5384369631e+29 76459184709189.0
8 198760354667.27722 1.53555409874e+29 76459184709189.0
8 198809104667.27722 1.53266785014e+29 75555596148950.1
8 198857854667.27722 1.529778216e+29 75555596148950.1
8 198906604667.27722 1.526885195e+29 75555596148950.1
8 198955354667.27722 1.52398878583e+29 75555596148950.1
8 199004104667.27722 1.52108898717e+29 75555596148950.1
8 199052854667.27722 1.51820477772e+29 75555596148950.1
8 199101604667.27722 1.51533976404e+29 75555596148950.1
8 199150354667.27722 1.51247143924e+29 75555596148950.1
8 199199417167.27722 1.52893494473e+29 75555596148950.1
8 199248792167.27722 1.52598567516e+29 75555596148950.1
8 199298167167.27722 1.52303291824e+29 74665448503892.83
8 199347854667.27722 1.5392991872e+29 74665448503892.83
8 199397854667.27722 1.5362640019e+29 74665448503892.83
8 199447854667.27722 1.53322519084e+29 74665448503892.83
8 199497854667.27722 1.5301985843e+29 74665448503892.83
8 199547854667.27722 1.52719530371e+29 74665448503892.83
8 199597854667.27722 1.5241889009e+29 74665448503892.83
8 199647854667.27722 1.52117890995e+29 74665448503892.83
8 199697854667.27722 1.51816532945e+29 74665448503892.83
8 199747854667.27722 1.51514815798e+29 73788441003983.48
8 199797854667.27722 1.51212739411e+29 73788441003983.48
8 199848167167.27722 1.52794767061e+29 73788441003983.48
8 199898792167.27722 1.52484349966e+29 73788441003983.48
8 199949729667.27722 1.54052513512e+29 73788441003983.48
8 200000979667.27722 1.53738072532e+29 73788441003983.48
8 200052229667.27722 1.5342324855e+29 73788441003983.48
8 200103479667.27722 1.53108041346e+29 73788441003983.48
8 200154729667.27722 1.52792450766e+29 72924353573523.14
8 200205979667.27722 1.52476476655e+29 72924353573523.14
8 200257229667.27722 1.52160118857e+29 72924353573523.14
8 200308479667.27722 1.51843377217e+29 72924353573523.14
8 200359729667.27722 1.51526653514e+29 72924353573523.14
8 200410979667.27722 1.51212789267e+29 72924353573523.14
8 200462542167.27722 1.52737550286e+29 72924353573523.14
8 200514417167.27722 1.52415925266e+29 72924353573523.14
8 200566604667.27722 1.53924397843e+29 72924353573523.14
8 200619104667.27722 1.53594163505e+29 72072978089278.9
8 200671604667.27722 1.53263520166e+29 72072978089278.9
8 200724104667.27722 1.52932467659e+29 72072978089278.9
8 200776604667.27722 1.52601031506e+29 72072978089278.9
8 200829104667.27722 1.52271855912e+29 72072978089278.9
8 200881604667.27722 1.51944063047e+29 72072978089278.9
8 200934104667.27722 1.51615865028e+29 72072978089278.9
8 200986604667.27722 1.5128726169e+29 72072978089278.9
8 201039417167.27722 1.52753391584e+29 71233977866322.19
8 201092542167.27722 1.52416082272e+29 71233977866322.19
8 201145979667.27722 1.53865497859e+29 71233977866322.19
8 201199729667.27722 1.53519339207e+29 71233977866322.19
8 201253479667.27722 1.53175113318e+29 71233977866322.19
8 201307229667.27722 1.52832736441e+29 71233977866322.19
8 201360979667.27722 1.52489928295e+29 71233977866322.19
8 201414729667.27722 1.52146688698e+29 71233977866322.19
8 201468479667.27722 1.51803017468e+29 70406925002331.75
8 201522229667.27722 1.51458914425e+29 70406925002331.75
8 201576292167.27722 1.52869495225e+29 70406925002331.75
8 201630667167.27722 1.52516503758e+29 70406925002331.75
8 201685354667.27722 1.53913018063e+29 70406925002331.75
8 201740354667.27722 1.53555726948e+29 70406925002331.75
8 201795354667.27722 1.53197977474e+29 70406925002331.75
8 201850354667.27722 1.52839769445e+29 70406925002331.75
8 201905354667.27722 1.52481102664e+29 69591665832936.66
8 201960354667.27722 1.52121976933e+29 69591665832936.66
8 202015354667.27722 1.51762392057e+29 69591665832936.66
8 202070354667.27722 1.51403012216e+29 69591665832936.66
8 202125667167.27722 1.5276113514e+29 69591665832936.66
8 202181604667.27722 1.54107045015e+29 69591665832936.66
8 202237854667.27722 1.53733983103e+29 69591665832936.66
8 202294104667.27722 1.53360434513e+29 68788988721342.2
8 202350354667.27722 1.5298639903e+29 68788988721342.2
8 202406604667.27722 1.52611876442e+29 68788988721342.2
8 202462854667.27722 1.52236918516e+29 68788988721342.2
8 202519104667.27722 1.51864526547e+29 68788988721342.2
8 202575354667.27722 1.51493433672e+29 68788988721342.2
8 202631917167.27722 1.52798900969e+29 68788988721342.2
8 202689104667.27722 1.54091337476e+29 67999820546917.37
8 202746604667.27722 1.5370203822e+29 67999820546917.37
8 202804104667.27722 1.53312222865e+29 67999820546917.37
8 202861604667.27722 1.52921891184e+29 67999820546917.37
8 202919104667.27722 1.52533414238e+29 67999820546917.37
8 202976604667.27722 1.52147054211e+29 67999820546917.37
8 203034104667.27722 1.51760184462e+29 67999820546917.37
8 203091604667.27722 1.5137280314e+29 67999820546917.37
8 203149417167.27722 1.52623917431e+29 67224758176395.49
8 203207854667.27722 1.53861708015e+29 67224758176395.49
8 203266604667.27722 1.53455679916e+29 67224758176395.49
8 203325354667.27722 1.53051649549e+29 67224758176395.49
8 203384104667.27722 1.52649651711e+29 67224758176395.49
8 203442854667.27722 1.52247112705e+29 67224758176395.49
8 203501604667.27722 1.51844032228e+29 66463131917545.23
8 203560354667.27722 1.51440410036e+29 66463131917545.23
8 203619417167.27722 1.52640839822e+29 66463131917545.23
8 203679104667.27722 1.53827796722e+29 66463131917545.23
8 203739104667.27722 1.53408778321e+29 66463131917545.23
8 203799104667.27722 1.52990773884e+29 66463131917545.23
8 203859104667.27722 1.52572197292e+29 66463131917545.23
8 203919104667.27722 1.5215304828e+29 65713833519534.24
8 203979104667.27722 1.51733326585e+29 65713833519534.24
8 204039104667.27722 1.51313031941e+29 65713833519534.24
8 204099729667.27722 1.54032422845e+29 65713833519534.24
8 204160979667.27722 1.5359834189e+29 65713833519534.24
8 204222229667.27722 1.53163990023e+29 65713833519534.24
8 204283479667.27722 1.52729034049e+29 65713833519534.24
8 204344729667.27722 1.52293473685e+29 64975886178363.44
8 204405979667.27722 1.51857308646e+29 64975886178363.44
8 204467229667.27722 1.5142075341e+29 64975886178363.44
8 204529104667.27722 1.5406431404e+29 64975886178363.44
8 204591604667.27722 1.53613974802e+29 64975886178363.44
8 204654104667.27722 1.53162998871e+29 64975886178363.44
8 204716604667.27722 1.52711385942e+29 64248636893849.59
8 204779104667.27722 1.52259135711e+29 64248636893849.59
8 204841604667.27722 1.5180627952e+29 64248636893849.59
8 204904104667.27722 1.51356202708e+29 64248636893849.59
8 204967229667.27722 1.53921374463e+29 64248636893849.59
8 205030979667.27722 1.534541826e+29 64248636893849.59
8 205094729667.27722 1.52986320255e+29 63531658660760.3
8 205158479667.27722 1.52517787101e+29 63531658660760.3
8 205222229667.27722 1.52048616587e+29 63531658660760.3
8 205285979667.27722 1.51582334403e+29 63531658660760.3
8 205350354667.27722 1.54076219831e+29 63531658660760.3
8 205415354667.27722 1.53592558727e+29 63531658660760.3
8 205480354667.27722 1.53108192719e+29 62824548777535.82
8 205545354667.27722 1.52623121458e+29 62824548777535.82
8 205610354667.27722 1.52137608365e+29 62824548777535.82
8 205675354667.27722 1.51655747809e+29 62824548777535.82
8 205740354667.27722 1.51174732406e+29 62824548777535.82
8 205805979667.27722 1.53586235257e+29 62824548777535.82
8 205872229667.27722 1.53085075065e+29 62127108572544.6
8 205938479667.27722 1.52583174183e+29 62127108572544.6
8 206004729667.27722 1.52081798945e+29 62127108572544.6
8 206070979667.27722 1.51584320798e+29 62127108572544.6
8 206137854667.27722 1.53932435444e+29 62127108572544.6
8 206205354667.27722 1.53414912243e+29 61439472102691.56
8 206272854667.27722 1.52896612268e+29 61439472102691.56
8 206340354667.27722 1.52377613697e+29 61439472102691.56
8 206407854667.27722 1.51861936084e+29 61439472102691.56
8 206475354667.27722 1.51347802173e+29 61439472102691.56
8 206543479667.27722 1.53621239414e+29 61439472102691.56
8 206612229667.27722 1.53086274691e+29 60761808440018.29
8 206680979667.27722 1.52550495691e+29 60761808440018.29
8 206749729667.27722 1.52016191793e+29 60761808440018.29
8 206818479667.27722 1.51485313767e+29 60761808440018.29
8 206887854667.27722 1.53693410269e+29 60761808440018.29
8 206957854667.27722 1.53141460855e+29 60094216107130.76
8 207027854667.27722 1.52588658997e+29 60094216107130.76
8 207097854667.27722 1.52036513355e+29 60094216107130.76
8 207167854667.27722 1.51488356209e+29 60094216107130.76
8 207238479667.27722 1.53630080096e+29 60094216107130.76
8 207309729667.27722 1.53060782653e+29 59436467821511.445
8 207380979667.27722 1.52490593474e+29 59436467821511.445
8 207452229667.27722 1.51921012734e+29 59436467821511.445
8 207524104667.27722 1.54005803058e+29 59436467821511.445
8 207596604667.27722 1.53419738838e+29 59436467821511.445
8 207669104667.27722 1.52832742999e+29 58788209986321.99
8 207741604667.27722 1.52244815035e+29 58788209986321.99
8 207814104667.27722 1.51658296369e+29 58788209986321.99
8 207887229667.27722 1.53675052366e+29 58788209986321.99
8 207960979667.27722 1.53071053452e+29 58788209986321.99
8 208034729667.27722 1.52466081547e+29 58149073688314.37
8 208108479667.27722 1.51860176853e+29 58149073688314.37
8 208182854667.27722 1.53816116388e+29 58149073688314.37
8 208257854667.27722 1.53194914541e+29 58149073688314.37
8 208332854667.27722 1.52572697898e+29 57518923531102.11
8 208407854667.27722 1.51949465888e+29 57518923531102.11
8 208482854667.27722 1.5132630119e+29 57518923531102.11
8 208558479667.27722 1.53214207869e+29 57518923531102.11
8 208634729667.27722 1.52574513493e+29 57518923531102.11
8 208710979667.27722 1.51933760909e+29 56897815459078.42
8 208787854667.27722 1.53766840995e+29 56897815459078.42
8 208865354667.27722 1.53107401649e+29 56897815459078.42
8 208942854667.27722 1.52449914335e+29 56897815459078.42
8 209020354667.27722 1.51791324874e+29 56285850944378.52
8 209098479667.27722 1.53563827625e+29 56285850944378.52
8 209177229667.27722 1.52884177466e+29 56285850944378.52
8 209255979667.27722 1.52208484471e+29 56285850944378.52
8 209325354667.27722 1.53931576154e+29 55682969469608.42
8 209385354667.27722 1.53407012156e+29 55682969469608.42
8 209445354667.27722 1.52881881882e+29 55682969469608.42
8 209505354667.27722 1.52359261789e+29 55682969469608.42
8 209565354667.27722 1.51838674311e+29 55682969469608.42
8 209625354667.27722 1.51317473083e+29 55682969469608.42
8 209695979667.27722 1.53146255363e+29 55088872701732.25
8 209777229667.27722 1.52427469597e+29 55088872701732.25
8 209859104667.27722 1.54040896611e+29 55088872701732.25
8 209941604667.27722 1.53305712131e+29 55088872701732.25
8 210024104667.27722 1.52569228976e+29 54503223868339.36
8 210106604667.27722 1.51831629107e+29 54503223868339.36
8 210189729667.27722 1.53382089663e+29 54503223868339.36
8 210273479667.27722 1.52627799561e+29 54503223868339.36
8 210357854667.27722 1.54133179966e+29 53925761264019.41
8 210442854667.27722 1.5335420927e+29 53925761264019.41
8 210527854667.27722 1.52580420326e+29 53925761264019.41
8 210612854667.27722 1.51806692595e+29 53356404683380.0
8 210698479667.27722 1.53246828482e+29 53356404683380.0
8 210784729667.27722 1.52449758787e+29 53356404683380.0
8 210871604667.27722 1.53849573065e+29 53356404683380.0
8 210959104667.27722 1.53032946184e+29 52795116035005.484
8 211046604667.27722 1.52214951833e+29 52795116035005.484
8 211134104667.27722 1.51401404373e+29 52795116035005.484
8 211222229667.27722 1.5273485421e+29 52795116035005.484
8 211311604667.27722 1.54031409005e+29 52241827660870.11
8 211401604667.27722 1.53171658721e+29 52241827660870.11
8 211491604667.27722 1.52317087329e+29 52241827660870.11
8 211581604667.27722 1.51461275249e+29 51696328915867.65
8 211672229667.27722 1.5269013595e+29 51696328915867.65
8 211764104667.27722 1.5388841461e+29 51696328915867.65
8 211856604667.27722 1.52989324232e+29 51158352242681.16
8 211949104667.27722 1.52088545027e+29 51158352242681.16
8 212041604667.27722 1.51191980782e+29 51158352242681.16
8 212134729667.27722 1.52322580895e+29 50627657808116.984
8 212229104667.27722 1.53414594359e+29 50627657808116.984
8 212324104667.27722 1.52472210141e+29 50627657808116.984
8 212419104667.27722 1.51533693645e+29 50627657808116.984
8 212514729667.27722 1.52568544818e+29 50104119412637.71
8 212611604667.27722 1.53568006059e+29 50104119412637.71
8 212709104667.27722 1.52584251594e+29 50104119412637.71
8 212806604667.27722 1.5159857679e+29 49587702464966.13
8 212904729667.27722 1.52539986401e+29 49587702464966.13
8 213004104667.27722 1.53447440967e+29 49587702464966.13
8 213104104667.27722 1.52415500677e+29 49078321942362.4
8 213204104667.27722 1.51387465021e+29 49078321942362.4
8 213305354667.27722 1.54108310827e+29 48575847766781.39
8 213407854667.27722 1.53029468539e+29 48575847766781.39
8 213510354667.27722 1.51956322503e+29 48575847766781.39
8 213613479667.27722 1.52717444973e+29 48080198516070.4
8 213717854667.27722 1.53438332592e+29 48080198516070.4
8 213822854667.27722 1.52318885413e+29 48080198516070.4
8 213927854667.27722 1.51198136086e+29 47591382015554.29
8 214034104667.27722 1.53639776541e+29 47591382015554.29
8 214141604667.27722 1.52471906004e+29 47109455977918.0
8 214249104667.27722 1.51302469083e+29 47109455977918.0
8 214357854667.27722 1.53617186039e+29 47109455977918.0
8 214467854667.27722 1.52398893162e+29 46634241285359.06
8 214577854667.27722 1.51183678364e+29 46634241285359.06
8 214689104667.27722 1.53367228162e+29 46165327180797.92
8 214801604667.27722 1.5210002057e+29 46165327180797.92
8 214915354667.27722 1.54177873884e+29 46165327180797.92
8 215030354667.27722 1.52860220791e+29 45702294547732.2
8 215145354667.27722 1.51549474947e+29 45702294547732.2
8 215261604667.27722 1.53491064105e+29 45244860797903.48
8 215379104667.27722 1.52127975911e+29 45244860797903.48
8 215487854667.27722 1.53961567874e+29 44793108151515.56
8 215587854667.27722 1.52780964545e+29 44793108151515.56
8 215687854667.27722 1.51605919123e+29 44793108151515.56
8 215799104667.27722 1.53548621234e+29 44347156450069.96
8 215921604667.27722 1.52084695205e+29 44347156450069.96
8 216045354667.27722 1.53680216339e+29 43907088373011.914
8 216170354667.27722 1.52163375522e+29 43907088373011.914
8 216296604667.27722 1.53645195426e+29 43472820737474.945
8 216424104667.27722 1.52075318145e+29 43472820737474.945
8 216552854667.27722 1.5344207459e+29 43044163254098.08
8 216682854667.27722 1.51819025626e+29 43044163254098.08
8 216814104667.27722 1.53069717972e+29 42620926750451.68
8 216946604667.27722 1.51393199462e+29 42202943616538.01
8 217080354667.27722 1.52527417251e+29 42202943616538.01
8 217216604667.27722 1.53572988238e+29 41790135607348.33
8 217354104667.27722 1.51782400684e+29 41790135607348.33
8 217492854667.27722 1.52707801418e+29 41382476662619.31
8 217634104667.27722 1.53542506973e+29 41382476662619.31
8 217776604667.27722 1.51637315835e+29 40979968998977.984
8 217920354667.27722 1.52350763316e+29 40582515749030.6
8 218066604667.27722 1.52969956164e+29 40582515749030.6
8 218215354667.27722 1.53492248755e+29 40189897486723.18
8 218365354667.27722 1.51414271664e+29 39801885623108.14
8 218516604667.27722 1.51816148583e+29 39801885623108.14
8 218670354667.27722 1.52120398778e+29 39418284512685.69
8 218826604667.27722 1.52328906195e+29 39039059896516.39
8 218975354667.27722 1.52440438677e+29 38664210186371.81
8 219126604667.27722 1.52745469605e+29 38664210186371.81
8 219290354667.27722 1.52661896685e+29 38293705913977.69
8 219456604667.27722 1.52479193394e+29 37927523804105.58
8 219625354667.27722 1.52196594382e+29 37565701493154.664
8 219797854667.27722 1.53993826966e+29 37565701493154.664
8 219972854667.27722 1.51289619919e+29 37208293564318.48
8 220150354667.27722 1.52806300026e+29 36855351311781.97
8 220332854667.27722 1.54102737305e+29 36506781467897.5
8 220519104667.27722 1.53154287287e+29 36162341434565.82
8 220707854667.27722 1.52103898019e+29 35821795819251.96
8 220900354667.27722 1.52891969472e+29 35484937095424.336
8 221087854667.27722 1.53453971579e+29 35151708418504.07
8 221280354667.27722 1.54132658957e+29 34822124730762.54
8 221486604667.27722 1.52427609703e+29 34496177377286.086
8 221697854667.27722 1.5416469138e+29 34173852584161.207
8 221915354667.27722 1.53810245388e+29 33855224916415.438
8 222137854667.27722 1.53222286385e+29 33229470750725.473
8 222365354667.27722 1.52400367137e+29 32922482213833.145
8 222597854667.27722 1.51344386937e+29 32619297566560.156
8 222837854667.27722 1.53135694296e+29 32023619409303.82
8 223085354667.27722 1.51430003954e+29 31730817557465.324
8 223340354667.27722 1.52378327183e+29 31155123701184.78
8 223605354667.27722 1.52805141446e+29 30872236066780.336
8 223870354667.27722 1.52706869629e+29 30316477045119.12
8 224145354667.27722 1.52504752896e+29 29774659626049.22
8 224440354667.27722 1.51361731234e+29 29247278125986.395
8 224747854667.27722 1.5205821419e+29 28733874713537.895
8 225070354667.27722 1.51909737068e+29 28233789943800.54
8 225410354667.27722 1.53049873939e+29 27746257776391.64
8 225770354667.27722 1.53003819379e+29 27037981084895.816
8 226150354667.27722 1.51771533481e+29 26359847111685.3
8 226555354667.27722 1.52880535277e+29 25710869483550.895
8 226990354667.27722 1.52064723003e+29 25088245375088.363
8 227460354667.27722 1.52306335255e+29 24296518407225.9
8 227975354667.27722 1.52478684359e+29 23549660599668.758
8 228535354667.27722 1.51362931247e+29 22503561535706.32
8 229170354667.27722 1.52395054881e+29 21534899220991.703
8 229925354667.27722 1.51675555974e+29 20346285774848.57
8 230865354667.27722 1.52021228449e+29 18866035349543.945
8 232225354667.27722 1.51983538099e+29 16510489410261.676
8 238165354667.27722 0.0 4915914443040.633
#
#
# runtime:  20625.4397771  seconds
