## fname ../data/sample_MESA_output/profile_wd2_1Msolar.data  masscut 0.95    N 8   mp (Ms) 1e-07   mp (g) 1.988e+26   RKstep 2.000e+04
#N    (ru+rl)/2 (cm)    M(g) contained in shell ru-rl   internal energy E (unlog)...ergs?
8 423691601.265 1.75326013563e+29 3.94366339197e+16
8 423741601.265 1.75213027054e+29 3.94147764213e+16
8 423791601.265 1.75099972562e+29 3.9392918923e+16
8 423841601.265 1.74986850074e+29 3.93710614247e+16
8 423891601.265 1.74873659577e+29 3.93492039264e+16
8 423941601.265 1.74760401059e+29 3.9327346428e+16
8 423991601.265 1.74647074505e+29 3.93054889297e+16
8 424041601.265 1.74533679904e+29 3.92836314314e+16
8 424091601.265 1.74420217243e+29 3.9261773933e+16
8 424141601.265 1.74306686508e+29 3.92399164347e+16
8 424191601.265 1.74193087687e+29 3.92180589364e+16
8 424241601.265 1.74079420767e+29 3.9196201438e+16
8 424291601.265 1.73965685734e+29 3.91743439397e+16
8 424341601.265 1.73851882577e+29 3.91524864414e+16
8 424391601.265 1.73738011281e+29 3.9130628943e+16
8 424441601.265 1.73624071835e+29 3.91087714447e+16
8 424491601.265 1.73510064225e+29 3.90869139464e+16
8 424541601.265 1.73395988439e+29 3.9065056448e+16
8 424591601.265 1.73281844463e+29 3.90431989497e+16
8 424641601.265 1.73167632285e+29 3.90213414514e+16
8 424691601.265 1.73053351892e+29 3.89994839531e+16
8 424741601.265 1.7293900327e+29 3.89776264547e+16
8 424791601.265 1.72824586407e+29 3.89557689564e+16
8 424841601.265 1.72710101291e+29 3.89339114581e+16
8 424891601.265 1.72595547907e+29 3.89120539597e+16
8 424941601.265 1.7248145827e+29 3.88902265501e+16
8 424991601.265 1.72368719306e+29 3.88684925261e+16
8 425041601.265 1.72256341165e+29 3.8846758502e+16
8 425091601.265 1.72143895825e+29 3.8825024478e+16
8 425141601.265 1.72031383273e+29 3.88032904539e+16
8 425191601.265 1.71918803498e+29 3.87815564299e+16
8 425241601.265 1.71806156486e+29 3.87598224059e+16
8 425291601.265 1.71693442224e+29 3.87380883818e+16
8 425341601.265 1.71580660701e+29 3.87163543578e+16
8 425391601.265 1.71467811902e+29 3.86946203337e+16
8 425441601.265 1.71354895816e+29 3.86728863097e+16
8 425491601.265 1.7124191243e+29 3.86511522857e+16
8 425541601.265 1.71128861731e+29 3.86294182616e+16
8 425591601.265 1.71015743707e+29 3.86076842376e+16
8 425641601.265 1.70902558344e+29 3.85859502135e+16
8 425691601.265 1.7078930563e+29 3.85642161895e+16
8 425741601.265 1.70675985552e+29 3.85424821655e+16
8 425791601.265 1.70562598098e+29 3.85207481414e+16
8 425841601.265 1.70449143255e+29 3.84990141174e+16
8 425891601.265 1.7033562101e+29 3.84772800933e+16
8 425941601.265 1.70222031351e+29 3.84555460693e+16
8 425991601.265 1.70108374264e+29 3.84338120453e+16
8 426041601.265 1.69994649738e+29 3.84120780212e+16
8 426091601.265 1.69880857759e+29 3.83903439972e+16
8 426141601.265 1.69766998315e+29 3.83686099731e+16
8 426191601.265 1.69653071392e+29 3.83468759491e+16
8 426241601.265 1.69539377093e+29 3.83251464373e+16
8 426291601.265 1.69427027011e+29 3.83035390207e+16
8 426341601.265 1.69315306146e+29 3.82819316042e+16
8 426391601.265 1.69203518881e+29 3.82603241876e+16
8 426441601.265 1.69091665206e+29 3.8238716771e+16
8 426491601.265 1.68979745106e+29 3.82171093545e+16
8 426541601.265 1.6886775857e+29 3.81955019379e+16
8 426591601.265 1.68755705585e+29 3.81738945214e+16
8 426641601.265 1.68643586138e+29 3.81522871048e+16
8 426691601.265 1.68531400218e+29 3.81306796882e+16
8 426741601.265 1.68419147811e+29 3.81090722717e+16
8 426791601.265 1.68306828905e+29 3.80874648551e+16
8 426841601.265 1.68194443487e+29 3.80658574386e+16
8 426891601.265 1.68081991545e+29 3.8044250022e+16
8 426941601.265 1.67969473068e+29 3.80226426055e+16
8 426991601.265 1.67856888041e+29 3.80010351889e+16
8 427041601.265 1.67744236452e+29 3.79794277723e+16
8 427091601.265 1.6763151829e+29 3.79578203558e+16
8 427141601.265 1.67518733541e+29 3.79362129392e+16
8 427191601.265 1.67405882193e+29 3.79146055227e+16
8 427241601.265 1.67292964234e+29 3.78929981061e+16
8 427291601.265 1.6717997965e+29 3.78713906895e+16
8 427341601.265 1.6706692843e+29 3.7849783273e+16
8 427391601.265 1.66953810562e+29 3.78281758564e+16
8 427441601.265 1.66840626031e+29 3.78065684399e+16
8 427491601.265 1.66727374827e+29 3.77849610233e+16
8 427541601.265 1.66614056936e+29 3.77633536068e+16
8 427591601.265 1.66501366219e+29 3.77417899424e+16
8 427641601.265 1.66390047198e+29 3.77203061692e+16
8 427691601.265 1.66278979608e+29 3.76988223961e+16
8 427741601.265 1.66167846427e+29 3.76773386229e+16
8 427791601.265 1.66056647643e+29 3.76558548498e+16
8 427841601.265 1.65945383244e+29 3.76343710767e+16
8 427891601.265 1.65834053217e+29 3.76128873035e+16
8 427941601.265 1.65722657551e+29 3.75914035304e+16
8 427991601.265 1.65611196232e+29 3.75699197572e+16
8 428041601.265 1.65499669248e+29 3.75484359841e+16
8 428091601.265 1.65388076588e+29 3.7526952211e+16
8 428141601.265 1.65276418239e+29 3.75054684378e+16
8 428191601.265 1.65164694188e+29 3.74839846647e+16
8 428241601.265 1.65052904423e+29 3.74625008915e+16
8 428291601.265 1.64941048933e+29 3.74410171184e+16
8 428341601.265 1.64829127704e+29 3.74195333452e+16
8 428391601.265 1.64717140724e+29 3.73980495721e+16
8 428441601.265 1.64605087982e+29 3.7376565799e+16
8 428491601.265 1.64492969464e+29 3.73550820258e+16
8 428541601.265 1.64380785159e+29 3.73335982527e+16
8 428591601.265 1.64268535054e+29 3.73121144795e+16
8 428641601.265 1.64156219137e+29 3.72906307064e+16
8 428691601.265 1.64043837396e+29 3.72691469332e+16
8 428741601.265 1.63931389817e+29 3.72476631601e+16
8 428791601.265 1.6381887639e+29 3.7226179387e+16
8 428841601.265 1.63706297101e+29 3.72046956138e+16
8 428891601.265 1.63593651939e+29 3.71832118407e+16
8 428941601.265 1.63481408046e+29 3.71617502414e+16
8 428991601.265 1.63370581502e+29 3.71403934723e+16
8 429041601.265 1.63260220246e+29 3.71190367032e+16
8 429091601.265 1.63149794223e+29 3.70976799341e+16
8 429141601.265 1.63039303422e+29 3.70763231651e+16
8 429191601.265 1.62928747831e+29 3.7054966396e+16
8 429241601.265 1.62818127438e+29 3.70336096269e+16
8 429291601.265 1.6270744223e+29 3.70122528578e+16
8 429341601.265 1.62596692196e+29 3.69908960887e+16
8 429391601.265 1.62485877322e+29 3.69695393197e+16
8 429441601.265 1.62374997598e+29 3.69481825506e+16
8 429491601.265 1.62264053011e+29 3.69268257815e+16
8 429541601.265 1.6215304355e+29 3.69054690124e+16
8 429591601.265 1.62041969201e+29 3.68841122434e+16
8 429641601.265 1.61930829953e+29 3.68627554743e+16
8 429691601.265 1.61819625793e+29 3.68413987052e+16
8 429741601.265 1.6170835671e+29 3.68200419361e+16
8 429791601.265 1.61597022692e+29 3.6798685167e+16
8 429841601.265 1.61485623726e+29 3.6777328398e+16
8 429891601.265 1.61374159801e+29 3.67559716289e+16
8 429941601.265 1.61262630904e+29 3.67346148598e+16
8 429991601.265 1.61151037023e+29 3.67132580907e+16
8 430041601.265 1.61039378146e+29 3.66919013217e+16
8 430091601.265 1.60927654261e+29 3.66705445526e+16
8 430141601.265 1.60815865356e+29 3.66491877835e+16
8 430191601.265 1.60704011418e+29 3.66278310144e+16
8 430241601.265 1.60592092436e+29 3.66064742453e+16
8 430291601.265 1.60480115952e+29 3.65851174763e+16
8 430341601.265 1.6036896316e+29 3.65638219549e+16
8 430391601.265 1.6025914485e+29 3.65425949198e+16
8 430441601.265 1.60149482122e+29 3.65213678847e+16
8 430491601.265 1.60039755457e+29 3.65001408495e+16
8 430541601.265 1.59929964845e+29 3.64789138144e+16
8 430591601.265 1.59820110273e+29 3.64576867793e+16
8 430641601.265 1.5971019173e+29 3.64364597442e+16
8 430691601.265 1.59600209204e+29 3.6415232709e+16
8 430741601.265 1.59490162683e+29 3.63940056739e+16
8 430791601.265 1.59380052154e+29 3.63727786388e+16
8 430841601.265 1.59269877607e+29 3.63515516037e+16
8 430891601.265 1.59159639029e+29 3.63303245685e+16
8 430941601.265 1.59049336408e+29 3.63090975334e+16
8 430991601.265 1.58938969732e+29 3.62878704983e+16
8 431041601.265 1.5882853899e+29 3.62666434632e+16
8 431091601.265 1.58718044169e+29 3.6245416428e+16
8 431141601.265 1.58607485258e+29 3.62241893929e+16
8 431191601.265 1.58496862245e+29 3.62029623578e+16
8 431241601.265 1.58386175118e+29 3.61817353227e+16
8 431291601.265 1.58275423865e+29 3.61605082876e+16
8 431341601.265 1.58164608474e+29 3.61392812524e+16
8 431391601.265 1.58053728933e+29 3.61180542173e+16
8 431441601.265 1.5794278523e+29 3.60968271822e+16
8 431491601.265 1.57831777354e+29 3.60756001471e+16
8 431541601.265 1.57720705292e+29 3.60543731119e+16
8 431591601.265 1.57609569033e+29 3.60331460768e+16
8 431641601.265 1.57498368565e+29 3.60119190417e+16
8 431691601.265 1.57387103876e+29 3.59906920066e+16
8 431741601.265 1.5726814076e+29 3.59682650807e+16
8 431791601.265 1.57127349582e+29 3.59415447795e+16
8 431841601.265 1.5697951485e+29 3.59148244783e+16
8 431891601.265 1.56831599003e+29 3.5888104177e+16
8 431941601.265 1.56683602027e+29 3.58613838758e+16
8 431991601.265 1.56535523906e+29 3.58346635745e+16
8 432041601.265 1.56387364627e+29 3.58079432733e+16
8 432091601.265 1.56239124173e+29 3.57812229721e+16
8 432141601.265 1.56090802531e+29 3.57545026708e+16
8 432191601.265 1.55942399685e+29 3.57277823696e+16
8 432241601.265 1.55793915621e+29 3.57010620684e+16
8 432291601.265 1.55645350324e+29 3.56743417671e+16
8 432341601.265 1.55496703779e+29 3.56476214659e+16
8 432391601.265 1.55347975971e+29 3.56209011646e+16
8 432441601.265 1.55199166885e+29 3.55941808634e+16
8 432491601.265 1.55050276507e+29 3.55674605622e+16
8 432541601.265 1.54901304821e+29 3.55407402609e+16
8 432591601.265 1.54752251814e+29 3.55140199597e+16
8 432641601.265 1.54603182131e+29 3.54872996585e+16
8 432691601.265 1.54467407613e+29 3.54630518967e+16
8 432741601.265 1.54354449539e+29 3.54419692712e+16
8 432791601.265 1.54245334026e+29 3.54208866457e+16
8 432841601.265 1.5413615572e+29 3.53998040202e+16
8 432891601.265 1.5402691461e+29 3.53787213947e+16
8 432941601.265 1.53917610685e+29 3.53576387691e+16
8 432991601.265 1.53808243932e+29 3.53365561436e+16
8 433041601.265 1.53698814341e+29 3.53154735181e+16
8 433091601.265 1.53589321898e+29 3.52943908926e+16
8 433141601.265 1.53479766594e+29 3.5273308267e+16
8 433191601.265 1.53370148416e+29 3.52522256415e+16
8 433241601.265 1.53260467353e+29 3.5231143016e+16
8 433291601.265 1.53150723393e+29 3.52100603905e+16
8 433341601.265 1.53040916524e+29 3.5188977765e+16
8 433391601.265 1.52931046736e+29 3.51678951394e+16
8 433441601.265 1.52821114016e+29 3.51468125139e+16
8 433491601.265 1.52711118352e+29 3.51257298884e+16
8 433551601.265 1.90723795845e+29 3.51004307378e+16
8 433611601.265 1.90558769726e+29 3.50751315871e+16
8 433671601.265 1.90394973705e+29 3.50499214692e+16
8 433731601.265 1.90232067447e+29 3.50247290378e+16
8 433791601.265 1.9006906323e+29 3.49995366065e+16
8 433851601.265 1.89905946978e+29 3.49743441751e+16
8 433911601.265 1.89742718665e+29 3.49491517438e+16
8 433971601.265 1.89579378268e+29 3.49239593124e+16
8 434031601.265 1.89415925761e+29 3.4898766881e+16
8 434091601.265 1.89252361119e+29 3.48735744497e+16
8 434151601.265 1.89088684319e+29 3.48483820183e+16
8 434211601.265 1.88924895334e+29 3.4823189587e+16
8 434271601.265 1.88760994141e+29 3.47979971556e+16
8 434331601.265 1.88596980715e+29 3.47728047243e+16
8 434391601.265 1.8843285503e+29 3.47476122929e+16
8 434451601.265 1.88268617062e+29 3.47224198616e+16
8 434511601.265 1.88104266787e+29 3.46972274302e+16
8 434571601.265 1.87939938346e+29 3.46720349988e+16
8 434631601.265 1.87776776072e+29 3.46469213494e+16
8 434691601.265 1.87614615179e+29 3.46218343855e+16
8 434751601.265 1.87452394692e+29 3.45967474216e+16
8 434811601.265 1.87290063198e+29 3.45716604576e+16
8 434871601.265 1.87127620671e+29 3.45465734937e+16
8 434931601.265 1.86965067088e+29 3.45214865298e+16
8 434991601.265 1.86802402423e+29 3.44963995658e+16
8 435051601.265 1.86639626652e+29 3.44713126019e+16
8 435111601.265 1.86476739752e+29 3.4446225638e+16
8 435171601.265 1.86313741696e+29 3.4421138674e+16
8 435231601.265 1.86150632462e+29 3.43960517101e+16
8 435291601.265 1.85987412024e+29 3.43709647462e+16
8 435351601.265 1.85824080358e+29 3.43458777822e+16
8 435411601.265 1.85660637439e+29 3.43207908183e+16
8 435471601.265 1.85497083243e+29 3.42957038543e+16
8 435531601.265 1.85333569043e+29 3.42706168904e+16
8 435591601.265 1.85186848088e+29 3.4247840543e+16
8 435651601.265 1.85066039976e+29 3.4228147692e+16
8 435711601.265 1.84949850612e+29 3.42084548411e+16
8 435771601.265 1.84833576179e+29 3.41887619901e+16
8 435831601.265 1.84717216658e+29 3.41690691392e+16
8 435891601.265 1.8460077203e+29 3.41493762882e+16
8 435951601.265 1.84484242277e+29 3.41296834373e+16
8 436011601.265 1.84367627378e+29 3.41099905863e+16
8 436071601.265 1.84250927316e+29 3.40902977353e+16
8 436131601.265 1.84134142071e+29 3.40706048844e+16
8 436191601.265 1.84017271624e+29 3.40509120334e+16
8 436251601.265 1.83900315956e+29 3.40312191825e+16
8 436311601.265 1.83783275049e+29 3.40115263315e+16
8 436371601.265 1.83666148882e+29 3.39918334806e+16
8 436431601.265 1.83548937437e+29 3.39721406296e+16
8 436491601.265 1.83431640696e+29 3.39524477786e+16
8 436551601.265 1.83314258638e+29 3.39327549277e+16
8 436611601.265 1.83196791246e+29 3.39130620767e+16
8 436671601.265 1.83079238499e+29 3.38933692258e+16
8 436731601.265 1.82961600379e+29 3.38736763748e+16
8 436791601.265 1.82843876867e+29 3.38539835239e+16
8 436851601.265 1.82726067944e+29 3.38342906729e+16
8 436911601.265 1.82608173591e+29 3.38145978219e+16
8 436971601.265 1.82490193789e+29 3.3794904971e+16
8 437031601.265 1.82372128518e+29 3.377521212e+16
8 437091601.265 1.82253977761e+29 3.37555192691e+16
8 437151601.265 1.82135741497e+29 3.37358264181e+16
8 437211601.265 1.82017419708e+29 3.37161335672e+16
8 437271601.265 1.8189721673e+29 3.36964407162e+16
8 437331601.265 1.81757613683e+29 3.36731954692e+16
8 437391601.265 1.81600206567e+29 3.36485492429e+16
8 437451601.265 1.81441700435e+29 3.36239030165e+16
8 437511601.265 1.81283086828e+29 3.35992567901e+16
8 437571601.265 1.81124365725e+29 3.35746105637e+16
8 437631601.265 1.809655371e+29 3.35499643373e+16
8 437691601.265 1.8080660093e+29 3.35253181109e+16
8 437751601.265 1.80647557193e+29 3.35006718845e+16
8 437811601.265 1.80488405863e+29 3.34760256582e+16
8 437871601.265 1.80329146919e+29 3.34513794318e+16
8 437931601.265 1.80169780336e+29 3.34267332054e+16
8 437991601.265 1.80010306091e+29 3.3402086979e+16
8 438051601.265 1.79850724161e+29 3.33774407526e+16
8 438111601.265 1.79691034521e+29 3.33527945262e+16
8 438171601.265 1.79531237148e+29 3.33281482998e+16
8 438231601.265 1.7937133202e+29 3.33035020735e+16
8 438291601.265 1.79211319111e+29 3.32788558471e+16
8 438351601.265 1.790511984e+29 3.32542096207e+16
8 438411601.265 1.78890969861e+29 3.32295633943e+16
8 438471601.265 1.78730633473e+29 3.32049171679e+16
8 438531601.265 1.7857018921e+29 3.31802709415e+16
8 438591601.265 1.78409637051e+29 3.31556247151e+16
8 438651601.265 1.7824897697e+29 3.31309784888e+16
8 438711601.265 1.78088208945e+29 3.31063322624e+16
8 438771601.265 1.77927332952e+29 3.3081686036e+16
8 438831601.265 1.77766348968e+29 3.30570398096e+16
8 438891601.265 1.77605256969e+29 3.30323935832e+16
8 438951601.265 1.77444056932e+29 3.30077473568e+16
8 439011601.265 1.77282748833e+29 3.29831011304e+16
8 439071601.265 1.7711780421e+29 3.29579662505e+16
8 439131601.265 1.76944468825e+29 3.29312795741e+16
8 439191601.265 1.76768530771e+29 3.29045928977e+16
8 439251601.265 1.76592476745e+29 3.28779062213e+16
8 439311601.265 1.76416306721e+29 3.2851219545e+16
8 439371601.265 1.76240020675e+29 3.28245328686e+16
8 439431601.265 1.76063618581e+29 3.27978461922e+16
8 439491601.265 1.75887100414e+29 3.27711595159e+16
8 439551601.265 1.75710466149e+29 3.27444728395e+16
8 439611601.265 1.75533715761e+29 3.27177861631e+16
8 439671601.265 1.75356849224e+29 3.26910994868e+16
8 439731601.265 1.75179866515e+29 3.26644128104e+16
8 439791601.265 1.75002767607e+29 3.2637726134e+16
8 439851601.265 1.74825552475e+29 3.26110394576e+16
8 439911601.265 1.74648221094e+29 3.25843527813e+16
8 439971601.265 1.7447077344e+29 3.25576661049e+16
8 440031601.265 1.74293209487e+29 3.25309794285e+16
8 440091601.265 1.7411552921e+29 3.25042927522e+16
8 440151601.265 1.73937732583e+29 3.24776060758e+16
8 440211601.265 1.73759819583e+29 3.24509193994e+16
8 440271601.265 1.73581790183e+29 3.24242327231e+16
8 440331601.265 1.73403644358e+29 3.23975460467e+16
8 440391601.265 1.73225382084e+29 3.23708593703e+16
8 440451601.265 1.73047003335e+29 3.23441726939e+16
8 440511601.265 1.72868508086e+29 3.23174860176e+16
8 440571601.265 1.72690610025e+29 3.22907993412e+16
8 440631601.265 1.7252307182e+29 3.22656637771e+16
8 440691601.265 1.72366103164e+29 3.22413434919e+16
8 440751601.265 1.72209845407e+29 3.22170232068e+16
8 440811601.265 1.72053483385e+29 3.21927029217e+16
8 440871601.265 1.71897017075e+29 3.21683826366e+16
8 440931601.265 1.71740446454e+29 3.21440623515e+16
8 440991601.265 1.715837715e+29 3.21197420664e+16
8 441051601.265 1.7142699219e+29 3.20954217812e+16
8 441111601.265 1.71270108502e+29 3.20711014961e+16
8 441171601.265 1.71113120413e+29 3.2046781211e+16
8 441231601.265 1.70956027901e+29 3.20224609259e+16
8 441291601.265 1.70798830942e+29 3.19981406408e+16
8 441351601.265 1.70641529515e+29 3.19738203557e+16
8 441411601.265 1.70484123596e+29 3.19495000706e+16
8 441471601.265 1.70326613164e+29 3.19251797854e+16
8 441531601.265 1.70168998195e+29 3.19008595003e+16
8 441591601.265 1.70011278667e+29 3.18765392152e+16
8 441651601.265 1.69853454557e+29 3.18522189301e+16
8 441711601.265 1.69695525843e+29 3.1827898645e+16
8 441771601.265 1.69537492502e+29 3.18035783599e+16
8 441831601.265 1.69379354511e+29 3.17792580748e+16
8 441891601.265 1.69221111849e+29 3.17549377896e+16
8 441951601.265 1.69062764491e+29 3.17306175045e+16
8 442011601.265 1.68904312417e+29 3.17062972194e+16
8 442071601.265 1.68745755603e+29 3.16819769343e+16
8 442131601.265 1.68587209512e+29 3.16576566492e+16
8 442191601.265 1.68440007301e+29 3.1634872147e+16
8 442251601.265 1.68309815743e+29 3.16140191678e+16
8 442311601.265 1.68182480634e+29 3.15931661886e+16
8 442371601.265 1.68055057837e+29 3.15723132093e+16
8 442431601.265 1.67927547334e+29 3.15514602301e+16
8 442491601.265 1.67799949105e+29 3.15306072509e+16
8 442551601.265 1.67672263132e+29 3.15097542717e+16
8 442611601.265 1.67544489396e+29 3.14889012925e+16
8 442671601.265 1.67416627876e+29 3.14680483133e+16
8 442731601.265 1.67288678555e+29 3.14471953341e+16
8 442791601.265 1.67160641412e+29 3.14263423549e+16
8 442851601.265 1.6703251643e+29 3.14054893757e+16
8 442911601.265 1.66904303588e+29 3.13846363965e+16
8 442971601.265 1.66776002868e+29 3.13637834173e+16
8 443031601.265 1.66647614251e+29 3.13429304381e+16
8 443091601.265 1.66519137717e+29 3.13220774589e+16
8 443151601.265 1.66390573248e+29 3.13012244797e+16
8 443211601.265 1.66261920824e+29 3.12803715005e+16
8 443271601.265 1.66133180426e+29 3.12595185212e+16
8 443331601.265 1.66004352035e+29 3.1238665542e+16
8 443391601.265 1.65875435633e+29 3.12178125628e+16
8 443451601.265 1.65746431199e+29 3.11969595836e+16
8 443511601.265 1.65617338715e+29 3.11761066044e+16
8 443571601.265 1.65488158161e+29 3.11552536252e+16
8 443631601.265 1.6535888952e+29 3.1134400646e+16
8 443691601.265 1.6522953277e+29 3.11135476668e+16
8 443751601.265 1.65100087895e+29 3.10926946876e+16
8 443811601.265 1.64970554873e+29 3.10718417084e+16
8 443871601.265 1.64840933687e+29 3.10509887292e+16
8 443931601.265 1.64711224316e+29 3.103013575e+16
8 443991601.265 1.64581426743e+29 3.10092827708e+16
8 444051601.265 1.64451540947e+29 3.09884297916e+16
8 444111601.265 1.64321566911e+29 3.09675768123e+16
8 444171601.265 1.64191504614e+29 3.09467238331e+16
8 444231601.265 1.64061354037e+29 3.09258708539e+16
8 444291601.265 1.63931115162e+29 3.09050178747e+16
8 444351601.265 1.63800200162e+29 3.08841648955e+16
8 444411601.265 1.63622996577e+29 3.08561484585e+16
8 444471601.265 1.63381400747e+29 3.0820355268e+16
8 444531601.265 1.63130029835e+29 3.07845620775e+16
8 444591601.265 1.62878505332e+29 3.07487688869e+16
8 444651601.265 1.62626827207e+29 3.07129756964e+16
8 444711601.265 1.62374995428e+29 3.06771825059e+16
8 444771601.265 1.62123009961e+29 3.06413893153e+16
8 444831601.265 1.61870870774e+29 3.06055961248e+16
8 444891601.265 1.61618577836e+29 3.05698029343e+16
8 444951601.265 1.61366131113e+29 3.05340097437e+16
8 445011601.265 1.61113530575e+29 3.04982165532e+16
8 445071601.265 1.60860776187e+29 3.04624233627e+16
8 445131601.265 1.60607867919e+29 3.04266301721e+16
8 445191601.265 1.60354805737e+29 3.03908369816e+16
8 445251601.265 1.6010158961e+29 3.03550437911e+16
8 445311601.265 1.59848219505e+29 3.03192506005e+16
8 445371601.265 1.5959469539e+29 3.028345741e+16
8 445431601.265 1.59341017232e+29 3.02476642195e+16
8 445491601.265 1.59087700793e+29 3.02118710289e+16
8 445551601.265 1.58873372282e+29 3.01818742895e+16
8 445611601.265 1.58712673566e+29 3.01580029997e+16
8 445671601.265 1.58559696814e+29 3.01341317099e+16
8 445731601.265 1.58406620408e+29 3.01102604201e+16
8 445791601.265 1.58253444329e+29 3.00863891303e+16
8 445851601.265 1.58100168554e+29 3.00625178405e+16
8 445911601.265 1.57946793064e+29 3.00386465507e+16
8 445971601.265 1.57793317835e+29 3.00147752608e+16
8 446031601.265 1.57639742847e+29 2.9990903971e+16
8 446091601.265 1.57486068079e+29 2.99670326812e+16
8 446151601.265 1.5733229351e+29 2.99431613914e+16
8 446211601.265 1.57178419117e+29 2.99192901016e+16
8 446271601.265 1.57024444881e+29 2.98954188118e+16
8 446331601.265 1.56870370779e+29 2.9871547522e+16
8 446391601.265 1.5671619679e+29 2.98476762322e+16
8 446451601.265 1.56561922893e+29 2.98238049424e+16
8 446511601.265 1.56407549067e+29 2.97999336526e+16
8 446571601.265 1.5625307529e+29 2.97760623628e+16
8 446631601.265 1.56098501542e+29 2.9752191073e+16
8 446691601.265 1.55947782819e+29 2.97286191042e+16
8 446751601.265 1.55809155558e+29 2.97070573851e+16
8 446811601.265 1.5567516671e+29 2.9685495666e+16
8 446871601.265 1.55541089023e+29 2.96639339469e+16
8 446931601.265 1.55406922476e+29 2.96423722278e+16
8 446991601.265 1.55272667051e+29 2.96208105086e+16
8 447051601.265 1.55138322729e+29 2.95992487895e+16
8 447111601.265 1.5500388949e+29 2.95776870704e+16
8 447171601.265 1.54869367317e+29 2.95561253513e+16
8 447231601.265 1.54734756189e+29 2.95345636322e+16
8 447291601.265 1.54600056088e+29 2.9513001913e+16
8 447351601.265 1.54465266995e+29 2.94914401939e+16
8 447411601.265 1.54330388891e+29 2.94698784748e+16
8 447471601.265 1.54195421756e+29 2.94483167557e+16
8 447531601.265 1.54060365572e+29 2.94267550366e+16
8 447591601.265 1.53925220319e+29 2.94051933175e+16
8 447651601.265 1.53789985979e+29 2.93836315983e+16
8 447711601.265 1.53654662533e+29 2.93620698792e+16
8 447771601.265 1.53519249961e+29 2.93405081601e+16
8 447831601.265 1.53383748245e+29 2.9318946441e+16
8 447891601.265 1.53248157365e+29 2.92973847219e+16
8 447951601.265 1.53112477302e+29 2.92758230027e+16
8 448011601.265 1.52976708039e+29 2.92542612836e+16
8 448071601.265 1.52840849554e+29 2.92326995645e+16
8 448131601.265 1.5270337049e+29 2.92111378454e+16
8 448201601.265 1.83039767688e+29 2.91838087644e+16
8 448271601.265 1.82829737278e+29 2.9156355949e+16
8 448341601.265 1.82619519782e+29 2.91289031337e+16
8 448411601.265 1.82409144237e+29 2.91014503183e+16
8 448481601.265 1.82198610603e+29 2.90739975029e+16
8 448551601.265 1.81987918841e+29 2.90465446875e+16
8 448621601.265 1.81777068912e+29 2.90190918721e+16
8 448691601.265 1.81566060778e+29 2.89916390567e+16
8 448761601.265 1.81354894399e+29 2.89641862413e+16
8 448831601.265 1.81143569736e+29 2.89367334259e+16
8 448901601.265 1.80932086749e+29 2.89092806105e+16
8 448971601.265 1.807204454e+29 2.88818277951e+16
8 449041601.265 1.8050864565e+29 2.88543749798e+16
8 449111601.265 1.8029668746e+29 2.88269221644e+16
8 449181601.265 1.8008457079e+29 2.8799469349e+16
8 449251601.265 1.79872295601e+29 2.87720165336e+16
8 449321601.265 1.79659861854e+29 2.87445637182e+16
8 449391601.265 1.79447269511e+29 2.87171109028e+16
8 449461601.265 1.79234518531e+29 2.86896580874e+16
8 449531601.265 1.79021608877e+29 2.8662205272e+16
8 449601601.265 1.78808785372e+29 2.86347524566e+16
8 449671601.265 1.78598351662e+29 2.86074285962e+16
8 449741601.265 1.78390116851e+29 2.85801636398e+16
8 449811601.265 1.78181881459e+29 2.85528986833e+16
8 449881601.265 1.77973490501e+29 2.85256337269e+16
8 449951601.265 1.77764943938e+29 2.84983687704e+16
8 450021601.265 1.77556241731e+29 2.84711038139e+16
8 450091601.265 1.77347383844e+29 2.84438388575e+16
8 450161601.265 1.77138370236e+29 2.8416573901e+16
8 450231601.265 1.76929200871e+29 2.83893089446e+16
8 450301601.265 1.76719875709e+29 2.83620439881e+16
8 450371601.265 1.76510394712e+29 2.83347790317e+16
8 450441601.265 1.76300757842e+29 2.83075140752e+16
8 450511601.265 1.76090965061e+29 2.82802491187e+16
8 450581601.265 1.7588101633e+29 2.82529841623e+16
8 450651601.265 1.75670911611e+29 2.82257192058e+16
8 450721601.265 1.75460650866e+29 2.81984542494e+16
8 450791601.265 1.75250234056e+29 2.81711892929e+16
8 450861601.265 1.75039661142e+29 2.81439243364e+16
8 450931601.265 1.74828932088e+29 2.811665938e+16
8 451001601.265 1.74618046853e+29 2.80893944235e+16
8 451071601.265 1.74407005401e+29 2.80621294671e+16
8 451141601.265 1.74183336667e+29 2.80348645106e+16
8 451211601.265 1.73892497463e+29 2.79959522904e+16
8 451281601.265 1.73555008244e+29 2.79552487234e+16
8 451351601.265 1.73216816381e+29 2.79145451564e+16
8 451421601.265 1.7287838964e+29 2.78738415894e+16
8 451491601.265 1.72539727966e+29 2.78331380224e+16
8 451561601.265 1.72200831302e+29 2.77924344554e+16
8 451631601.265 1.71861699591e+29 2.77517308885e+16
8 451701601.265 1.71522332777e+29 2.77110273215e+16
8 451771601.265 1.71182730802e+29 2.76703237545e+16
8 451841601.265 1.70842893611e+29 2.76296201875e+16
8 451911601.265 1.70510473373e+29 2.75889166205e+16
8 451981601.265 1.70243948829e+29 2.75581789334e+16
8 452051601.265 1.70033724328e+29 2.75310587533e+16
8 452121601.265 1.6982615587e+29 2.75039385732e+16
8 452191601.265 1.69618434388e+29 2.74768183932e+16
8 452261601.265 1.69410559844e+29 2.74496982131e+16
8 452331601.265 1.69202532201e+29 2.7422578033e+16
8 452401601.265 1.68994351421e+29 2.7395457853e+16
8 452471601.265 1.68786017467e+29 2.73683376729e+16
8 452541601.265 1.68577530302e+29 2.73412174928e+16
8 452611601.265 1.68368889887e+29 2.73140973128e+16
8 452681601.265 1.68160453608e+29 2.72869771327e+16
8 452751601.265 1.67973707899e+29 2.72624723584e+16
8 452821601.265 1.67816950765e+29 2.72412328185e+16
8 452891601.265 1.67665267792e+29 2.72199932785e+16
8 452961601.265 1.67513466969e+29 2.71987537386e+16
8 453031601.265 1.67361548267e+29 2.71775141986e+16
8 453101601.265 1.67209511656e+29 2.71562746586e+16
8 453171601.265 1.67057357108e+29 2.71350351187e+16
8 453241601.265 1.66905084592e+29 2.71137955787e+16
8 453311601.265 1.66752694081e+29 2.70925560388e+16
8 453381601.265 1.66600185544e+29 2.70713164988e+16
8 453451601.265 1.66447558953e+29 2.70500769588e+16
8 453521601.265 1.66294814279e+29 2.70288374189e+16
8 453591601.265 1.66141951491e+29 2.70075978789e+16
8 453661601.265 1.65988970562e+29 2.6986358339e+16
8 453731601.265 1.65835871462e+29 2.6965118799e+16
8 453801601.265 1.65682654161e+29 2.6943879259e+16
8 453871601.265 1.65529318631e+29 2.69226397191e+16
8 453941601.265 1.65375864842e+29 2.69014001791e+16
8 454011601.265 1.65222292765e+29 2.68801606392e+16
8 454081601.265 1.65067191357e+29 2.68589210992e+16
8 454151601.265 1.64890354151e+29 2.68343778919e+16
8 454221601.265 1.64689940552e+29 2.68076130488e+16
8 454291601.265 1.6448711628e+29 2.67808482058e+16
8 454361601.265 1.64284143517e+29 2.67540833627e+16
8 454431601.265 1.64081022226e+29 2.67273185197e+16
8 454501601.265 1.63877752373e+29 2.67005536766e+16
8 454571601.265 1.63674333919e+29 2.66737888336e+16
8 454641601.265 1.6347076683e+29 2.66470239905e+16
8 454711601.265 1.63267051069e+29 2.66202591474e+16
8 454781601.265 1.63063186601e+29 2.65934943044e+16
8 454851601.265 1.62859173388e+29 2.65667294613e+16
8 454921601.265 1.62655011395e+29 2.65399646183e+16
8 454991601.265 1.62450700586e+29 2.65131997752e+16
8 455061601.265 1.62246240925e+29 2.64864349322e+16
8 455131601.265 1.62041632375e+29 2.64596700891e+16
8 455201601.265 1.618368749e+29 2.64329052461e+16
8 455271601.265 1.61631968465e+29 2.6406140403e+16
8 455341601.265 1.61426913032e+29 2.637937556e+16
8 455411601.265 1.61221708567e+29 2.63526107169e+16
8 455481601.265 1.61016355032e+29 2.63258458738e+16
8 455551601.265 1.60812161006e+29 2.62991241539e+16
8 455621601.265 1.60610625951e+29 2.62725412788e+16
8 455691601.265 1.60409786455e+29 2.62459584037e+16
8 455761601.265 1.60208800794e+29 2.62193755286e+16
8 455831601.265 1.60007668931e+29 2.61927926536e+16
8 455901601.265 1.59806390832e+29 2.61662097785e+16
8 455971601.265 1.59604966462e+29 2.61396269034e+16
8 456041601.265 1.59403395784e+29 2.61130440284e+16
8 456111601.265 1.59201678763e+29 2.60864611533e+16
8 456181601.265 1.58999815364e+29 2.60598782782e+16
8 456251601.265 1.58797805552e+29 2.60332954031e+16
8 456321601.265 1.58595649291e+29 2.60067125281e+16
8 456391601.265 1.58393346545e+29 2.5980129653e+16
8 456461601.265 1.5819089728e+29 2.59535467779e+16
8 456531601.265 1.57988301459e+29 2.59269639029e+16
8 456601601.265 1.57785559048e+29 2.59003810278e+16
8 456671601.265 1.5758267001e+29 2.58737981527e+16
8 456741601.265 1.57379634311e+29 2.58472152776e+16
8 456811601.265 1.57176451915e+29 2.58206324026e+16
8 456881601.265 1.56973122787e+29 2.57940495275e+16
8 456951601.265 1.56769652408e+29 2.57674666524e+16
8 457021601.265 1.56567619745e+29 2.57409445433e+16
8 457091601.265 1.56368248647e+29 2.57145486986e+16
8 457161601.265 1.56169406184e+29 2.56881528539e+16
8 457231601.265 1.55970419919e+29 2.56617570092e+16
8 457301601.265 1.55771289817e+29 2.56353611646e+16
8 457371601.265 1.55572015843e+29 2.56089653199e+16
8 457441601.265 1.55372597963e+29 2.55825694752e+16
8 457511601.265 1.55173036141e+29 2.55561736305e+16
8 457581601.265 1.54973330343e+29 2.55297777858e+16
8 457651601.265 1.54773480535e+29 2.55033819411e+16
8 457721601.265 1.54573486682e+29 2.54769860964e+16
8 457791601.265 1.54373348748e+29 2.54505902518e+16
8 457861601.265 1.541730667e+29 2.54241944071e+16
8 457931601.265 1.53972640502e+29 2.53977985624e+16
8 458001601.265 1.5377207012e+29 2.53714027177e+16
8 458071601.265 1.5357135552e+29 2.5345006873e+16
8 458141601.265 1.53370496665e+29 2.53186110283e+16
8 458211601.265 1.53169493523e+29 2.52922151837e+16
8 458281601.265 1.52968346057e+29 2.5265819339e+16
8 458351601.265 1.52767054234e+29 2.52394234943e+16
8 458431601.265 1.77959627113e+29 2.52092568146e+16
8 458511601.265 1.77658905256e+29 2.51777114475e+16
8 458591601.265 1.77269358406e+29 2.51326530573e+16
8 458671601.265 1.76842484503e+29 2.50875946671e+16
8 458751601.265 1.76415280382e+29 2.50425362768e+16
8 458831601.265 1.75987745955e+29 2.49974778866e+16
8 458911601.265 1.75559881131e+29 2.49524194964e+16
8 458991601.265 1.75131685823e+29 2.49073611061e+16
8 459071601.265 1.74703159941e+29 2.48623027159e+16
8 459151601.265 1.74274303395e+29 2.48172443257e+16
8 459231601.265 1.73847618637e+29 2.47721859355e+16
8 459311601.265 1.73487042314e+29 2.47342759554e+16
8 459391601.265 1.73210224371e+29 2.47042151435e+16
8 459471601.265 1.72946246068e+29 2.46741543316e+16
8 459551601.265 1.7268205238e+29 2.46440935197e+16
8 459631601.265 1.72417643246e+29 2.46140327078e+16
8 459711601.265 1.72153018608e+29 2.45839718959e+16
8 459791601.265 1.71888178407e+29 2.4553911084e+16
8 459871601.265 1.71623122583e+29 2.45238502721e+16
8 459951601.265 1.71357851079e+29 2.44937894602e+16
8 460031601.265 1.71092583716e+29 2.44637286483e+16
8 460111601.265 1.70828827352e+29 2.4433746061e+16
8 460191601.265 1.70566355892e+29 2.44037946236e+16
8 460271601.265 1.70303754432e+29 2.43738431862e+16
8 460351601.265 1.70040939452e+29 2.43438917488e+16
8 460431601.265 1.69777910893e+29 2.43139403114e+16
8 460511601.265 1.69514668698e+29 2.42839888739e+16
8 460591601.265 1.69251212806e+29 2.42540374365e+16
8 460671601.265 1.68987543162e+29 2.42240859991e+16
8 460751601.265 1.68723659705e+29 2.41941345617e+16
8 460831601.265 1.68459875509e+29 2.41641831243e+16
8 460911601.265 1.6819771407e+29 2.41343207773e+16
8 460991601.265 1.67936724092e+29 2.4104480389e+16
8 461071601.265 1.67675564134e+29 2.40746400007e+16
8 461151601.265 1.67414192555e+29 2.40447996125e+16
8 461231601.265 1.67152609299e+29 2.40149592242e+16
8 461311601.265 1.66890814306e+29 2.39851188359e+16
8 461391601.265 1.6662880752e+29 2.39552784477e+16
8 461471601.265 1.66366588882e+29 2.39254380594e+16
8 461551601.265 1.66104158336e+29 2.38955976711e+16
8 461631601.265 1.65841756902e+29 2.38657572829e+16
8 461711601.265 1.65580934163e+29 2.3835999393e+16
8 461791601.265 1.65321416114e+29 2.38062717994e+16
8 461871601.265 1.6506176433e+29 2.37765442058e+16
8 461951601.265 1.64801902861e+29 2.37468166122e+16
8 462031601.265 1.64541831649e+29 2.37170890186e+16
8 462111601.265 1.64281550638e+29 2.3687361425e+16
8 462191601.265 1.6402105977e+29 2.36576338314e+16
8 462271601.265 1.63760358988e+29 2.36279062378e+16
8 462351601.265 1.63499448236e+29 2.35981786442e+16
8 462431601.265 1.63238391174e+29 2.35684510505e+16
8 462511601.265 1.62978625549e+29 2.35387802319e+16
8 462591601.265 1.62720491604e+29 2.35091671604e+16
8 462671601.265 1.62462417075e+29 2.34795540889e+16
8 462751601.265 1.62204134832e+29 2.34499410173e+16
8 462831601.265 1.61945644819e+29 2.34203279458e+16
8 462911601.265 1.61686946979e+29 2.33907148743e+16
8 462991601.265 1.61428041256e+29 2.33611018027e+16
8 463071601.265 1.61168927595e+29 2.33314887312e+16
8 463151601.265 1.60909605937e+29 2.33018756597e+16
8 463231601.265 1.60650076228e+29 2.32722625882e+16
8 463311601.265 1.60406969879e+29 2.32433154375e+16
8 463391601.265 1.60210287125e+29 2.32212739968e+16
8 463471601.265 1.60033150297e+29 2.3199232556e+16
8 463551601.265 1.59855862502e+29 2.31771911153e+16
8 463631601.265 1.59678423699e+29 2.31551496746e+16
8 463711601.265 1.59500833846e+29 2.31331082338e+16
8 463791601.265 1.59323092901e+29 2.31110667931e+16
8 463871601.265 1.59145200822e+29 2.30890253523e+16
8 463951601.265 1.58967157569e+29 2.30669839116e+16
8 464031601.265 1.58788963099e+29 2.30449424708e+16
8 464111601.265 1.58610617371e+29 2.30229010301e+16
8 464191601.265 1.58432120344e+29 2.30008595893e+16
8 464271601.265 1.58253471975e+29 2.29788181486e+16
8 464351601.265 1.58074672224e+29 2.29567767078e+16
8 464431601.265 1.57895721049e+29 2.29347352671e+16
8 464511601.265 1.57716618408e+29 2.29126938263e+16
8 464591601.265 1.57537364259e+29 2.28906523856e+16
8 464671601.265 1.57357958562e+29 2.28686109448e+16
8 464751601.265 1.57178401274e+29 2.28465695041e+16
8 464831601.265 1.56998692354e+29 2.28245280633e+16
8 464911601.265 1.56818831761e+29 2.28024866226e+16
8 464991601.265 1.56625573982e+29 2.27804451819e+16
8 465071601.265 1.56331692918e+29 2.27440940587e+16
8 465151601.265 1.55951709396e+29 2.27023193486e+16
8 465231601.265 1.5556694628e+29 2.26605446384e+16
8 465311601.265 1.55181890804e+29 2.26187699283e+16
8 465391601.265 1.54796542892e+29 2.25769952182e+16
8 465471601.265 1.54410902465e+29 2.25352205081e+16
8 465551601.265 1.54024969447e+29 2.24934457979e+16
8 465631601.265 1.53638743758e+29 2.24516710878e+16
8 465711601.265 1.53252225321e+29 2.24098963777e+16
8 465791601.265 1.52865414059e+29 2.23681216676e+16
8 465881601.265 1.74205588376e+29 2.23211251187e+16
8 465971601.265 1.73755822845e+29 2.22771607908e+16
8 466061601.265 1.73402631003e+29 2.22444154363e+16
8 466151601.265 1.7307964799e+29 2.22116700817e+16
8 466241601.265 1.72756376714e+29 2.21789247272e+16
8 466331601.265 1.72432817089e+29 2.21461793727e+16
8 466421601.265 1.72108969027e+29 2.21134340181e+16
8 466511601.265 1.71784832441e+29 2.20806886636e+16
8 466601601.265 1.71460407244e+29 2.2047943309e+16
8 466691601.265 1.71135693348e+29 2.20151979545e+16
8 466781601.265 1.70810690667e+29 2.19824525999e+16
8 466871601.265 1.70485580567e+29 2.19497072454e+16
8 466961601.265 1.70162606373e+29 2.19170481638e+16
8 467051601.265 1.69841912801e+29 2.18844543507e+16
8 467141601.265 1.69521220298e+29 2.18518605376e+16
8 467231601.265 1.69200242784e+29 2.18192667245e+16
8 467321601.265 1.68878980174e+29 2.17866729115e+16
8 467411601.265 1.68557432382e+29 2.17540790984e+16
8 467501601.265 1.68235599321e+29 2.17214852853e+16
8 467591601.265 1.67913480905e+29 2.16888914722e+16
8 467681601.265 1.67591077048e+29 2.16562976592e+16
8 467771601.265 1.67268387665e+29 2.16237038461e+16
8 467861601.265 1.66945775243e+29 2.1591110033e+16
8 467951601.265 1.66625577866e+29 2.15586249663e+16
8 468041601.265 1.66307455832e+29 2.15261859807e+16
8 468131601.265 1.65989190512e+29 2.1493746995e+16
8 468221601.265 1.65670643515e+29 2.14613080094e+16
8 468311601.265 1.65351814756e+29 2.14288690238e+16
8 468401601.265 1.65032704151e+29 2.13964300381e+16
8 468491601.265 1.64713311614e+29 2.13639910525e+16
8 468581601.265 1.64393637061e+29 2.13315520669e+16
8 468671601.265 1.64073680408e+29 2.12991130812e+16
8 468761601.265 1.63753441569e+29 2.12666740956e+16
8 468851601.265 1.63433147408e+29 2.123423511e+16
8 468941601.265 1.63115140184e+29 2.12018909926e+16
8 469031601.265 1.62799464732e+29 2.11696103688e+16
8 469121601.265 1.62483769292e+29 2.1137329745e+16
8 469211601.265 1.62167795596e+29 2.11050491212e+16
8 469301601.265 1.61851543558e+29 2.10727684974e+16
8 469391601.265 1.61535013096e+29 2.10404878735e+16
8 469481601.265 1.61218204126e+29 2.10082072497e+16
8 469571601.265 1.60901116565e+29 2.09759266259e+16
8 469661601.265 1.60583750329e+29 2.09436460021e+16
8 469751601.265 1.60266105334e+29 2.09113653783e+16
8 469841601.265 1.59948184262e+29 2.08790847544e+16
8 469931601.265 1.59631677602e+29 2.08468438859e+16
8 470021601.265 1.59318052551e+29 2.08147253985e+16
8 470111601.265 1.59005076403e+29 2.07826069111e+16
8 470201601.265 1.58691825509e+29 2.07504884237e+16
8 470291601.265 1.58378299785e+29 2.07183699362e+16
8 470381601.265 1.58064499149e+29 2.06862514488e+16
8 470471601.265 1.57750423519e+29 2.06541329614e+16
8 470561601.265 1.57436072813e+29 2.0622014474e+16
8 470651601.265 1.57121446949e+29 2.05898959866e+16
8 470741601.265 1.56806545843e+29 2.05577774992e+16
8 470831601.265 1.56491369415e+29 2.05256590118e+16
8 470921601.265 1.56176189196e+29 2.04935405244e+16
8 471011601.265 1.55863456962e+29 2.04615260017e+16
8 471101601.265 1.55553123131e+29 2.04295738114e+16
8 471191601.265 1.55242751705e+29 2.03976216212e+16
8 471281601.265 1.54932109057e+29 2.03656694309e+16
8 471371601.265 1.54621195106e+29 2.03337172406e+16
8 471461601.265 1.5431000977e+29 2.03017650503e+16
8 471551601.265 1.53998552968e+29 2.02698128601e+16
8 471641601.265 1.53686824621e+29 2.02378606698e+16
8 471731601.265 1.53374824646e+29 2.02059084795e+16
8 471821601.265 1.53062552963e+29 2.01739562892e+16
8 471911601.265 1.52750009491e+29 2.0142004099e+16
8 472011601.265 1.71453596356e+29 2.01065016653e+16
8 472111601.265 1.71066991763e+29 2.0071162709e+16
8 472211601.265 1.70682686459e+29 2.0035852698e+16
8 472311601.265 1.70298058664e+29 2.0000542687e+16
8 472411601.265 1.69913059159e+29 1.9965232676e+16
8 472511601.265 1.69527687819e+29 1.99299226649e+16
8 472611601.265 1.69141944523e+29 1.98946126539e+16
8 472711601.265 1.68755829147e+29 1.98593026429e+16
8 472811601.265 1.68369341568e+29 1.98239926319e+16
8 472911601.265 1.67982481664e+29 1.97886826208e+16
8 473011601.265 1.67595249311e+29 1.97533726098e+16
8 473111601.265 1.67191800135e+29 1.97180625988e+16
8 473211601.265 1.66720200919e+29 1.96738995911e+16
8 473311601.265 1.66203158257e+29 1.96283454657e+16
8 473411601.265 1.65684965761e+29 1.95827913403e+16
8 473511601.265 1.65166290857e+29 1.95372372149e+16
8 473611601.265 1.64647133387e+29 1.94916830895e+16
8 473711601.265 1.64127493194e+29 1.94461289641e+16
8 473811601.265 1.6362323804e+29 1.94005748387e+16
8 473911601.265 1.63191156889e+29 1.93637383786e+16
8 474011601.265 1.62809105225e+29 1.93285875977e+16
8 474111601.265 1.62427751412e+29 1.92934368168e+16
8 474211601.265 1.62046032338e+29 1.92582860359e+16
8 474311601.265 1.61663947884e+29 1.9223135255e+16
8 474411601.265 1.61281497928e+29 1.91879844741e+16
8 474511601.265 1.60899011306e+29 1.91528336932e+16
8 474611601.265 1.60518551081e+29 1.91177759134e+16
8 474711601.265 1.60139815673e+29 1.90827594686e+16
8 474811601.265 1.59760844945e+29 1.90477430238e+16
8 474911601.265 1.59381512278e+29 1.90127265789e+16
8 475011601.265 1.59001817552e+29 1.89777101341e+16
8 475111601.265 1.5862176065e+29 1.89426936893e+16
8 475211601.265 1.58241411166e+29 1.89076772445e+16
8 475311601.265 1.57862638356e+29 1.88727194269e+16
8 475411601.265 1.57486039769e+29 1.88378420244e+16
8 475511601.265 1.57109549407e+29 1.88029646218e+16
8 475611601.265 1.56732700493e+29 1.87680872193e+16
8 475711601.265 1.56355492909e+29 1.87332098167e+16
8 475811601.265 1.55977926537e+29 1.86983324142e+16
8 475911601.265 1.55600001261e+29 1.86634550116e+16
8 476011601.265 1.55222668887e+29 1.86285804909e+16
8 476111601.265 1.54847757002e+29 1.85938469876e+16
8 476211601.265 1.54473848373e+29 1.85591134842e+16
8 476311601.265 1.54099584647e+29 1.85243799809e+16
8 476411601.265 1.53724965708e+29 1.84896464775e+16
8 476511601.265 1.5334999144e+29 1.84549129742e+16
8 476611601.265 1.52974661727e+29 1.84201794708e+16
8 476721601.265 1.69512971929e+29 1.83819726172e+16
8 476831601.265 1.69056564017e+29 1.83438671689e+16
8 476941601.265 1.68602488387e+29 1.83058241216e+16
8 477051601.265 1.68148193578e+29 1.82677810744e+16
8 477161601.265 1.67693425889e+29 1.82297380272e+16
8 477271601.265 1.67238185149e+29 1.81916949799e+16
8 477381601.265 1.66782471188e+29 1.81536519327e+16
8 477491601.265 1.6632664111e+29 1.81156088855e+16
8 477601601.265 1.65873353817e+29 1.80776733145e+16
8 477711601.265 1.65422418028e+29 1.80397997763e+16
8 477821601.265 1.64971251278e+29 1.80019262381e+16
8 477931601.265 1.64519616388e+29 1.79640526999e+16
8 478041601.265 1.64067513191e+29 1.79261791616e+16
8 478151601.265 1.63614941519e+29 1.78883056234e+16
8 478261601.265 1.63162097644e+29 1.78504320852e+16
8 478371601.265 1.62711572729e+29 1.78126481458e+16
8 478481601.265 1.62263713999e+29 1.77749500151e+16
8 478591601.265 1.61815823251e+29 1.77372518844e+16
8 478701601.265 1.61367469215e+29 1.76995537537e+16
8 478811601.265 1.60918651726e+29 1.76618556229e+16
8 478921601.265 1.60469370618e+29 1.76241574922e+16
8 479031601.265 1.60019599072e+29 1.75864593615e+16
8 479141601.265 1.59561170782e+29 1.75482226018e+16
8 479251601.265 1.5908804439e+29 1.75082969571e+16
8 479361601.265 1.58610209329e+29 1.74683713124e+16
8 479471601.265 1.58131885321e+29 1.74284456678e+16
8 479581601.265 1.57653072192e+29 1.73885200231e+16
8 479691601.265 1.57173769769e+29 1.73485943784e+16
8 479801601.265 1.56696465614e+29 1.73086687337e+16
8 479911601.265 1.56237187541e+29 1.72704242783e+16
8 480021601.265 1.55794059094e+29 1.72330279555e+16
8 480131601.265 1.55351686084e+29 1.71956316327e+16
8 480241601.265 1.54908858532e+29 1.71582353099e+16
8 480351601.265 1.54465576277e+29 1.71208389872e+16
8 480461601.265 1.54021839157e+29 1.70834426644e+16
8 480571601.265 1.53578667356e+29 1.70460463416e+16
8 480681601.265 1.53138325009e+29 1.70088133753e+16
8 480791601.265 1.52699344429e+29 1.69715871908e+16
8 480911601.265 1.67441928298e+29 1.69309768077e+16
8 481031601.265 1.66914002843e+29 1.68903664247e+16
8 481151601.265 1.66385487961e+29 1.68497560416e+16
8 481271601.265 1.65856651305e+29 1.68091456585e+16
8 481391601.265 1.65330472641e+29 1.67686362774e+16
8 481511601.265 1.64807219178e+29 1.67282172048e+16
8 481631601.265 1.64283838928e+29 1.66877981322e+16
8 481751601.265 1.63759875578e+29 1.66473790596e+16
8 481871601.265 1.63235328901e+29 1.6606959987e+16
8 481991601.265 1.62710198673e+29 1.65665409144e+16
8 482111601.265 1.62186414219e+29 1.65261473408e+16
8 482231601.265 1.61666169347e+29 1.64859254711e+16
8 482351601.265 1.61146925714e+29 1.64457036013e+16
8 482471601.265 1.60627105227e+29 1.64054817316e+16
8 482591601.265 1.60106707662e+29 1.63652598619e+16
8 482711601.265 1.59585732797e+29 1.63250379921e+16
8 482831601.265 1.59064564376e+29 1.62848161224e+16
8 482951601.265 1.58546370915e+29 1.62447148882e+16
8 483071601.265 1.58031106004e+29 1.62046962952e+16
8 483191601.265 1.57515618698e+29 1.61646777023e+16
8 483311601.265 1.56999560723e+29 1.61246591093e+16
8 483431601.265 1.56482931859e+29 1.60846405163e+16
8 483551601.265 1.55965731885e+29 1.60446219234e+16
8 483671601.265 1.55449162399e+29 1.60046033304e+16
8 483791601.265 1.54936225152e+29 1.59647758648e+16
8 483911601.265 1.54425259299e+29 1.59249667768e+16
8 484031601.265 1.53913742034e+29 1.58851576889e+16
8 484151601.265 1.5340166046e+29 1.5845348601e+16
8 484271601.265 1.52889014359e+29 1.5805539513e+16
8 484401601.265 1.66181459001e+29 1.57624130011e+16
8 484531601.265 1.65577163087e+29 1.57193390547e+16
8 484661601.265 1.64977217878e+29 1.56764463914e+16
8 484791601.265 1.64378123282e+29 1.56335537281e+16
8 484921601.265 1.63778314763e+29 1.55906610648e+16
8 485051601.265 1.63177792023e+29 1.55477684015e+16
8 485181601.265 1.62576554766e+29 1.55048757382e+16
8 485311601.265 1.61963517368e+29 1.54619830748e+16
8 485441601.265 1.61294753205e+29 1.54148146926e+16
8 485571601.265 1.60582887198e+29 1.53663230938e+16
8 485701601.265 1.59868566969e+29 1.53178314949e+16
8 485831601.265 1.59153412796e+29 1.52693398961e+16
8 485961601.265 1.58452169069e+29 1.52208482972e+16
8 486091601.265 1.57813400061e+29 1.51776375451e+16
8 486221601.265 1.57218565206e+29 1.5135611556e+16
8 486351601.265 1.56624174964e+29 1.50935855669e+16
8 486481601.265 1.56029081675e+29 1.50515595778e+16
8 486611601.265 1.55434160247e+29 1.50095335887e+16
8 486741601.265 1.54842751009e+29 1.49674904373e+16
8 486871601.265 1.54253835334e+29 1.49254422804e+16
8 487001601.265 1.53664336889e+29 1.48833941235e+16
8 487131601.265 1.53074142919e+29 1.48413459666e+16
8 487271601.265 1.65141751208e+29 1.47960633361e+16
8 487411601.265 1.64456851763e+29 1.47509209998e+16
8 487551601.265 1.63774719321e+29 1.47058308671e+16
8 487691601.265 1.63091905206e+29 1.46607407345e+16
8 487831601.265 1.62408225882e+29 1.46156506018e+16
8 487971601.265 1.61725021894e+29 1.45705604691e+16
8 488111601.265 1.61046029182e+29 1.45255204725e+16
8 488251601.265 1.60369540531e+29 1.44804890151e+16
8 488391601.265 1.59692252797e+29 1.44354575578e+16
8 488531601.265 1.59014109228e+29 1.43904261004e+16
8 488671601.265 1.58336407642e+29 1.4345394643e+16
8 488811601.265 1.57662503925e+29 1.43006970698e+16
8 488951601.265 1.56990723278e+29 1.42560467276e+16
8 489091601.265 1.56318133899e+29 1.42113963855e+16
8 489231601.265 1.55644697067e+29 1.41667460433e+16
8 489371601.265 1.54971463675e+29 1.41220957012e+16
8 489511601.265 1.54302147517e+29 1.40776958527e+16
8 489651601.265 1.53635499966e+29 1.40333636356e+16
8 489791601.265 1.52968125101e+29 1.39890314185e+16
8 489941601.265 1.639638332e+29 1.39415326145e+16
8 490091601.265 1.63192872267e+29 1.38940338105e+16
8 490241601.265 1.62426493136e+29 1.38467571684e+16
8 490391601.265 1.61663479746e+29 1.37995574119e+16
8 490541601.265 1.60899643327e+29 1.37523576554e+16
8 490691601.265 1.60134781713e+29 1.37051578989e+16
8 490841601.265 1.59383055754e+29 1.36579581424e+16
8 490991601.265 1.58695885368e+29 1.36163024126e+16
8 491141601.265 1.580573312e+29 1.35763215698e+16
8 491291601.265 1.57419812243e+29 1.3536340727e+16
8 491441601.265 1.56781426108e+29 1.34963598842e+16
8 491591601.265 1.56142172383e+29 1.34563790414e+16
8 491741601.265 1.55502050658e+29 1.34163981986e+16
8 491891601.265 1.54853341345e+29 1.33764173558e+16
8 492041601.265 1.54157197345e+29 1.33317726119e+16
8 492191601.265 1.53420042257e+29 1.32849135906e+16
8 492341601.265 1.52679223112e+29 1.32380545693e+16
8 492501601.265 1.62737041348e+29 1.31880716132e+16
8 492661601.265 1.61888017949e+29 1.31380886571e+16
8 492821601.265 1.61037788352e+29 1.30881057011e+16
8 492981601.265 1.60156426074e+29 1.3038122745e+16
8 493141601.265 1.59060968585e+29 1.2972783893e+16
8 493301601.265 1.57766954996e+29 1.28980429559e+16
8 493461601.265 1.56453540019e+29 1.28233020189e+16
8 493621601.265 1.55253799112e+29 1.27504381342e+16
8 493781601.265 1.5430724854e+29 1.27005479047e+16
8 493941601.265 1.53468654214e+29 1.26506576753e+16
8 494111601.265 1.62748666975e+29 1.25976493064e+16
8 494281601.265 1.61801277319e+29 1.25447507181e+16
8 494451601.265 1.60857764687e+29 1.24919417129e+16
8 494621601.265 1.5991347133e+29 1.24391327078e+16
8 494791601.265 1.58970706581e+29 1.23863393715e+16
8 494961601.265 1.58032887785e+29 1.23337322319e+16
8 495131601.265 1.57096384511e+29 1.22811250922e+16
8 495301601.265 1.5615847143e+29 1.22285179525e+16
8 495471601.265 1.5521904633e+29 1.21756836266e+16
8 495641601.265 1.5427810419e+29 1.21226481205e+16
8 495811601.265 1.53335746178e+29 1.20696126143e+16
8 495991601.265 1.61863821751e+29 1.2013497502e+16
8 496171601.265 1.60821381286e+29 1.19582115962e+16
8 496351601.265 1.59783958954e+29 1.19029256905e+16
8 496531601.265 1.58745902197e+29 1.18476397848e+16
8 496711601.265 1.5771282672e+29 1.17924895453e+16
8 496891601.265 1.56684143471e+29 1.17374198346e+16
8 497071601.265 1.55654367126e+29 1.16823501239e+16
8 497251601.265 1.5462694995e+29 1.16273086814e+16
8 497431601.265 1.53605534969e+29 1.15724577491e+16
8 497621601.265 1.61500960584e+29 1.15145595428e+16
8 497811601.265 1.60360337036e+29 1.14566613366e+16
8 498001601.265 1.59225803774e+29 1.13989209041e+16
8 498191601.265 1.58096174902e+29 1.13412563455e+16
8 498381601.265 1.56965185352e+29 1.1283591787e+16
8 498571601.265 1.5583761458e+29 1.12259733266e+16
8 498761601.265 1.54717042633e+29 1.11685451186e+16
8 498951601.265 1.53597551421e+29 1.11111169106e+16
8 499151601.265 1.6088654092e+29 1.10506661653e+16
8 499351601.265 1.59649647442e+29 1.09903895299e+16
8 499551601.265 1.58418443545e+29 1.09301904015e+16
8 499751601.265 1.57185662762e+29 1.08699912731e+16
8 499951601.265 1.55957112239e+29 1.0809844353e+16
8 500151601.265 1.54736824806e+29 1.07498997005e+16
8 500351601.265 1.53517787073e+29 1.0689955048e+16
8 500561601.265 1.60259071697e+29 1.06270131628e+16
8 500771601.265 1.58977143671e+29 1.05671619446e+16
8 500981601.265 1.57742371427e+29 1.05087415868e+16
8 501191601.265 1.56508595414e+29 1.04503212291e+16
8 501401601.265 1.55216706197e+29 1.03919008713e+16
8 501611601.265 1.53550812756e+29 1.03119176048e+16
8 501831601.265 1.59066153481e+29 1.02137420939e+16
8 502051601.265 1.57235740121e+29 1.01346449611e+16
8 502271601.265 1.55753409637e+29 1.00690311372e+16
8 502491601.265 1.54311521665e+29 1.00035023882e+16
8 502711601.265 1.52874515089e+29 9.93804306211e+15
8 502941601.265 1.58586039926e+29 9.86968888281e+15
8 503171601.265 1.57023398588e+29 9.80141583878e+15
8 503401601.265 1.55466467315e+29 9.73321938389e+15
8 503631601.265 1.53915302923e+29 9.66510825848e+15
8 503871601.265 1.59225709285e+29 9.59410851279e+15
8 504111601.265 1.57543911884e+29 9.523205163e+15
8 504351601.265 1.55830339416e+29 9.45086875593e+15
8 504591601.265 1.54083358687e+29 9.37643029839e+15
8 504841601.265 1.58928562634e+29 9.30105756343e+15
8 505091601.265 1.57126020831e+29 9.22745572349e+15
8 505341601.265 1.55336375013e+29 9.15396608407e+15
8 505591601.265 1.53554380366e+29 9.08052149461e+15
8 505851601.265 1.58030430081e+29 9.00427703876e+15
8 506111601.265 1.56223410109e+29 8.92805830706e+15
8 506371601.265 1.54675315995e+29 8.86966134448e+15
8 506631601.265 1.532564065e+29 8.81131742561e+15
8 506901601.265 1.57767357956e+29 8.75072950985e+15
8 507171601.265 1.5545721559e+29 8.66012839011e+15
8 507451601.265 1.58361901423e+29 8.53840217517e+15
8 507731601.265 1.55785380673e+29 8.44948836885e+15
8 508011601.265 1.53320200126e+29 8.3647053004e+15
8 508301601.265 1.56151865348e+29 8.24739546573e+15
8 508591601.265 1.53917696951e+29 8.17039693819e+15
8 508891601.265 1.57506390337e+29 8.10493448648e+15
8 509191601.265 1.55372682195e+29 8.02575631038e+15
8 509491601.265 1.52986208948e+29 7.93896008073e+15
8 509801601.265 1.55700926903e+29 7.84943605223e+15
8 510111601.265 1.5294943616e+29 7.7565581306e+15
8 510431601.265 1.54913628275e+29 7.64092923574e+15
8 510761601.265 1.56855550661e+29 7.54530474643e+15
8 511091601.265 1.5401479673e+29 7.44997345911e+15
8 511431601.265 1.55830674503e+29 7.35186488367e+15
8 511771601.265 1.52854766774e+29 7.25387122569e+15
8 512121601.265 1.54353947132e+29 7.15311681592e+15
8 512481601.265 1.55602139229e+29 7.04961556678e+15
8 512851601.265 1.56595698472e+29 6.94338302768e+15
8 513221601.265 1.53173704934e+29 6.83731917865e+15
8 513601601.265 1.53852777215e+29 6.72895919192e+15
8 513991601.265 1.54272170161e+29 6.6176704501e+15
8 514391601.265 1.54426489191e+29 6.50361615066e+15
8 514801601.265 1.54313365459e+29 6.38695132252e+15
8 515221601.265 1.53463992523e+29 6.25992654711e+15
8 515661601.265 1.5570919074e+29 6.11541853362e+15
8 516111601.265 1.54425927527e+29 5.98882066628e+15
8 516571601.265 1.52984523206e+29 5.85942505319e+15
8 517051601.265 1.5445184043e+29 5.72514657082e+15
8 517551601.265 1.55106152818e+29 5.58637876668e+15
8 518071601.265 1.55283337691e+29 5.42739750908e+15
8 518611601.265 1.54924573332e+29 5.30817838518e+15
8 519171601.265 1.53481030952e+29 5.12173223926e+15
8 519761601.265 1.54229002419e+29 4.9605871143e+15
8 520381601.265 1.54105990651e+29 4.79257144542e+15
8 521031601.265 1.5288381188e+29 4.61643075312e+15
8 521731601.265 1.54631046429e+29 4.42855227292e+15
8 522511601.265 1.53040826354e+29 4.20399207652e+15
8 523531601.265 1.53363369455e+29 5.29140810778e+15
8 524881601.265 1.5338150314e+29 5.85078378296e+15
8 526571601.265 1.53154675999e+29 6.1078225315e+15
8 528751601.265 1.52937104171e+29 6.27242305222e+15
8 531781601.265 1.52948141906e+29 6.37572637361e+15
8 536921601.265 1.52682283351e+29 6.47082829199e+15
#
#
# runtime:  18595.6286919  seconds
