## fname ../data/sample_MESA_output/profile_wd3_1Msolar.data  masscut 0.9668441254794022    N 8   mp (Ms) 1e-07   mp (g) 1.988e+26   stepsize 1.0000000e+05
#N    (ru+rl)/2 (cm)    Mcontained in shell ru-rl     u(rmid)
8 216255206.10935277 1.51888750236e+29 1.209673984736671e+17
8 216298956.10935277 1.51669067823e+29 1.209673984736671e+17
8 216342706.10935277 1.51449170356e+29 1.209673984736671e+17
8 216386456.10935277 1.51229057765e+29 1.209673984736671e+17
8 216430596.73435277 1.53703310788e+29 1.209673984736671e+17
8 216475127.98435277 1.53474816896e+29 1.209673984736671e+17
8 216519659.23435277 1.53246095928e+29 1.1960143546951179e+17
8 216564190.48435277 1.53017147811e+29 1.1960143546951179e+17
8 216608721.73435277 1.5278797247e+29 1.1960143546951179e+17
8 216653252.98435277 1.52558569831e+29 1.1960143546951179e+17
8 216697784.23435277 1.52328939821e+29 1.1960143546951179e+17
8 216742315.48435277 1.52120337659e+29 1.1960143546951179e+17
8 216786846.73435277 1.51936631754e+29 1.1960143546951179e+17
8 216831377.98435277 1.51752778529e+29 1.1960143546951179e+17
8 216875909.23435277 1.51568735788e+29 1.1960143546951179e+17
8 216920831.10935277 1.54038726388e+29 1.1960143546951179e+17
8 216966143.60935277 1.53847773276e+29 1.1960143546951179e+17
8 217011456.10935277 1.53656620299e+29 1.1842447999747642e+17
8 217056768.60935277 1.5346526739e+29 1.1842447999747642e+17
8 217102081.10935277 1.53273714484e+29 1.1842447999747642e+17
8 217147393.60935277 1.53081961512e+29 1.1842447999747642e+17
8 217192706.10935277 1.52890008409e+29 1.1842447999747642e+17
8 217238018.60935277 1.52699523592e+29 1.1842447999747642e+17
8 217283331.10935277 1.52510805596e+29 1.1842447999747642e+17
8 217328643.60935277 1.52321893585e+29 1.1842447999747642e+17
8 217373956.10935277 1.52132784211e+29 1.1842447999747642e+17
8 217419268.60935277 1.51943477409e+29 1.1842447999747642e+17
8 217464581.10935277 1.51753973112e+29 1.1842447999747642e+17
8 217509893.60935277 1.51564271254e+29 1.1723675350785797e+17
8 217555206.10935277 1.5137437177e+29 1.1723675350785797e+17
8 217600518.60935277 1.51184274594e+29 1.1723675350785797e+17
8 217646221.73435277 1.53595654213e+29 1.1723675350785797e+17
8 217692315.48435277 1.53398532582e+29 1.1723675350785797e+17
8 217738409.23435277 1.53202770585e+29 1.1723675350785797e+17
8 217784502.98435277 1.53009005601e+29 1.1723675350785797e+17
8 217830596.73435277 1.5281505071e+29 1.1723675350785797e+17
8 217876690.48435277 1.52620890512e+29 1.1723675350785797e+17
8 217922784.23435277 1.52426524936e+29 1.1723675350785797e+17
8 217968877.98435277 1.52231953913e+29 1.1723675350785797e+17
8 218014971.73435277 1.52037177374e+29 1.160379034396391e+17
8 218061065.48435277 1.51842195248e+29 1.160379034396391e+17
8 218107159.23435277 1.51647007468e+29 1.160379034396391e+17
8 218153643.60935277 1.54016905335e+29 1.160379034396391e+17
8 218200518.60935277 1.53814615751e+29 1.160379034396391e+17
8 218247393.60935277 1.5361368516e+29 1.160379034396391e+17
8 218294268.60935277 1.53414883807e+29 1.160379034396391e+17
8 218341143.60935277 1.5321589092e+29 1.160379034396391e+17
8 218388018.60935277 1.53016684685e+29 1.160379034396391e+17
8 218434893.60935277 1.52817265031e+29 1.160379034396391e+17
8 218481768.60935277 1.52617631882e+29 1.160379034396391e+17
8 218528643.60935277 1.52417785167e+29 1.1482755752450811e+17
8 218575518.60935277 1.52217724811e+29 1.1482755752450811e+17
8 218622393.60935277 1.52017450742e+29 1.1482755752450811e+17
8 218669268.60935277 1.51816962887e+29 1.1482755752450811e+17
8 218716143.60935277 1.51616261172e+29 1.1482755752450811e+17
8 218763018.60935277 1.51416842253e+29 1.1482755752450811e+17
8 218809893.60935277 1.51219647066e+29 1.1482755752450811e+17
8 218857159.23435277 1.53537640026e+29 1.1482755752450811e+17
8 218904815.48435277 1.53333413093e+29 1.1482755752450811e+17
8 218952471.73435277 1.53128964617e+29 1.1482755752450811e+17
8 219000127.98435277 1.52924294521e+29 1.1482755752450811e+17
8 219047784.23435277 1.52719402728e+29 1.1360532258353886e+17
8 219095440.48435277 1.52514289161e+29 1.1360532258353886e+17
8 219143096.73435277 1.52308953743e+29 1.1360532258353886e+17
8 219190752.98435277 1.52103396397e+29 1.1360532258353886e+17
8 219238409.23435277 1.51897617045e+29 1.1360532258353886e+17
8 219286456.10935277 1.54161036863e+29 1.1360532258353886e+17
8 219334893.60935277 1.5390375878e+29 1.1360532258353886e+17
8 219383331.10935277 1.5364559344e+29 1.1360532258353886e+17
8 219431768.60935277 1.53387155041e+29 1.1360532258353886e+17
8 219480206.10935277 1.53128443485e+29 1.1253262402519819e+17
8 219528643.60935277 1.52869458678e+29 1.1253262402519819e+17
8 219577081.10935277 1.52610200524e+29 1.1253262402519819e+17
8 219625518.60935277 1.52350668927e+29 1.1253262402519819e+17
8 219673956.10935277 1.52104150341e+29 1.1253262402519819e+17
8 219722393.60935277 1.51893878996e+29 1.1253262402519819e+17
8 219770831.10935277 1.51685477472e+29 1.1253262402519819e+17
8 219819268.60935277 1.51476847911e+29 1.1253262402519819e+17
8 219867706.10935277 1.51267990233e+29 1.1161215214536645e+17
8 219916534.23435277 1.53493623668e+29 1.1161215214536645e+17
8 219965752.98435277 1.5327749919e+29 1.1161215214536645e+17
8 220014971.73435277 1.53061135123e+29 1.1161215214536645e+17
8 220064190.48435277 1.52845046286e+29 1.1161215214536645e+17
8 220113409.23435277 1.52631174242e+29 1.1161215214536645e+17
8 220162627.98435277 1.52417384312e+29 1.1161215214536645e+17
8 220211846.73435277 1.52203357395e+29 1.1161215214536645e+17
8 220261065.48435277 1.51989093407e+29 1.1161215214536645e+17
8 220310674.85935277 1.54181982077e+29 1.1068454834991162e+17
8 220360674.85935277 1.53960368609e+29 1.1068454834991162e+17
8 220410674.85935277 1.53738506333e+29 1.1068454834991162e+17
8 220460674.85935277 1.53516645928e+29 1.1068454834991162e+17
8 220510674.85935277 1.53297246895e+29 1.1068454834991162e+17
8 220560674.85935277 1.5307805427e+29 1.1068454834991162e+17
8 220610674.85935277 1.52858615574e+29 1.1068454834991162e+17
8 220660674.85935277 1.52638930716e+29 1.1068454834991162e+17
8 220710674.85935277 1.52418999609e+29 1.0974961829874366e+17
8 220760674.85935277 1.52198822164e+29 1.0974961829874366e+17
8 220810674.85935277 1.5197839829e+29 1.0974961829874366e+17
8 220860674.85935277 1.51757898526e+29 1.0974961829874366e+17
8 220910674.85935277 1.51539551021e+29 1.0974961829874366e+17
8 220960674.85935277 1.51321822125e+29 1.0974961829874366e+17
8 221011065.48435277 1.53463116385e+29 1.0974961829874366e+17
8 221061846.73435277 1.53238023585e+29 1.0974961829874366e+17
8 221112627.98435277 1.5301267532e+29 1.0880715878143203e+17
8 221163409.23435277 1.52787071499e+29 1.0880715878143203e+17
8 221214190.48435277 1.52561212027e+29 1.0880715878143203e+17
8 221264971.73435277 1.52335346784e+29 1.0880715878143203e+17
8 221315752.98435277 1.52123280786e+29 1.0880715878143203e+17
8 221366534.23435277 1.51919083822e+29 1.0880715878143203e+17
8 221417706.10935277 1.54047124986e+29 1.0880715878143203e+17
8 221469268.60935277 1.5383610739e+29 1.0880715878143203e+17
8 221520831.10935277 1.5362484313e+29 1.0880715878143203e+17
8 221572393.60935277 1.53413332114e+29 1.0778688775409362e+17
8 221623956.10935277 1.53201574251e+29 1.0778688775409362e+17
8 221675518.60935277 1.52989569448e+29 1.0778688775409362e+17
8 221727081.10935277 1.52777317613e+29 1.0778688775409362e+17
8 221778643.60935277 1.52570671874e+29 1.0778688775409362e+17
8 221830206.10935277 1.52374431505e+29 1.0778688775409362e+17
8 221881768.60935277 1.52178181902e+29 1.0778688775409362e+17
8 221933331.10935277 1.51981700458e+29 1.0778688775409362e+17
8 221984893.60935277 1.51784987087e+29 1.0778688775409362e+17
8 222036456.10935277 1.51588041702e+29 1.0778688775409362e+17
8 222088018.60935277 1.51390864217e+29 1.0653945322549464e+17
8 222139581.10935277 1.51193454545e+29 1.0653945322549464e+17
8 222191534.23435277 1.53282106768e+29 1.0653945322549464e+17
8 222243877.98435277 1.53078187217e+29 1.0653945322549464e+17
8 222296221.73435277 1.52874024491e+29 1.0653945322549464e+17
8 222348565.48435277 1.52669618498e+29 1.0653945322549464e+17
8 222400909.23435277 1.52452703683e+29 1.0653945322549464e+17
8 222453252.98435277 1.52221100898e+29 1.0653945322549464e+17
8 222505596.73435277 1.51989206003e+29 1.0653945322549464e+17
8 222558331.10935277 1.54020312994e+29 1.0653945322549464e+17
8 222611456.10935277 1.5378088619e+29 1.0653945322549464e+17
8 222664581.10935277 1.53541178152e+29 1.0653945322549464e+17
8 222717706.10935277 1.53301188774e+29 1.051297692105442e+17
8 222770831.10935277 1.53060917947e+29 1.051297692105442e+17
8 222823956.10935277 1.52820365566e+29 1.051297692105442e+17
8 222877081.10935277 1.52579531524e+29 1.051297692105442e+17
8 222930206.10935277 1.52338415713e+29 1.051297692105442e+17
8 222983331.10935277 1.52097113869e+29 1.051297692105442e+17
8 223036456.10935277 1.51865000105e+29 1.051297692105442e+17
8 223089581.10935277 1.51638899728e+29 1.051297692105442e+17
8 223142706.10935277 1.51412532262e+29 1.051297692105442e+17
8 223195831.10935277 1.51185897605e+29 1.051297692105442e+17
8 223249346.73435277 1.53177286614e+29 1.051297692105442e+17
8 223303252.98435277 1.52943382641e+29 1.051297692105442e+17
8 223357159.23435277 1.52709199195e+29 1.0365219258820504e+17
8 223411065.48435277 1.52474736167e+29 1.0365219258820504e+17
8 223464971.73435277 1.52239993451e+29 1.0365219258820504e+17
8 223518877.98435277 1.52004970938e+29 1.0365219258820504e+17
8 223573174.85935277 1.53967497751e+29 1.0365219258820504e+17
8 223627862.35935277 1.53725033187e+29 1.0365219258820504e+17
8 223682549.85935277 1.53481955616e+29 1.0365219258820504e+17
8 223737237.35935277 1.53235714339e+29 1.0365219258820504e+17
8 223791924.85935277 1.5298849587e+29 1.0365219258820504e+17
8 223846612.35935277 1.52740980793e+29 1.0365219258820504e+17
8 223901299.85935277 1.52493168992e+29 1.0365219258820504e+17
8 223955987.35935277 1.52245060351e+29 1.0365219258820504e+17
8 224010674.85935277 1.51996654756e+29 1.0365219258820504e+17
8 224065362.35935277 1.51747952091e+29 1.0210435201803586e+17
8 224120049.85935277 1.5149895224e+29 1.0210435201803586e+17
8 224174737.35935277 1.51249655089e+29 1.0210435201803586e+17
8 224229815.48435277 1.53155394508e+29 1.0210435201803586e+17
8 224285284.23435277 1.52898307261e+29 1.0210435201803586e+17
8 224340752.98435277 1.52640909426e+29 1.0210435201803586e+17
8 224396221.73435277 1.52345547991e+29 1.0210435201803586e+17
8 224452081.10935277 1.54073840401e+29 1.0210435201803586e+17
8 224508331.10935277 1.53645253787e+29 1.0210435201803586e+17
8 224564581.10935277 1.53216179535e+29 1.0093025875280946e+17
8 224620831.10935277 1.52786617452e+29 1.0093025875280946e+17
8 224677081.10935277 1.5235656735e+29 1.0093025875280946e+17
8 224733331.10935277 1.51938081697e+29 1.0093025875280946e+17
8 224789581.10935277 1.51645488126e+29 1.0093025875280946e+17
8 224845831.10935277 1.51386189855e+29 1.0093025875280946e+17
8 224902471.73435277 1.53223725895e+29 1.0093025875280946e+17
8 224959502.98435277 1.52956519555e+29 1.0013899007907843e+17
8 225016534.23435277 1.52688983098e+29 1.0013899007907843e+17
8 225073565.48435277 1.52421038087e+29 1.0013899007907843e+17
8 225130987.35935277 1.54204817875e+29 1.0013899007907843e+17
8 225188799.85935277 1.53873666736e+29 1.0013899007907843e+17
8 225246612.35935277 1.53542114475e+29 9.944189741569187e+16
8 225304424.85935277 1.53210160931e+29 9.944189741569187e+16
8 225362237.35935277 1.5288725336e+29 9.944189741569187e+16
8 225420049.85935277 1.5267308009e+29 9.944189741569187e+16
8 225477862.35935277 1.52489743442e+29 9.944189741569187e+16
8 225535674.85935277 1.52306158488e+29 9.944189741569187e+16
8 225593487.35935277 1.52122325125e+29 9.944189741569187e+16
8 225651299.85935277 1.51938243249e+29 9.853722769998542e+16
8 225709112.35935277 1.51753912757e+29 9.853722769998542e+16
8 225766924.85935277 1.51569333547e+29 9.853722769998542e+16
8 225824737.35935277 1.51384505514e+29 9.853722769998542e+16
8 225882549.85935277 1.51199428556e+29 9.853722769998542e+16
8 225940752.98435277 1.53033045856e+29 9.853722769998542e+16
8 225999346.73435277 1.52785085252e+29 9.853722769998542e+16
8 226057940.48435277 1.52536070512e+29 9.853722769998542e+16
8 226116534.23435277 1.52286735943e+29 9.853722769998542e+16
8 226175518.60935277 1.5406255449e+29 9.853722769998542e+16
8 226234893.60935277 1.53805865051e+29 9.853722769998542e+16
8 226294268.60935277 1.53548842401e+29 9.721701147598306e+16
8 226353643.60935277 1.53291486402e+29 9.721701147598306e+16
8 226413018.60935277 1.53033796913e+29 9.721701147598306e+16
8 226472393.60935277 1.52775773796e+29 9.721701147598306e+16
8 226531768.60935277 1.52517416912e+29 9.721701147598306e+16
8 226591143.60935277 1.52253106648e+29 9.721701147598306e+16
8 226650518.60935277 1.51975791168e+29 9.721701147598306e+16
8 226709893.60935277 1.51697642591e+29 9.721701147598306e+16
8 226769268.60935277 1.51419140011e+29 9.721701147598306e+16
8 226829034.23435277 1.53127110911e+29 9.721701147598306e+16
8 226889190.48435277 1.52840499099e+29 9.721701147598306e+16
8 226949346.73435277 1.52553518663e+29 9.577590974270514e+16
8 227009502.98435277 1.52266169448e+29 9.577590974270514e+16
8 227070049.85935277 1.53950303228e+29 9.577590974270514e+16
8 227130987.35935277 1.53654679696e+29 9.577590974270514e+16
8 227191924.85935277 1.53358672342e+29 9.577590974270514e+16
8 227252862.35935277 1.53047318411e+29 9.577590974270514e+16
8 227313799.85935277 1.52686681528e+29 9.577590974270514e+16
8 227374737.35935277 1.52321800388e+29 9.577590974270514e+16
8 227435674.85935277 1.51956462199e+29 9.577590974270514e+16
8 227496612.35935277 1.51590666769e+29 9.452452751667178e+16
8 227557549.85935277 1.51224413904e+29 9.452452751667178e+16
8 227618877.98435277 1.52789393695e+29 9.452452751667178e+16
8 227680596.73435277 1.5241274444e+29 9.452452751667178e+16
8 227742706.10935277 1.53966855297e+29 9.452452751667178e+16
8 227805206.10935277 1.53613369672e+29 9.452452751667178e+16
8 227867706.10935277 1.53260756344e+29 9.452452751667178e+16
8 227930206.10935277 1.52907686725e+29 9.357479466967885e+16
8 227992706.10935277 1.52554160617e+29 9.357479466967885e+16
8 228055206.10935277 1.52200177822e+29 9.357479466967885e+16
8 228117706.10935277 1.51846145948e+29 9.357479466967885e+16
8 228180206.10935277 1.51495171052e+29 9.357479466967885e+16
8 228243096.73435277 1.53031644278e+29 9.357479466967885e+16
8 228306377.98435277 1.52671741605e+29 9.280784721180272e+16
8 228370049.85935277 1.54189502589e+29 9.280784721180272e+16
8 228434112.35935277 1.53824998877e+29 9.280784721180272e+16
8 228498174.85935277 1.53516527181e+29 9.280784721180272e+16
8 228562237.35935277 1.53222873698e+29 9.280784721180272e+16
8 228626299.85935277 1.5292881854e+29 9.207676777049466e+16
8 228690362.35935277 1.5263436153e+29 9.207676777049466e+16
8 228754424.85935277 1.52339502487e+29 9.207676777049466e+16
8 228818487.35935277 1.52067523342e+29 9.207676777049466e+16
8 228882549.85935277 1.51863460082e+29 9.207676777049466e+16
8 228946612.35935277 1.51663515598e+29 9.207676777049466e+16
8 229010674.85935277 1.51463275912e+29 9.207676777049466e+16
8 229074737.35935277 1.5126274089e+29 9.207676777049466e+16
8 229139190.48435277 1.52902888083e+29 9.207676777049466e+16
8 229204034.23435277 1.52696822867e+29 9.207676777049466e+16
8 229268877.98435277 1.52490450958e+29 9.078528774989634e+16
8 229334112.35935277 1.54117255151e+29 9.078528774989634e+16
8 229399737.35935277 1.53905247993e+29 9.078528774989634e+16
8 229465362.35935277 1.53692922484e+29 9.078528774989634e+16
8 229530987.35935277 1.53480278476e+29 9.078528774989634e+16
8 229596612.35935277 1.53267315821e+29 9.078528774989634e+16
8 229662237.35935277 1.52985237316e+29 9.078528774989634e+16
8 229727862.35935277 1.52410780194e+29 9.078528774989634e+16
8 229793487.35935277 1.51802733936e+29 9.078528774989634e+16
8 229859112.35935277 1.51193918365e+29 8.94965150137227e+16
8 229925518.60935277 1.54162238324e+29 8.94965150137227e+16
8 229992706.10935277 1.53524235322e+29 8.94965150137227e+16
8 230059893.60935277 1.53085835832e+29 8.94965150137227e+16
8 230127081.10935277 1.52783137342e+29 8.94965150137227e+16
8 230194268.60935277 1.52480006959e+29 8.94965150137227e+16
8 230261456.10935277 1.52176444483e+29 8.864943484925482e+16
8 230328643.60935277 1.51872449714e+29 8.864943484925482e+16
8 230395831.10935277 1.5156802245e+29 8.864943484925482e+16
8 230463018.60935277 1.51258728533e+29 8.864943484925482e+16
8 230530596.73435277 1.52680164103e+29 8.864943484925482e+16
8 230598956.10935277 1.54086362517e+29 8.864943484925482e+16
8 230667706.10935277 1.53735124834e+29 8.864943484925482e+16
8 230736456.10935277 1.53383386169e+29 8.771766111464106e+16
8 230805206.10935277 1.53031146287e+29 8.771766111464106e+16
8 230873956.10935277 1.52678407566e+29 8.771766111464106e+16
8 230942706.10935277 1.52328373323e+29 8.771766111464106e+16
8 231011456.10935277 1.51980710899e+29 8.771766111464106e+16
8 231080206.10935277 1.51632553553e+29 8.771766111464106e+16
8 231148956.10935277 1.51283901052e+29 8.677578170200806e+16
8 231218096.73435277 1.52647912565e+29 8.677578170200806e+16
8 231288018.60935277 1.539993646e+29 8.677578170200806e+16
8 231358331.10935277 1.53633836653e+29 8.677578170200806e+16
8 231428643.60935277 1.53272582901e+29 8.677578170200806e+16
8 231498956.10935277 1.52911685779e+29 8.677578170200806e+16
8 231569268.60935277 1.52550265245e+29 8.677578170200806e+16
8 231639581.10935277 1.52188321049e+29 8.582342614219387e+16
8 231709893.60935277 1.51825852938e+29 8.582342614219387e+16
8 231780206.10935277 1.51462860662e+29 8.582342614219387e+16
8 231850909.23435277 1.52809492366e+29 8.582342614219387e+16
8 231922393.60935277 1.54189621992e+29 8.582342614219387e+16
8 231994268.60935277 1.53888664685e+29 8.582342614219387e+16
8 232066143.60935277 1.53587245503e+29 8.582342614219387e+16
8 232138018.60935277 1.53285364218e+29 8.582342614219387e+16
8 232209893.60935277 1.52983020602e+29 8.464405468048442e+16
8 232281768.60935277 1.52680214427e+29 8.464405468048442e+16
8 232353643.60935277 1.52376945463e+29 8.464405468048442e+16
8 232425518.60935277 1.52073213484e+29 8.464405468048442e+16
8 232497393.60935277 1.5176695112e+29 8.464405468048442e+16
8 232569268.60935277 1.51446564041e+29 8.464405468048442e+16
8 232641534.23435277 1.52764058771e+29 8.464405468048442e+16
8 232714581.10935277 1.54070383494e+29 8.464405468048442e+16
8 232788018.60935277 1.53731768221e+29 8.464405468048442e+16
8 232861456.10935277 1.53392633532e+29 8.464405468048442e+16
8 232934893.60935277 1.53052979166e+29 8.306520229787174e+16
8 233008331.10935277 1.52712804864e+29 8.306520229787174e+16
8 233081768.60935277 1.52372110366e+29 8.306520229787174e+16
8 233155206.10935277 1.5203089541e+29 8.306520229787174e+16
8 233228643.60935277 1.51689159738e+29 8.306520229787174e+16
8 233302081.10935277 1.51346903087e+29 8.306520229787174e+16
8 233376299.85935277 1.54127333507e+29 8.306520229787174e+16
8 233451299.85935277 1.53493584143e+29 8.306520229787174e+16
8 233526299.85935277 1.52852160845e+29 8.306520229787174e+16
8 233601299.85935277 1.52209818356e+29 8.173894818492582e+16
8 233676299.85935277 1.51566556216e+29 8.173894818492582e+16
8 233752081.10935277 1.54059733471e+29 8.173894818492582e+16
8 233828643.60935277 1.53509602422e+29 8.173894818492582e+16
8 233905206.10935277 1.53100054682e+29 8.173894818492582e+16
8 233981768.60935277 1.52690058486e+29 8.173894818492582e+16
8 234058331.10935277 1.52279427153e+29 8.084072164950045e+16
8 234134893.60935277 1.51868160358e+29 8.084072164950045e+16
8 234211456.10935277 1.51456339718e+29 8.084072164950045e+16
8 234288799.85935277 1.54126752285e+29 8.084072164950045e+16
8 234366924.85935277 1.53703945702e+29 8.084072164950045e+16
8 234445049.85935277 1.53280472436e+29 8.084072164950045e+16
8 234523174.85935277 1.52856332138e+29 7.993204127245797e+16
8 234601299.85935277 1.52431524456e+29 7.993204127245797e+16
8 234679424.85935277 1.5200653954e+29 7.993204127245797e+16
8 234757549.85935277 1.51586354219e+29 7.993204127245797e+16
8 234835674.85935277 1.51167030246e+29 7.993204127245797e+16
8 234914581.10935277 1.53757700048e+29 7.993204127245797e+16
8 234994268.60935277 1.53320050427e+29 7.901250122334272e+16
8 235073956.10935277 1.52881700913e+29 7.901250122334272e+16
8 235153643.60935277 1.52462953155e+29 7.901250122334272e+16
8 235233331.10935277 1.52144383611e+29 7.901250122334272e+16
8 235313018.60935277 1.5183901729e+29 7.901250122334272e+16
8 235392706.10935277 1.51533132497e+29 7.901250122334272e+16
8 235473174.85935277 1.54188892582e+29 7.901250122334272e+16
8 235554424.85935277 1.53869805238e+29 7.901250122334272e+16
8 235635674.85935277 1.5355016742e+29 7.766869792125182e+16
8 235716924.85935277 1.53229978824e+29 7.766869792125182e+16
8 235798174.85935277 1.52909239146e+29 7.766869792125182e+16
8 235879424.85935277 1.52587948083e+29 7.766869792125182e+16
8 235960674.85935277 1.52266105331e+29 7.766869792125182e+16
8 236041924.85935277 1.51870460748e+29 7.766869792125182e+16
8 236123174.85935277 1.51189278726e+29 7.766869792125182e+16
8 236205206.10935277 1.53365308349e+29 7.766869792125182e+16
8 236288018.60935277 1.52625743362e+29 7.633337877731277e+16
8 236370831.10935277 1.51885028297e+29 7.633337877731277e+16
8 236454424.85935277 1.5398995526e+29 7.633337877731277e+16
8 236538799.85935277 1.53402289018e+29 7.633337877731277e+16
8 236623174.85935277 1.5292962938e+29 7.633337877731277e+16
8 236707549.85935277 1.52456178345e+29 7.633337877731277e+16
8 236791924.85935277 1.51981935469e+29 7.542569434690307e+16
8 236876299.85935277 1.51506900309e+29 7.542569434690307e+16
8 236961456.10935277 1.53793079045e+29 7.542569434690307e+16
8 237047393.60935277 1.53165155567e+29 7.542569434690307e+16
8 237133331.10935277 1.52527720624e+29 7.466086619382586e+16
8 237219268.60935277 1.51889252076e+29 7.466086619382586e+16
8 237305987.35935277 1.54023751205e+29 7.466086619382586e+16
8 237393487.35935277 1.53417377476e+29 7.412034487727536e+16
8 237480987.35935277 1.52815328207e+29 7.412034487727536e+16
8 237568487.35935277 1.52289078639e+29 7.412034487727536e+16
8 237655987.35935277 1.51787195207e+29 7.365354045954746e+16
8 237743487.35935277 1.51298424156e+29 7.365354045954746e+16
8 237831768.60935277 1.53559607379e+29 7.365354045954746e+16
8 237920831.10935277 1.53121573237e+29 7.310474860218358e+16
8 238009893.60935277 1.52682753878e+29 7.310474860218358e+16
8 238098956.10935277 1.52290291304e+29 7.310474860218358e+16
8 238188018.60935277 1.51952016726e+29 7.310474860218358e+16
8 238277081.10935277 1.51613186453e+29 7.310474860218358e+16
8 238366924.85935277 1.53924613169e+29 7.310474860218358e+16
8 238457549.85935277 1.53572464706e+29 7.208271272186309e+16
8 238548174.85935277 1.53219647317e+29 7.208271272186309e+16
8 238638799.85935277 1.52866160593e+29 7.208271272186309e+16
8 238729424.85935277 1.52512004128e+29 7.208271272186309e+16
8 238820049.85935277 1.52003269434e+29 7.208271272186309e+16
8 238910674.85935277 1.51246918617e+29 7.208271272186309e+16
8 239002081.10935277 1.53073943215e+29 7.096226487020433e+16
8 239094268.60935277 1.52285245009e+29 7.096226487020433e+16
8 239187237.35935277 1.54060798582e+29 7.096226487020433e+16
8 239280987.35935277 1.53351400242e+29 7.096226487020433e+16
8 239374737.35935277 1.52683653828e+29 7.023981197563456e+16
8 239468487.35935277 1.52014719888e+29 7.023981197563456e+16
8 239562237.35935277 1.51328733683e+29 7.023981197563456e+16
8 239656768.60935277 1.53113083717e+29 6.971883762337396e+16
8 239752081.10935277 1.52404332301e+29 6.971883762337396e+16
8 239847393.60935277 1.51914942843e+29 6.971883762337396e+16
8 239943487.35935277 1.53939905416e+29 6.919316538875093e+16
8 240040362.35935277 1.53469950413e+29 6.919316538875093e+16
8 240137237.35935277 1.53037726976e+29 6.919316538875093e+16
8 240234112.35935277 1.52633975672e+29 6.919316538875093e+16
8 240330987.35935277 1.52229423547e+29 6.919316538875093e+16
8 240427862.35935277 1.51824070085e+29 6.8235026492916456e+16
8 240524737.35935277 1.51417914773e+29 6.8235026492916456e+16
8 240622393.60935277 1.53443278422e+29 6.8235026492916456e+16
8 240720831.10935277 1.53018425844e+29 6.8235026492916456e+16
8 240819268.60935277 1.5237610845e+29 6.8235026492916456e+16
8 240918487.35935277 1.54007504965e+29 6.8235026492916456e+16
8 241018487.35935277 1.53212563966e+29 6.715542668486883e+16
8 241118487.35935277 1.52416144188e+29 6.715542668486883e+16
8 241218487.35935277 1.51598643009e+29 6.715542668486883e+16
8 241319268.60935277 1.52985295375e+29 6.715542668486883e+16
8 241420831.10935277 1.51990456689e+29 6.649850275285765e+16
8 241523174.85935277 1.53575941508e+29 6.649850275285765e+16
8 241626299.85935277 1.52931236255e+29 6.605617446813282e+16
8 241729424.85935277 1.52287974242e+29 6.605617446813282e+16
8 241832549.85935277 1.51646761655e+29 6.561057709744993e+16
8 241936456.10935277 1.53330212381e+29 6.561057709744993e+16
8 242041143.60935277 1.52857812618e+29 6.561057709744993e+16
8 242145831.10935277 1.5239690395e+29 6.561057709744993e+16
8 242251299.85935277 1.54199210213e+29 6.494053327492994e+16
8 242357549.85935277 1.53721315274e+29 6.494053327492994e+16
8 242463799.85935277 1.53156352928e+29 6.494053327492994e+16
8 242570049.85935277 1.52536170816e+29 6.494053327492994e+16
8 242676299.85935277 1.51914725402e+29 6.398160344505006e+16
8 242782549.85935277 1.51292015816e+29 6.398160344505006e+16
8 242889581.10935277 1.52879085817e+29 6.398160344505006e+16
8 242997393.60935277 1.52155305533e+29 6.398160344505006e+16
8 243105987.35935277 1.53529285772e+29 6.398160344505006e+16
8 243215362.35935277 1.52690398633e+29 6.3078743505320936e+16
8 243324737.35935277 1.51849392035e+29 6.3078743505320936e+16
8 243434893.60935277 1.53121603617e+29 6.3078743505320936e+16
8 243545831.10935277 1.52193332231e+29 6.24249804556731e+16
8 243657549.85935277 1.53418342946e+29 6.24249804556731e+16
8 243770049.85935277 1.52639199668e+29 6.24249804556731e+16
8 243882549.85935277 1.51877536415e+29 6.191278095248567e+16
8 243995831.10935277 1.53211498756e+29 6.191278095248567e+16
8 244109893.60935277 1.5243111554e+29 6.1429315757064856e+16
8 244224737.35935277 1.53804938137e+29 6.1429315757064856e+16
8 244340362.35935277 1.53193032619e+29 6.1429315757064856e+16
8 244455987.35935277 1.52580220655e+29 6.083976159837766e+16
8 244571612.35935277 1.51964083186e+29 6.083976159837766e+16
8 244687237.35935277 1.51337944982e+29 6.083976159837766e+16
8 244803643.60935277 1.52741704288e+29 6.083976159837766e+16
8 244921612.35935277 1.54118160732e+29 5.998350479275862e+16
8 245040362.35935277 1.53452188706e+29 5.998350479275862e+16
8 245159112.35935277 1.52695819483e+29 5.998350479275862e+16
8 245277862.35935277 1.51810325523e+29 5.998350479275862e+16
8 245397393.60935277 1.52901786651e+29 5.906297219737422e+16
8 245518487.35935277 1.53955844293e+29 5.906297219737422e+16
8 245640362.35935277 1.53066372765e+29 5.906297219737422e+16
8 245762237.35935277 1.52214395061e+29 5.906297219737422e+16
8 245884112.35935277 1.51360500855e+29 5.82452943975466e+16
8 246006768.60935277 1.52406554698e+29 5.82452943975466e+16
8 246130987.35935277 1.53252424554e+29 5.82452943975466e+16
8 246255987.35935277 1.52128679276e+29 5.7581571481215736e+16
8 246380987.35935277 1.51250561273e+29 5.7581571481215736e+16
8 246506768.60935277 1.52415162008e+29 5.7581571481215736e+16
8 246634112.35935277 1.53550930107e+29 5.694828394236288e+16
8 246762237.35935277 1.52815876427e+29 5.694828394236288e+16
8 246890362.35935277 1.52108428493e+29 5.694828394236288e+16
8 247018487.35935277 1.51399757373e+29 5.694828394236288e+16
8 247147393.60935277 1.52522653446e+29 5.601559974402654e+16
8 247277862.35935277 1.53617428679e+29 5.601559974402654e+16
8 247409112.35935277 1.52609091998e+29 5.601559974402654e+16
8 247540362.35935277 1.51300144313e+29 5.51190199040825e+16
8 247673174.85935277 1.53544399765e+29 5.51190199040825e+16
8 247807549.85935277 1.5225068006e+29 5.51190199040825e+16
8 247942706.10935277 1.52774044986e+29 5.4568166851876936e+16
8 248079424.85935277 1.53596815653e+29 5.4568166851876936e+16
8 248216924.85935277 1.52769270501e+29 5.403800041358676e+16
8 248354424.85935277 1.51897673413e+29 5.403800041358676e+16
8 248492706.10935277 1.5263181487e+29 5.403800041358676e+16
8 248632549.85935277 1.53325259012e+29 5.3410190299787864e+16
8 248773174.85935277 1.52303069557e+29 5.3410190299787864e+16
8 248913799.85935277 1.51282436776e+29 5.277187044482015e+16
8 249055987.35935277 1.53554983919e+29 5.277187044482015e+16
8 249199737.35935277 1.52306858771e+29 5.220682978880457e+16
8 249344268.60935277 1.52754666023e+29 5.220682978880457e+16
8 249490362.35935277 1.53457471552e+29 5.220682978880457e+16
8 249637237.35935277 1.52536566171e+29 5.1622458839928744e+16
8 249784112.35935277 1.51240514878e+29 5.1622458839928744e+16
8 249932549.85935277 1.52885520474e+29 5.1107755235588664e+16
8 250082549.85935277 1.5206086175e+29 5.1107755235588664e+16
8 250232549.85935277 1.51310561173e+29 5.052179967782079e+16
8 250384112.35935277 1.536500624e+29 5.052179967782079e+16
8 250537237.35935277 1.52551340308e+29 5.052179967782079e+16
8 250690362.35935277 1.51392960141e+29 4.968517577194568e+16
8 250845049.85935277 1.53278422249e+29 4.968517577194568e+16
8 251001299.85935277 1.51919647564e+29 4.968517577194568e+16
8 251159112.35935277 1.53497816922e+29 4.893710074137714e+16
8 251318487.35935277 1.52185830544e+29 4.893710074137714e+16
8 251479424.85935277 1.54104268561e+29 4.893710074137714e+16
8 251641924.85935277 1.53029786517e+29 4.815461297005913e+16
8 251804424.85935277 1.51861188765e+29 4.815461297005913e+16
8 251968487.35935277 1.53098048022e+29 4.815461297005913e+16
8 252135674.85935277 1.54195563402e+29 4.74044447687999e+16
8 252304424.85935277 1.52585468883e+29 4.688319048269609e+16
8 252473174.85935277 1.51156466171e+29 4.688319048269609e+16
8 252643487.35935277 1.5273164611e+29 4.6360886309890904e+16
8 252816924.85935277 1.54119545682e+29 4.6360886309890904e+16
8 252991924.85935277 1.52493584205e+29 4.582692184829367e+16
8 253168487.35935277 1.53330535804e+29 4.543841556013823e+16
8 253346612.35935277 1.51934912347e+29 4.543841556013823e+16
8 253526299.85935277 1.53398983324e+29 4.503496871543717e+16
8 253707549.85935277 1.51866194771e+29 4.453898290460989e+16
8 253890362.35935277 1.52805683077e+29 4.453898290460989e+16
8 254076299.85935277 1.53706214151e+29 4.410384519898865e+16
8 254263799.85935277 1.52383751456e+29 4.361226290670242e+16
8 254452862.35935277 1.53463290703e+29 4.361226290670242e+16
8 254645049.85935277 1.54152536744e+29 4.3060385199947256e+16
8 254838799.85935277 1.52267048347e+29 4.259618564657899e+16
8 255034112.35935277 1.52956544161e+29 4.259618564657899e+16
8 255232549.85935277 1.53863649872e+29 4.21060144574233e+16
8 255432549.85935277 1.52053280163e+29 4.21060144574233e+16
8 255634112.35935277 1.52438073155e+29 4.159402321644563e+16
8 255838799.85935277 1.5291657273e+29 4.114553335381847e+16
8 256045049.85935277 1.51403948438e+29 4.114553335381847e+16
8 256252862.35935277 1.5217823592e+29 4.056719999922406e+16
8 256463799.85935277 1.5206285607e+29 3.999095042022626e+16
8 256677862.35935277 1.52123472907e+29 3.999095042022626e+16
8 256895049.85935277 1.52505299833e+29 3.949336707247897e+16
8 257115362.35935277 1.52280269022e+29 3.901303142712707e+16
8 257338799.85935277 1.52562481734e+29 3.901303142712707e+16
8 257565362.35935277 1.52853256912e+29 3.848997791667326e+16
8 257795049.85935277 1.52295493184e+29 3.794398688909094e+16
8 258029424.85935277 1.54196151358e+29 3.744632082999552e+16
8 258266924.85935277 1.52023957544e+29 3.744632082999552e+16
8 258507549.85935277 1.53542320677e+29 3.690851656722599e+16
8 258752862.35935277 1.53071185974e+29 3.638798975968118e+16
8 259001299.85935277 1.52716851608e+29 3.638798975968118e+16
8 259254424.85935277 1.54159778021e+29 3.579269514179082e+16
8 259510674.85935277 1.51174417839e+29 3.5210874477349616e+16
8 259770049.85935277 1.51818791308e+29 3.4759618508842372e+16
8 260035674.85935277 1.52663483409e+29 3.433493890960849e+16
8 260307549.85935277 1.53799282582e+29 3.433493890960849e+16
8 260582549.85935277 1.51375956362e+29 3.375212773171642e+16
8 260860674.85935277 1.51406931567e+29 3.3122804116381028e+16
8 261145049.85935277 1.51293751134e+29 3.2634815228420144e+16
8 261435674.85935277 1.51570309965e+29 3.213432815705467e+16
8 261735674.85935277 1.54002105612e+29 3.1711775914371292e+16
8 262045049.85935277 1.53182694258e+29 3.117798410445939e+16
8 262360674.85935277 1.53185096187e+29 3.083671485296618e+16
8 262682549.85935277 1.52329957834e+29 3.0463004930312944e+16
8 263010674.85935277 1.51872348723e+29 3.002419901621743e+16
8 263348174.85935277 1.52548307112e+29 2.9302368255758004e+16
8 263698174.85935277 1.53811312817e+29 2.8854144233123748e+16
8 264057549.85935277 1.52497743581e+29 2.823106511609453e+16
8 264426299.85935277 1.53301539675e+29 2.7839326968821852e+16
8 264807549.85935277 1.53474595119e+29 2.7045863069458836e+16
8 265201299.85935277 1.53322250115e+29 2.6614559855084744e+16
8 265607549.85935277 1.52379021151e+29 2.5862717794436604e+16
8 266026299.85935277 1.51288492084e+29 2.551081858700329e+16
8 266463799.85935277 1.54074240038e+29 2.4771649225507664e+16
8 266920049.85935277 1.51903324353e+29 2.408553056302786e+16
8 267395049.85935277 1.5346917076e+29 2.3281067591196444e+16
8 267895049.85935277 1.52881168582e+29 2.2591354149705684e+16
8 268420049.85935277 1.52167320042e+29 2.202241816668987e+16
8 268976299.85935277 1.53468352132e+29 2.116597559509914e+16
8 269570049.85935277 1.53444332126e+29 2.020104316324243e+16
8 270201299.85935277 1.52423717249e+29 1.956304443365843e+16
8 270882549.85935277 1.53262915867e+29 1.8361837031088036e+16
8 271626299.85935277 1.52378398999e+29 1.7331328123960576e+16
8 272445049.85935277 1.52677638951e+29 1.6282656757836616e+16
8 273363799.85935277 1.51645967018e+29 1.509677920121057e+16
8 274426299.85935277 1.52396541809e+29 1.360262902001922e+16
8 275713799.85935277 1.52284132061e+29 1.1931191379080406e+16
8 277326299.85935277 1.526947482e+29 9959386205106754.0
8 280326299.85935277 1.51857423115e+29 6423202147020675.0
8 285526299.85935277 0.0 1130034772722333.5
#
#
# runtime:  18461.6339769  seconds
