## fname ../data/sample_MESA_output/profile_wd1_0.6Msolar.data  masscut 0.95    N 8   mp (Ms) 1e-07   mp (g) 1.988e+26   RKstep 8.000e+04
#N    (ru+rl)/2 (cm)    M(g) contained in shell ru-rl   internal energy E (unlog)...ergs?
8 675456701.683 1.53465311012e+29 1.25943970653e+16
8 675576701.683 1.53300315234e+29 1.25822943532e+16
8 675696701.683 1.53135173143e+29 1.2570191641e+16
8 675816701.683 1.52969884697e+29 1.25580889289e+16
8 675936701.683 1.52804449855e+29 1.25459862168e+16
8 676096701.683 2.28875443052e+29 1.25298492672e+16
8 676256701.683 2.28543841012e+29 1.25137123177e+16
8 676416701.683 2.28211848175e+29 1.24975753682e+16
8 676576701.683 2.27879464394e+29 1.24814384187e+16
8 676736701.683 2.27537176421e+29 1.24651161425e+16
8 676896701.683 2.27140356894e+29 1.24456041923e+16
8 677056701.683 2.26715831773e+29 1.24260922421e+16
8 677216701.683 2.26290829136e+29 1.2406580292e+16
8 677376701.683 2.25865348806e+29 1.23870683418e+16
8 677536701.683 2.25439390605e+29 1.23675563916e+16
8 677696701.683 2.25018677568e+29 1.23480444414e+16
8 677856701.683 2.24650844159e+29 1.23317046208e+16
8 678016701.683 2.24320196117e+29 1.23156703625e+16
8 678176701.683 2.23989635268e+29 1.22996361041e+16
8 678336701.683 2.23658687451e+29 1.22836018458e+16
8 678496701.683 2.2332735252e+29 1.22675675875e+16
8 678656701.683 2.22993423755e+29 1.22515333291e+16
8 678816701.683 2.2257257458e+29 1.2230623491e+16
8 678976701.683 2.22057747e+29 1.22077485577e+16
8 679136701.683 2.21537830639e+29 1.21848736243e+16
8 679296701.683 2.21065742004e+29 1.21645167843e+16
8 679456701.683 2.20710107026e+29 1.21484620395e+16
8 679616701.683 2.20379702129e+29 1.21324072948e+16
8 679776701.683 2.20052945272e+29 1.21163697078e+16
8 679936701.683 2.19753020783e+29 1.2102264562e+16
8 680096701.683 2.19467992351e+29 1.20881594162e+16
8 680256701.683 2.19182622627e+29 1.20740542704e+16
8 680416701.683 2.18896388267e+29 1.20599491246e+16
8 680576701.683 2.18589286984e+29 1.20446748831e+16
8 680736701.683 2.18259639966e+29 1.20289292096e+16
8 680896701.683 2.17928534789e+29 1.20131835361e+16
8 681056701.683 2.17597045986e+29 1.19974378625e+16
8 681216701.683 2.17270661901e+29 1.19820024031e+16
8 681376701.683 2.16956499851e+29 1.19670559856e+16
8 681536701.683 2.16644599303e+29 1.1952109568e+16
8 681696701.683 2.16332334025e+29 1.19371631505e+16
8 681856701.683 2.16019600587e+29 1.19222167329e+16
8 682016701.683 2.15699828548e+29 1.1906854853e+16
8 682176701.683 2.15370716919e+29 1.18912295379e+16
8 682336701.683 2.15040357207e+29 1.18756042227e+16
8 682496701.683 2.14709616484e+29 1.18599789075e+16
8 682656701.683 2.14376195646e+29 1.18443535924e+16
8 682816701.683 2.14000656576e+29 1.18262862031e+16
8 682976701.683 2.13587105363e+29 1.18076094711e+16
8 683136701.683 2.13172180013e+29 1.17889327392e+16
8 683296701.683 2.12776296656e+29 1.17712673096e+16
8 683456701.683 2.12433530377e+29 1.17556992282e+16
8 683616701.683 2.12103397887e+29 1.17401311469e+16
8 683776701.683 2.11772089399e+29 1.17245630656e+16
8 683936701.683 2.11429089623e+29 1.17083226832e+16
8 684096701.683 2.11076163822e+29 1.1691945938e+16
8 684256701.683 2.10722858593e+29 1.16755691928e+16
8 684416701.683 2.10379849511e+29 1.16597870035e+16
8 684576701.683 2.10049262813e+29 1.16443053016e+16
8 684736701.683 2.09719228191e+29 1.16288235997e+16
8 684896701.683 2.09348031148e+29 1.16111527748e+16
8 685056701.683 2.08901967783e+29 1.15911226422e+16
8 685216701.683 2.08485292821e+29 1.15733050356e+16
8 685376701.683 2.08143791992e+29 1.15578793354e+16
8 685536701.683 2.07851277052e+29 1.15444785144e+16
8 685696701.683 2.07628443967e+29 1.15333303579e+16
8 685856701.683 2.07416471174e+29 1.15221822014e+16
8 686016701.683 2.07204232709e+29 1.15110340448e+16
8 686176701.683 2.06966267297e+29 1.14998858883e+16
8 686336701.683 2.06538654598e+29 1.14770561133e+16
8 686496701.683 2.05999099277e+29 1.14539680977e+16
8 686656701.683 2.0555956507e+29 1.14365448508e+16
8 686816701.683 2.05225742727e+29 1.14212615874e+16
8 686976701.683 2.04905969714e+29 1.14065328712e+16
8 687136701.683 2.04604801074e+29 1.13924420302e+16
8 687296701.683 2.04305527621e+29 1.13783511892e+16
8 687456701.683 2.03990567228e+29 1.13634138843e+16
8 687616701.683 2.03661517943e+29 1.13482693803e+16
8 687776701.683 2.03329472514e+29 1.13330555615e+16
8 687936701.683 2.02986568573e+29 1.1317378314e+16
8 688096701.683 2.02639099315e+29 1.13017010665e+16
8 688256701.683 2.02299582644e+29 1.12863986881e+16
8 688416701.683 2.01969903207e+29 1.12712947005e+16
8 688576701.683 2.01641010442e+29 1.12561875289e+16
8 688736701.683 2.01313277995e+29 1.12410645544e+16
8 688896701.683 2.0098574573e+29 1.12259415798e+16
8 689056701.683 2.00657856643e+29 1.12108470298e+16
8 689216701.683 2.00329613215e+29 1.11957670215e+16
8 689376701.683 2.00002204252e+29 1.11807320193e+16
8 689536701.683 1.99679727394e+29 1.11659622671e+16
8 689696701.683 1.99358985496e+29 1.11511925149e+16
8 689856701.683 1.99035656231e+29 1.11363033218e+16
8 690016701.683 1.98708292823e+29 1.11213056887e+16
8 690176701.683 1.98379894503e+29 1.11063080557e+16
8 690336701.683 1.98049329846e+29 1.10912219388e+16
8 690496701.683 1.97717067727e+29 1.10761250855e+16
8 690656701.683 1.97384342918e+29 1.106101991e+16
8 690816701.683 1.97051036375e+29 1.10458954647e+16
8 690976701.683 1.96717438366e+29 1.10307710194e+16
8 691136701.683 1.96386833192e+29 1.10158542561e+16
8 691296701.683 1.96059080127e+29 1.10009991115e+16
8 691456701.683 1.9573794233e+29 1.09864676946e+16
8 691616701.683 1.95441770372e+29 1.09730201334e+16
8 691776701.683 1.9515295887e+29 1.09595725721e+16
8 691936701.683 1.94859304831e+29 1.09459980818e+16
8 692096701.683 1.94542747657e+29 1.09312388133e+16
8 692256701.683 1.94215601567e+29 1.09164795449e+16
8 692416701.683 1.93876011767e+29 1.09017202765e+16
8 692576701.683 1.93436908954e+29 1.08810918017e+16
8 692736701.683 1.92964134617e+29 1.08616232171e+16
8 692896701.683 1.9260356902e+29 1.0846930256e+16
8 693056701.683 1.92294586377e+29 1.08332209092e+16
8 693216701.683 1.92015838709e+29 1.0820406626e+16
8 693376701.683 1.91732089682e+29 1.08071915203e+16
8 693536701.683 1.9141541879e+29 1.07925875566e+16
8 693696701.683 1.9109140694e+29 1.07779835929e+16
8 693856701.683 1.90795861482e+29 1.07650587788e+16
8 694016701.683 1.90520156992e+29 1.07522894227e+16
8 694176701.683 1.90242510482e+29 1.07395200665e+16
8 694336701.683 1.89938659281e+29 1.07253006267e+16
8 694496701.683 1.89612829555e+29 1.07107953393e+16
8 694656701.683 1.89285013034e+29 1.0696290052e+16
8 694816701.683 1.88914583106e+29 1.06795177221e+16
8 694976701.683 1.88500851855e+29 1.06619444429e+16
8 695136701.683 1.88118925756e+29 1.06461491388e+16
8 695296701.683 1.87786882407e+29 1.06317137214e+16
8 695456701.683 1.87431495474e+29 1.06158092185e+16
8 695616701.683 1.87017148225e+29 1.05975684666e+16
8 695776701.683 1.86651329673e+29 1.05830493031e+16
8 695936701.683 1.86358279982e+29 1.05705082992e+16
8 696096701.683 1.86119741179e+29 1.05595821306e+16
8 696256701.683 1.85883975878e+29 1.0548655962e+16
8 696416701.683 1.85599091288e+29 1.05347079449e+16
8 696576701.683 1.85275206935e+29 1.05202686285e+16
8 696736701.683 1.84958584052e+29 1.05061734232e+16
8 696896701.683 1.84675694063e+29 1.04936731142e+16
8 697056701.683 1.84404795515e+29 1.04811728052e+16
8 697216701.683 1.84133516036e+29 1.04686724961e+16
8 697376701.683 1.8384382083e+29 1.04552284497e+16
8 697536701.683 1.83524042568e+29 1.04409325646e+16
8 697696701.683 1.83199955594e+29 1.04266366795e+16
8 697856701.683 1.82866190387e+29 1.04123407944e+16
8 698016701.683 1.8241448055e+29 1.03916895308e+16
8 698176701.683 1.81893492487e+29 1.0370587915e+16
8 698336701.683 1.81505757096e+29 1.03564815164e+16
8 698496701.683 1.8119749464e+29 1.03432172424e+16
8 698656701.683 1.80936136397e+29 1.03317436991e+16
8 698816701.683 1.80686053145e+29 1.03202701557e+16
8 698976701.683 1.80410487105e+29 1.03075090325e+16
8 699136701.683 1.80091991578e+29 1.02935294343e+16
8 699296701.683 1.79765411526e+29 1.02795498361e+16
8 699456701.683 1.79359790833e+29 1.02616056048e+16
8 699616701.683 1.7889115329e+29 1.02428965934e+16
8 699776701.683 1.78526064251e+29 1.02291014008e+16
8 699936701.683 1.78233657808e+29 1.0216998709e+16
8 700096701.683 1.77982395055e+29 1.02058597263e+16
8 700256701.683 1.77723290614e+29 1.01943307559e+16
8 700416701.683 1.77416402112e+29 1.01807117134e+16
8 700576701.683 1.77090166728e+29 1.01670926709e+16
8 700736701.683 1.76726595226e+29 1.01514679734e+16
8 700896701.683 1.76323465502e+29 1.01348371757e+16
8 701056701.683 1.75962553906e+29 1.01215130358e+16
8 701216701.683 1.75615439888e+29 1.01081581338e+16
8 701376701.683 1.75203635199e+29 1.00930768077e+16
8 701536701.683 1.74838468004e+29 1.00803039976e+16
8 701696701.683 1.74546074891e+29 1.00688671924e+16
8 701856701.683 1.74266081651e+29 1.00569914593e+16
8 702016701.683 1.73950474129e+29 1.00437248671e+16
8 702176701.683 1.73658747537e+29 1.00320480096e+16
8 702336701.683 1.73404700058e+29 1.00210803032e+16
8 702496701.683 1.73141947502e+29 1.00097064727e+16
8 702656701.683 1.7283454386e+29 9.99634976529e+15
8 702816701.683 1.72509522561e+29 9.98299305786e+15
8 702976701.683 1.7213500117e+29 9.96728688711e+15
8 703136701.683 1.71708932415e+29 9.95036360732e+15
8 703296701.683 1.71347266009e+29 9.93717166014e+15
8 703456701.683 1.71024975199e+29 9.92411286659e+15
8 703616701.683 1.70707425696e+29 9.91123536834e+15
8 703776701.683 1.70386860817e+29 9.89822058976e+15
8 703936701.683 1.70069144587e+29 9.88527664073e+15
8 704096701.683 1.6979017003e+29 9.87434829802e+15
8 704256701.683 1.69530405123e+29 9.86341995531e+15
8 704416701.683 1.69246863306e+29 9.85139195687e+15
8 704576701.683 1.68926976864e+29 9.83847983873e+15
8 704736701.683 1.686038168e+29 9.82558750325e+15
8 704896701.683 1.68288933515e+29 9.81315776965e+15
8 705056701.683 1.67978199688e+29 9.80072803605e+15
8 705216701.683 1.67664245841e+29 9.78818771643e+15
8 705376701.683 1.67342231222e+29 9.77542673774e+15
8 705536701.683 1.67017769583e+29 9.76266575904e+15
8 705696701.683 1.66676199361e+29 9.74912204648e+15
8 705856701.683 1.66311761972e+29 9.7350828545e+15
8 706016701.683 1.65955478603e+29 9.72156075848e+15
8 706176701.683 1.65625473046e+29 9.70896255878e+15
8 706336701.683 1.65305459167e+29 9.69647637254e+15
8 706496701.683 1.6500693692e+29 9.68505334146e+15
8 706656701.683 1.64718030335e+29 9.67363031038e+15
8 706816701.683 1.64420917392e+29 9.66186937065e+15
8 706976701.683 1.64102367049e+29 9.64943465229e+15
8 707136701.683 1.63778179819e+29 9.63699993392e+15
8 707296701.683 1.63423491217e+29 9.6231796353e+15
8 707456701.683 1.63022915458e+29 9.60825958645e+15
8 707616701.683 1.62648693355e+29 9.59487669857e+15
8 707776701.683 1.62320038531e+29 9.5825735582e+15
8 707936701.683 1.62002055621e+29 9.57058949603e+15
8 708096701.683 1.61691960958e+29 9.55880986364e+15
8 708256701.683 1.61378109593e+29 9.54684384771e+15
8 708416701.683 1.61055940671e+29 9.53466506233e+15
8 708576701.683 1.60703291489e+29 9.52124455647e+15
8 708736701.683 1.60280404833e+29 9.50519408997e+15
8 708896701.683 1.5991425437e+29 9.49311038048e+15
8 709056701.683 1.59590061386e+29 9.48104938411e+15
8 709216701.683 1.59265617552e+29 9.46903211263e+15
8 709376701.683 1.58953528007e+29 9.45738201159e+15
8 709536701.683 1.58697528814e+29 9.448171686e+15
8 709696701.683 1.58464591107e+29 9.4389613604e+15
8 709856701.683 1.58191031694e+29 9.42792559142e+15
8 710016701.683 1.57871010764e+29 9.41605363022e+15
8 710176701.683 1.5753863947e+29 9.40380254879e+15
8 710336701.683 1.57173185458e+29 9.39037656438e+15
8 710496701.683 1.56809362012e+29 9.37745747958e+15
8 710656701.683 1.56478446969e+29 9.36567902484e+15
8 710816701.683 1.56172864744e+29 9.35464798976e+15
8 710976701.683 1.55909362812e+29 9.34492511352e+15
8 711136701.683 1.55655002036e+29 9.33520223727e+15
8 711296701.683 1.55383237968e+29 9.32473810315e+15
8 711456701.683 1.5507069067e+29 9.31305040583e+15
8 711616701.683 1.54749121641e+29 9.30136270851e+15
8 711776701.683 1.54412159758e+29 9.28901370573e+15
8 711936701.683 1.54038756582e+29 9.27554941887e+15
8 712096701.683 1.53663828047e+29 9.26220120033e+15
8 712256701.683 1.53325461397e+29 9.25052751186e+15
8 712416701.683 1.53002907435e+29 9.23885382338e+15
8 712616701.683 2.03333204056e+29 9.21999156193e+15
8 712816701.683 2.02687394695e+29 9.2039849806e+15
8 713016701.683 2.02210523804e+29 9.19134344881e+15
8 713216701.683 2.01786030235e+29 9.17966008649e+15
8 713416701.683 2.0126579188e+29 9.16419508297e+15
8 713616701.683 2.00717271868e+29 9.14946144151e+15
8 713816701.683 2.00241992733e+29 9.13645175999e+15
8 714016701.683 1.99685001763e+29 9.12049670309e+15
8 714216701.683 1.99064547663e+29 9.10350125851e+15
8 714416701.683 1.98637184849e+29 9.09248404165e+15
8 714616701.683 1.98235575835e+29 9.0814668248e+15
8 714816701.683 1.97611539125e+29 9.06183280609e+15
8 715016701.683 1.96943281253e+29 9.04459211407e+15
8 715216701.683 1.96437658761e+29 9.0305924807e+15
8 715416701.683 1.96039474424e+29 9.01929952313e+15
8 715616701.683 1.95666705391e+29 9.00800656556e+15
8 715816701.683 1.95179987777e+29 8.9928204049e+15
8 716016701.683 1.94566813411e+29 8.97520518846e+15
8 716216701.683 1.94027960741e+29 8.96044907542e+15
8 716416701.683 1.93581453821e+29 8.94717098388e+15
8 716616701.683 1.93130449648e+29 8.93381579824e+15
8 716816701.683 1.92625707291e+29 8.91806474552e+15
8 717016701.683 1.920939787e+29 8.90231369281e+15
8 717216701.683 1.91569848574e+29 8.88665329686e+15
8 717416701.683 1.91056687855e+29 8.87107671854e+15
8 717616701.683 1.90538351533e+29 8.85550014023e+15
8 717816701.683 1.89985852836e+29 8.83823167466e+15
8 718016701.683 1.8941920605e+29 8.82094774488e+15
8 718216701.683 1.88887371727e+29 8.80477353663e+15
8 718416701.683 1.88387030307e+29 8.78876387044e+15
8 718616701.683 1.87968716774e+29 8.7759345738e+15
8 718816701.683 1.87627265541e+29 8.76423065359e+15
8 719016701.683 1.87288930641e+29 8.75252673339e+15
8 719216701.683 1.86950132066e+29 8.74082281318e+15
8 719416701.683 1.86592407779e+29 8.72900279261e+15
8 719616701.683 1.86143550376e+29 8.71242107554e+15
8 719816701.683 1.85648342052e+29 8.69583935847e+15
8 720016701.683 1.85152496971e+29 8.67925764139e+15
8 720216701.683 1.84656014855e+29 8.66267592432e+15
8 720416701.683 1.84187903803e+29 8.64687828005e+15
8 720616701.683 1.83795652851e+29 8.63345461867e+15
8 720816701.683 1.83425708931e+29 8.62003095729e+15
8 721016701.683 1.83055269395e+29 8.60660729591e+15
8 721216701.683 1.82684334023e+29 8.59318363453e+15
8 721416701.683 1.82312902597e+29 8.57975997315e+15
8 721616701.683 1.81940974901e+29 8.56633631177e+15
8 721816701.683 1.81568550715e+29 8.55291265038e+15
8 722016701.683 1.81178944915e+29 8.53909219913e+15
8 722216701.683 1.80725851306e+29 8.52192727049e+15
8 722416701.683 1.80245486307e+29 8.50476234186e+15
8 722616701.683 1.79764506085e+29 8.48759741322e+15
8 722816701.683 1.79282910375e+29 8.47043248458e+15
8 723016701.683 1.78800698908e+29 8.45326755594e+15
8 723216701.683 1.78317871418e+29 8.43610262731e+15
8 723416701.683 1.77834427638e+29 8.41893769867e+15
8 723616701.683 1.77345338023e+29 8.40177277003e+15
8 723816701.683 1.7680043093e+29 8.38145289326e+15
8 724016701.683 1.7620616663e+29 8.36023771006e+15
8 724216701.683 1.75609761042e+29 8.33902252687e+15
8 724416701.683 1.7501261583e+29 8.31780734367e+15
8 724616701.683 1.74414730675e+29 8.29659216047e+15
8 724816701.683 1.73822751957e+29 8.27537697727e+15
8 725016701.683 1.7329518062e+29 8.25706168788e+15
8 725216701.683 1.72821591696e+29 8.23943796228e+15
8 725416701.683 1.72348424169e+29 8.22181423668e+15
8 725616701.683 1.71874655853e+29 8.20419051108e+15
8 725816701.683 1.7140028649e+29 8.18656678548e+15
8 726016701.683 1.70926118808e+29 8.16894305988e+15
8 726216701.683 1.70462005154e+29 8.15151805955e+15
8 726416701.683 1.70007378556e+29 8.134164652e+15
8 726616701.683 1.69552654699e+29 8.11681124444e+15
8 726816701.683 1.69097352765e+29 8.09945783689e+15
8 727016701.683 1.68641472507e+29 8.08210442934e+15
8 727216701.683 1.68185013675e+29 8.06475102178e+15
8 727416701.683 1.67726394503e+29 8.04730256533e+15
8 727616701.683 1.67262839453e+29 8.02953834758e+15
8 727816701.683 1.66797344969e+29 8.01177412982e+15
8 728016701.683 1.66331262893e+29 7.99400991207e+15
8 728216701.683 1.65864592972e+29 7.97624569432e+15
8 728416701.683 1.65397334955e+29 7.95848147657e+15
8 728616701.683 1.64929285657e+29 7.94071725882e+15
8 728816701.683 1.64451278847e+29 7.92237355957e+15
8 729016701.683 1.63961772952e+29 7.90365195557e+15
8 729216701.683 1.63470602483e+29 7.88493035157e+15
8 729416701.683 1.62978819013e+29 7.86620874757e+15
8 729616701.683 1.6248642228e+29 7.84748714357e+15
8 729816701.683 1.61993536809e+29 7.82876553957e+15
8 730016701.683 1.61512511054e+29 7.81050895511e+15
8 730216701.683 1.61049821261e+29 7.79274194439e+15
8 730416701.683 1.60589404013e+29 7.77497493366e+15
8 730616701.683 1.60128409893e+29 7.75720792294e+15
8 730816701.683 1.59666838654e+29 7.73944091222e+15
8 731016701.683 1.5920469005e+29 7.7216739015e+15
8 731216701.683 1.58735176155e+29 7.70361164623e+15
8 731416701.683 1.58247621592e+29 7.68470086432e+15
8 731616701.683 1.57754376658e+29 7.6657900824e+15
8 731816701.683 1.57260521272e+29 7.64687930049e+15
8 732016701.683 1.56766055174e+29 7.62796851857e+15
8 732216701.683 1.56271724502e+29 7.60905773666e+15
8 732416701.683 1.55795132566e+29 7.59092116399e+15
8 732616701.683 1.55337883171e+29 7.57320484156e+15
8 732816701.683 1.54881690104e+29 7.55548851913e+15
8 733016701.683 1.54424929458e+29 7.53777219671e+15
8 733216701.683 1.53967600992e+29 7.52005587428e+15
8 733416701.683 1.53496600937e+29 7.50233955185e+15
8 733616701.683 1.52944653512e+29 7.48005526478e+15
8 733856701.683 1.90277800515e+29 7.45298136209e+15
8 734096701.683 1.89380955226e+29 7.42590745939e+15
8 734336701.683 1.88588920204e+29 7.4027584858e+15
8 734576701.683 1.87900805352e+29 7.38152120657e+15
8 734816701.683 1.8722032141e+29 7.36028392735e+15
8 735056701.683 1.8659528344e+29 7.34091972753e+15
8 735296701.683 1.86041760737e+29 7.32326047745e+15
8 735536701.683 1.85496713212e+29 7.30560122737e+15
8 735776701.683 1.8495083522e+29 7.28794197729e+15
8 736016701.683 1.84397892676e+29 7.27028272722e+15
8 736256701.683 1.83783031579e+29 7.25009723526e+15
8 736496701.683 1.83113395297e+29 7.22902289492e+15
8 736736701.683 1.82440148457e+29 7.20794855458e+15
8 736976701.683 1.81765907476e+29 7.18687421425e+15
8 737216701.683 1.81095268746e+29 7.16579987391e+15
8 737456701.683 1.80452534309e+29 7.14583287164e+15
8 737696701.683 1.79829018949e+29 7.12603269335e+15
8 737936701.683 1.7920481267e+29 7.10623251506e+15
8 738176701.683 1.78579679954e+29 7.08643233677e+15
8 738416701.683 1.77953620331e+29 7.06663215848e+15
8 738656701.683 1.7731761369e+29 7.04654360556e+15
8 738896701.683 1.76660601133e+29 7.02563925053e+15
8 739136701.683 1.75996889106e+29 7.00473489551e+15
8 739376701.683 1.75332203016e+29 6.98383054049e+15
8 739616701.683 1.74666542371e+29 6.96292618547e+15
8 739856701.683 1.73998580442e+29 6.94202183044e+15
8 740096701.683 1.73278371208e+29 6.91922235644e+15
8 740336701.683 1.72492067821e+29 6.89474180653e+15
8 740576701.683 1.7169642055e+29 6.87026125661e+15
8 740816701.683 1.70899632894e+29 6.8457807067e+15
8 741056701.683 1.70133025748e+29 6.8220116591e+15
8 741296701.683 1.69448128627e+29 6.80118723943e+15
8 741536701.683 1.68789621678e+29 6.78036281977e+15
8 741776701.683 1.68130155457e+29 6.7595384001e+15
8 742016701.683 1.67466144988e+29 6.73871398044e+15
8 742256701.683 1.66771047173e+29 6.71651635548e+15
8 742496701.683 1.66050356567e+29 6.6939399674e+15
8 742736701.683 1.65327812538e+29 6.67136357932e+15
8 742976701.683 1.64612905981e+29 6.64878719124e+15
8 743216701.683 1.63937460231e+29 6.6279809386e+15
8 743456701.683 1.63284356729e+29 6.60724361893e+15
8 743696701.683 1.62630397864e+29 6.58650629925e+15
8 743936701.683 1.61993627131e+29 6.5659975267e+15
8 744176701.683 1.61418083651e+29 6.54807174332e+15
8 744416701.683 1.60869032148e+29 6.53014595995e+15
8 744656701.683 1.60319171691e+29 6.51222017657e+15
8 744896701.683 1.59768501873e+29 6.49429439319e+15
8 745136701.683 1.59213263837e+29 6.47636860982e+15
8 745376701.683 1.58614179112e+29 6.4565992406e+15
8 745616701.683 1.57973833787e+29 6.43605337867e+15
8 745856701.683 1.57330128875e+29 6.41550751673e+15
8 746096701.683 1.56685497051e+29 6.3949616548e+15
8 746336701.683 1.56039937853e+29 6.37441579287e+15
8 746576701.683 1.55367445962e+29 6.35318668722e+15
8 746816701.683 1.54626840169e+29 6.32927752565e+15
8 747056701.683 1.53863361946e+29 6.30536836407e+15
8 747296701.683 1.53098806586e+29 6.28145920249e+15
8 747576701.683 1.82684979797e+29 6.25411369841e+15
8 747856701.683 1.81753793752e+29 6.23023450347e+15
8 748136701.683 1.8086070966e+29 6.20635530854e+15
8 748416701.683 1.79966677351e+29 6.18247611361e+15
8 748696701.683 1.79095695728e+29 6.15919723798e+15
8 748976701.683 1.7825623462e+29 6.13661876725e+15
8 749256701.683 1.77420775462e+29 6.11404029653e+15
8 749536701.683 1.76583917655e+29 6.0914618258e+15
8 749816701.683 1.75734082355e+29 6.0685632987e+15
8 750096701.683 1.74860262476e+29 6.04486106859e+15
8 750376701.683 1.73979091637e+29 6.02115883847e+15
8 750656701.683 1.73096459054e+29 5.99745660835e+15
8 750936701.683 1.72169995996e+29 5.97364408899e+15
8 751216701.683 1.71087340545e+29 5.94329970267e+15
8 751496701.683 1.69925925717e+29 5.91295531634e+15
8 751776701.683 1.68839569391e+29 5.88420386542e+15
8 752056701.683 1.67916017013e+29 5.86054014228e+15
8 752336701.683 1.67040427218e+29 5.83687641915e+15
8 752616701.683 1.6619236155e+29 5.8139368575e+15
8 752896701.683 1.65384700508e+29 5.79200136488e+15
8 753176701.683 1.64583484774e+29 5.77006587226e+15
8 753456701.683 1.63769753736e+29 5.74799940093e+15
8 753736701.683 1.62920489384e+29 5.72448301784e+15
8 754016701.683 1.62055021457e+29 5.70096663476e+15
8 754296701.683 1.61178668486e+29 5.67745025167e+15
8 754576701.683 1.602020697e+29 5.65044995135e+15
8 754856701.683 1.5913238474e+29 5.62185186509e+15
8 755136701.683 1.58118232166e+29 5.59469947428e+15
8 755416701.683 1.57226470722e+29 5.57122547407e+15
8 755696701.683 1.56378660074e+29 5.54775147386e+15
8 755976701.683 1.55602094196e+29 5.52698777395e+15
8 756256701.683 1.5487647432e+29 5.506715851e+15
8 756536701.683 1.54149312808e+29 5.48644392804e+15
8 756816701.683 1.53374518583e+29 5.46475858063e+15
8 757136701.683 1.77817704258e+29 5.43812400492e+15
8 757456701.683 1.76682008217e+29 5.4114894292e+15
8 757776701.683 1.75346067538e+29 5.3803056218e+15
8 758096701.683 1.73760018857e+29 5.34207531123e+15
8 758416701.683 1.72396144809e+29 5.3126269981e+15
8 758736701.683 1.7126636264e+29 5.28605375614e+15
8 759056701.683 1.70164131735e+29 5.2600550873e+15
8 759376701.683 1.69060929498e+29 5.2338592044e+15
8 759696701.683 1.67954079606e+29 5.20730639099e+15
8 760016701.683 1.66973785486e+29 5.18430896415e+15
8 760336701.683 1.66131000552e+29 5.16382716539e+15
8 760656701.683 1.65300713081e+29 5.14334536662e+15
8 760976701.683 1.64385080112e+29 5.12110485729e+15
8 761296701.683 1.63322558377e+29 5.09480953112e+15
8 761616701.683 1.62220900167e+29 5.06851420495e+15
8 761936701.683 1.61066545525e+29 5.04221887878e+15
8 762256701.683 1.59710132266e+29 5.00832361075e+15
8 762576701.683 1.58271561283e+29 4.97397592232e+15
8 762896701.683 1.57030889672e+29 4.94628895574e+15
8 763216701.683 1.55933844125e+29 4.92001334599e+15
8 763536701.683 1.54839649499e+29 4.89367792328e+15
8 763856701.683 1.53745081562e+29 4.86731362463e+15
8 764216701.683 1.74308357376e+29 4.83777694976e+15
8 764576701.683 1.72915154013e+29 4.80833413437e+15
8 764936701.683 1.71525462596e+29 4.77891779643e+15
8 765296701.683 1.70138832275e+29 4.74951794184e+15
8 765656701.683 1.68756200388e+29 4.72016974579e+15
8 766016701.683 1.67376194911e+29 4.69085111859e+15
8 766376701.683 1.65986857532e+29 4.66123816941e+15
8 766736701.683 1.64589845319e+29 4.63144683185e+15
8 767096701.683 1.63208359752e+29 4.60203634754e+15
8 767456701.683 1.61837811234e+29 4.57283323652e+15
8 767816701.683 1.60424911554e+29 4.54242570725e+15
8 768176701.683 1.58981490362e+29 4.51133678015e+15
8 768536701.683 1.57589764051e+29 4.48189831327e+15
8 768896701.683 1.56228400342e+29 4.45277977834e+15
8 769256701.683 1.54841035787e+29 4.42264043567e+15
8 769616701.683 1.53459049631e+29 4.39280647822e+15
8 770016701.683 1.70924349627e+29 4.3605652869e+15
8 770416701.683 1.68991551718e+29 4.32200638607e+15
8 770816701.683 1.67098279738e+29 4.28647828328e+15
8 771216701.683 1.65549342348e+29 4.25711981857e+15
8 771616701.683 1.6406339505e+29 4.22843985647e+15
8 772016701.683 1.62466336321e+29 4.19635872604e+15
8 772416701.683 1.60890785718e+29 4.16592219517e+15
8 772816701.683 1.59381629467e+29 4.13609104615e+15
8 773216701.683 1.5791926225e+29 4.10749584612e+15
8 773616701.683 1.56391116472e+29 4.07890064608e+15
8 774016701.683 1.5456994968e+29 4.04093493393e+15
8 774416701.683 1.52720309947e+29 4.00498888333e+15
8 774856701.683 1.67636202915e+29 3.96999401511e+15
8 775296701.683 1.65520949195e+29 3.93122444571e+15
8 775736701.683 1.6342341632e+29 3.8952882486e+15
8 776176701.683 1.61164636974e+29 3.85213554925e+15
8 776616701.683 1.591014846e+29 3.81752639521e+15
8 777056701.683 1.57399191281e+29 3.78831329142e+15
8 777496701.683 1.55588737827e+29 3.75369857998e+15
8 777936701.683 1.53796230394e+29 3.72210929863e+15
8 778416701.683 1.66968426083e+29 3.68528905804e+15
8 778896701.683 1.64576436298e+29 3.64571203266e+15
8 779376701.683 1.62155227303e+29 3.60540590614e+15
8 779856701.683 1.59785583814e+29 3.56672363586e+15
8 780336701.683 1.57405678986e+29 3.52697360294e+15
8 780816701.683 1.54900270457e+29 3.48374433352e+15
8 781296701.683 1.52698083087e+29 3.44784609449e+15
8 781816701.683 1.64545345619e+29 3.4193706323e+15
8 782336701.683 1.62138253081e+29 3.37951821785e+15
8 782856701.683 1.59188499281e+29 3.33196490386e+15
8 783376701.683 1.56273237255e+29 3.2883782699e+15
8 783896701.683 1.53623837471e+29 3.24653957274e+15
8 784456701.683 1.63460071501e+29 3.2038086766e+15
8 785016701.683 1.60524519624e+29 3.16208746565e+15
8 785576701.683 1.57214582645e+29 3.10955806307e+15
8 786136701.683 1.54007900345e+29 3.07473380291e+15
8 786736701.683 1.62563939488e+29 3.04044818674e+15
8 787336701.683 1.59350478367e+29 3.00714599455e+15
8 787936701.683 1.55995675993e+29 2.96019327518e+15
8 788576701.683 1.63218688181e+29 2.90948402153e+15
8 789216701.683 1.59260566275e+29 2.85553290037e+15
8 789856701.683 1.55357330408e+29 2.80550401184e+15
8 790536701.683 1.61507194592e+29 2.75146123244e+15
8 791216701.683 1.57699282982e+29 2.70883681983e+15
8 791896701.683 1.53659904429e+29 2.65198295421e+15
8 792616701.683 1.5849549648e+29 2.5970028544e+15
8 793336701.683 1.53738034866e+29 2.54058626839e+15
8 794096701.683 1.57349261062e+29 2.47450719486e+15
8 794896701.683 1.60431642226e+29 2.41873384696e+15
8 795696701.683 1.55215165148e+29 2.35842114951e+15
8 796536701.683 1.57710270415e+29 2.29788579981e+15
8 797416701.683 1.58874436134e+29 2.22666110888e+15
8 798336701.683 1.59313342693e+29 2.16058007081e+15
8 799296701.683 1.59159053825e+29 2.08812601806e+15
8 800296701.683 1.57664910903e+29 2.00889640172e+15
8 801336701.683 1.5537449379e+29 1.93629672735e+15
8 802456701.683 1.58001859331e+29 1.84903312295e+15
8 803616701.683 1.53398933654e+29 1.76437905774e+15
8 804896701.683 1.57327074024e+29 1.66489454387e+15
8 806256701.683 1.53899371061e+29 1.56844440617e+15
8 807776701.683 1.55874765328e+29 1.45731811363e+15
8 809456701.683 1.52916503233e+29 1.3338711617e+15
8 811456701.683 1.53254445909e+29 1.18728446628e+15
8 814496701.683 1.53311064001e+29 1.32673156648e+15
8 820456701.683 1.52926745234e+29 1.1511088364e+15
#
#
# runtime:  1566.5118289  seconds
