## fname ../data/profile140.data  masscut 0.95    N 8   mp 1.988e+26   RKstep 354781774.995    outer_step 354781774.995
8 6.18326008747e+12 1.62635025503e+29
8 6.18485660546e+12 1.62503632548e+29
8 6.18645312344e+12 1.62372038845e+29
8 6.18804964143e+12 1.62240244309e+29
8 6.18964615942e+12 1.62108248854e+29
8 6.19124267741e+12 1.61976052392e+29
8 6.19283919539e+12 1.61843654839e+29
8 6.19443571338e+12 1.61711056108e+29
8 6.19603223137e+12 1.61578256113e+29
8 6.19762874936e+12 1.61445254767e+29
8 6.19922526734e+12 1.61312051986e+29
8 6.20082178533e+12 1.61178647682e+29
8 6.20241830332e+12 1.61045041769e+29
8 6.20401482131e+12 1.60911234162e+29
8 6.20561133929e+12 1.60751225377e+29
8 6.20720785728e+12 1.60534612431e+29
8 6.20880437527e+12 1.60298130384e+29
8 6.21040089325e+12 1.60061341342e+29
8 6.21199741124e+12 1.59824245177e+29
8 6.21359392923e+12 1.59586841764e+29
8 6.21519044722e+12 1.59349130975e+29
8 6.2167869652e+12 1.59117903889e+29
8 6.21838348319e+12 1.58938751261e+29
8 6.21998000118e+12 1.58805847589e+29
8 6.22157651917e+12 1.58675599444e+29
8 6.22317303715e+12 1.58545154808e+29
8 6.22476955514e+12 1.58414513596e+29
8 6.22636607313e+12 1.58283675726e+29
8 6.22796259112e+12 1.58152641113e+29
8 6.2295591091e+12 1.58035008715e+29
8 6.23115562709e+12 1.57947285665e+29
8 6.23275214508e+12 1.57870103277e+29
8 6.23434866307e+12 1.57792779579e+29
8 6.23594518105e+12 1.5771531451e+29
8 6.23754169904e+12 1.57637708008e+29
8 6.23913821703e+12 1.5755996001e+29
8 6.24073473502e+12 1.57482070454e+29
8 6.242331253e+12 1.57404039278e+29
8 6.24392777099e+12 1.57325866419e+29
8 6.24552428898e+12 1.57247551816e+29
8 6.24712080697e+12 1.57169095406e+29
8 6.24871732495e+12 1.57090497127e+29
8 6.25031384294e+12 1.57011756916e+29
8 6.25191036093e+12 1.56932874712e+29
8 6.25350687892e+12 1.56842828815e+29
8 6.2551033969e+12 1.56726355508e+29
8 6.25669991489e+12 1.56599632679e+29
8 6.25829643288e+12 1.56472719223e+29
8 6.25989295087e+12 1.56345615061e+29
8 6.26148946885e+12 1.56218320111e+29
8 6.26308598684e+12 1.56090834293e+29
8 6.26468250483e+12 1.55963157525e+29
8 6.26627902282e+12 1.55835289728e+29
8 6.2678755408e+12 1.5570723082e+29
8 6.26947205879e+12 1.5557898072e+29
8 6.27106857678e+12 1.55450539349e+29
8 6.27266509477e+12 1.55321906624e+29
8 6.27426161275e+12 1.55193082466e+29
8 6.27585813074e+12 1.55064066793e+29
8 6.27745464873e+12 1.54935454808e+29
8 6.27905116672e+12 1.54809045407e+29
8 6.2806476847e+12 1.54683934257e+29
8 6.28224420269e+12 1.54558644372e+29
8 6.28384072068e+12 1.54433167134e+29
8 6.28543723867e+12 1.54307502462e+29
8 6.28703375665e+12 1.54181650278e+29
8 6.28863027464e+12 1.54055610503e+29
8 6.29022679263e+12 1.53929383058e+29
8 6.29182331062e+12 1.53802967864e+29
8 6.2934198286e+12 1.53676364842e+29
8 6.29501634659e+12 1.53549573913e+29
8 6.29661286458e+12 1.53422594998e+29
8 6.29820938257e+12 1.53295428017e+29
8 6.29980590055e+12 1.53168072893e+29
8 6.30140241854e+12 1.53040622381e+29
8 6.30299893653e+12 1.52914826956e+29
8 6.30459545452e+12 1.52791059345e+29
8 6.30636936339e+12 1.71735390089e+29
8 6.30814327227e+12 1.71580590084e+29
8 6.30991718114e+12 1.71425534391e+29
8 6.31169109002e+12 1.7127022289e+29
8 6.31346499889e+12 1.71114655462e+29
8 6.31523890777e+12 1.70958831988e+29
8 6.31701281664e+12 1.70802752349e+29
8 6.31878672552e+12 1.70646416425e+29
8 6.32056063439e+12 1.70489824096e+29
8 6.32233454327e+12 1.70332975244e+29
8 6.32410845214e+12 1.7017586975e+29
8 6.32588236102e+12 1.70018514367e+29
8 6.32765626989e+12 1.69862280497e+29
8 6.32943017877e+12 1.69708054198e+29
8 6.33120408764e+12 1.69554171507e+29
8 6.33297799652e+12 1.69400036339e+29
8 6.33475190539e+12 1.69245648576e+29
8 6.33652581427e+12 1.69091008102e+29
8 6.33829972314e+12 1.68936114799e+29
8 6.34007363202e+12 1.6878096855e+29
8 6.34184754089e+12 1.68625569237e+29
8 6.34362144977e+12 1.68469916743e+29
8 6.34539535864e+12 1.68314010951e+29
8 6.34716926752e+12 1.68157851743e+29
8 6.34894317639e+12 1.68001439003e+29
8 6.35071708527e+12 1.67844764153e+29
8 6.35249099414e+12 1.67655535404e+29
8 6.35426490302e+12 1.67403236483e+29
8 6.35603881189e+12 1.67130247904e+29
8 6.35781272077e+12 1.66856876237e+29
8 6.35958662964e+12 1.66583121311e+29
8 6.36136053852e+12 1.66308982953e+29
8 6.36313444739e+12 1.66034460992e+29
8 6.36490835627e+12 1.65787125002e+29
8 6.36668226514e+12 1.65608226992e+29
8 6.36845617402e+12 1.65457457037e+29
8 6.37023008289e+12 1.65306441925e+29
8 6.37200399177e+12 1.65155181544e+29
8 6.37377790064e+12 1.65003675781e+29
8 6.37555180952e+12 1.64851924522e+29
8 6.37732571839e+12 1.64709442384e+29
8 6.37909962727e+12 1.64600622629e+29
8 6.38087353614e+12 1.64511342836e+29
8 6.38264744502e+12 1.64421962302e+29
8 6.38442135389e+12 1.64332406095e+29
8 6.38619526277e+12 1.64242674132e+29
8 6.38796917164e+12 1.64152766329e+29
8 6.38974308052e+12 1.64062682602e+29
8 6.39151698939e+12 1.63972422867e+29
8 6.39329089826e+12 1.6388198704e+29
8 6.39506480714e+12 1.63791375037e+29
8 6.39683871601e+12 1.63700586775e+29
8 6.39861262489e+12 1.6360962217e+29
8 6.40038653376e+12 1.63518481137e+29
8 6.40216044264e+12 1.63426004624e+29
8 6.40393435151e+12 1.63310879064e+29
8 6.40570826039e+12 1.63168622066e+29
8 6.40748216926e+12 1.63022002068e+29
8 6.40925607814e+12 1.62875144594e+29
8 6.41102998701e+12 1.62728049535e+29
8 6.41280389589e+12 1.62580716781e+29
8 6.41457780476e+12 1.62433146223e+29
8 6.41635171364e+12 1.62285337753e+29
8 6.41812562251e+12 1.62137291261e+29
8 6.41989953139e+12 1.61989006639e+29
8 6.42167344026e+12 1.61840483778e+29
8 6.42344734914e+12 1.61691722568e+29
8 6.42522125801e+12 1.61542722901e+29
8 6.42699516689e+12 1.61393484667e+29
8 6.42876907576e+12 1.61231593757e+29
8 6.43054298464e+12 1.61010482293e+29
8 6.43231689351e+12 1.60747192584e+29
8 6.43409080239e+12 1.60482530198e+29
8 6.43586471126e+12 1.60217502531e+29
8 6.43763862014e+12 1.59952109422e+29
8 6.43941252901e+12 1.5968635071e+29
8 6.44118643789e+12 1.59423267135e+29
8 6.44296034676e+12 1.59211245738e+29
8 6.44473425564e+12 1.59058125621e+29
8 6.44650816451e+12 1.58912992875e+29
8 6.44828207339e+12 1.58767628048e+29
8 6.45005598226e+12 1.58622031035e+29
8 6.45182989114e+12 1.5847620173e+29
8 6.45360380001e+12 1.58330140026e+29
8 6.45537770889e+12 1.58198505669e+29
8 6.45715161776e+12 1.58099873655e+29
8 6.45892552664e+12 1.5801365592e+29
8 6.46069943551e+12 1.57927271857e+29
8 6.46247334439e+12 1.57840721387e+29
8 6.46424725326e+12 1.57754004432e+29
8 6.46602116214e+12 1.57667120913e+29
8 6.46779507101e+12 1.57580070753e+29
8 6.46956897989e+12 1.57492853873e+29
8 6.47134288876e+12 1.57405470195e+29
8 6.47311679764e+12 1.5731791964e+29
8 6.47489070651e+12 1.57230202129e+29
8 6.47666461539e+12 1.57142317586e+29
8 6.47843852426e+12 1.57054265931e+29
8 6.48021243314e+12 1.56966006679e+29
8 6.48198634201e+12 1.56861814532e+29
8 6.48376025089e+12 1.56729112445e+29
8 6.48553415976e+12 1.56587780809e+29
8 6.48730806864e+12 1.56446224127e+29
8 6.48908197751e+12 1.56304442298e+29
8 6.49085588639e+12 1.56162435218e+29
8 6.49262979526e+12 1.56020202787e+29
8 6.49440370414e+12 1.55877744903e+29
8 6.49617761301e+12 1.55735061462e+29
8 6.49795152189e+12 1.55592152365e+29
8 6.49972543076e+12 1.55449017507e+29
8 6.50149933964e+12 1.55305656788e+29
8 6.50327324851e+12 1.55162070106e+29
8 6.50504715739e+12 1.55018257359e+29
8 6.50682106626e+12 1.54874218444e+29
8 6.50859497514e+12 1.54703530364e+29
8 6.51036888401e+12 1.54473633876e+29
8 6.51214279289e+12 1.54221376811e+29
8 6.51391670176e+12 1.53968776027e+29
8 6.51569061064e+12 1.53715831375e+29
8 6.51746451951e+12 1.53462542703e+29
8 6.51923842839e+12 1.53208909864e+29
8 6.52101233726e+12 1.52957936381e+29
8 6.52278624614e+12 1.52755141586e+29
8 6.5247375459e+12 1.69548167539e+29
8 6.52668884566e+12 1.69376485656e+29
8 6.52864014543e+12 1.69204507434e+29
8 6.53059144519e+12 1.69032232728e+29
8 6.53254274495e+12 1.68859661391e+29
8 6.53449404471e+12 1.68688479758e+29
8 6.53644534448e+12 1.68546070994e+29
8 6.53839664424e+12 1.68437533883e+29
8 6.540347944e+12 1.68334047158e+29
8 6.54229924376e+12 1.68230346895e+29
8 6.54425054353e+12 1.68126432985e+29
8 6.54620184329e+12 1.68022305319e+29
8 6.54815314305e+12 1.67917963789e+29
8 6.55010444281e+12 1.67813408285e+29
8 6.55205574258e+12 1.67708638698e+29
8 6.55400704234e+12 1.67603654919e+29
8 6.5559583421e+12 1.67498456839e+29
8 6.55790964186e+12 1.6739304435e+29
8 6.55986094163e+12 1.67287417342e+29
8 6.56181224139e+12 1.67175792053e+29
8 6.56376354115e+12 1.66981006661e+29
8 6.56571484091e+12 1.66692454248e+29
8 6.56766614068e+12 1.6639050164e+29
8 6.56961744044e+12 1.66088101777e+29
8 6.5715687402e+12 1.65785254446e+29
8 6.57352003996e+12 1.65481959435e+29
8 6.57547133972e+12 1.65180797869e+29
8 6.57742263949e+12 1.64934111327e+29
8 6.57937393925e+12 1.64754341847e+29
8 6.58132523901e+12 1.64585694545e+29
8 6.58327653877e+12 1.64416760243e+29
8 6.58522783854e+12 1.64247538803e+29
8 6.5871791383e+12 1.64078030083e+29
8 6.58913043806e+12 1.63908700735e+29
8 6.59108173782e+12 1.63763443891e+29
8 6.59303303759e+12 1.63653818806e+29
8 6.59498433735e+12 1.63552365272e+29
8 6.59693563711e+12 1.63450705631e+29
8 6.59888693687e+12 1.63348839779e+29
8 6.60083823664e+12 1.6324676761e+29
8 6.6027895364e+12 1.63144489021e+29
8 6.60474083616e+12 1.63042003908e+29
8 6.60669213592e+12 1.62939312166e+29
8 6.60864343569e+12 1.62836413692e+29
8 6.61059473545e+12 1.62733308381e+29
8 6.61254603521e+12 1.62629996128e+29
8 6.61449733497e+12 1.62526476831e+29
8 6.61644863474e+12 1.62422750383e+29
8 6.6183999345e+12 1.6230895011e+29
8 6.62035123426e+12 1.62162476968e+29
8 6.62230253402e+12 1.61997453987e+29
8 6.62425383379e+12 1.61832101828e+29
8 6.62620513355e+12 1.61666470411e+29
8 6.62815643331e+12 1.61500559599e+29
8 6.63010773307e+12 1.61334369258e+29
8 6.63205903284e+12 1.6116789925e+29
8 6.6340103326e+12 1.6100114944e+29
8 6.63596163236e+12 1.60834119693e+29
8 6.63791293212e+12 1.60666809873e+29
8 6.63986423189e+12 1.60499219843e+29
8 6.64181553165e+12 1.60331349468e+29
8 6.64376683141e+12 1.60163198612e+29
8 6.64571813117e+12 1.59993805533e+29
8 6.64766943094e+12 1.59778813208e+29
8 6.6496207307e+12 1.59497732326e+29
8 6.65157203046e+12 1.59201307265e+29
8 6.65352333022e+12 1.58904451896e+29
8 6.65547462999e+12 1.5860716602e+29
8 6.65742592975e+12 1.58309449433e+29
8 6.65937722951e+12 1.58011301935e+29
8 6.66132852927e+12 1.57739875038e+29
8 6.66327982904e+12 1.57541074183e+29
8 6.6652311288e+12 1.57376088307e+29
8 6.66718242856e+12 1.57210828127e+29
8 6.66913372832e+12 1.57045293512e+29
8 6.67108502809e+12 1.56879484328e+29
8 6.67303632785e+12 1.56713400444e+29
8 6.67498762761e+12 1.56551525297e+29
8 6.67693892737e+12 1.56421392095e+29
8 6.67889022714e+12 1.56319345894e+29
8 6.6808415269e+12 1.56219048405e+29
8 6.68279282666e+12 1.56118553657e+29
8 6.68474412642e+12 1.56017861551e+29
8 6.68669542619e+12 1.5591697199e+29
8 6.68864672595e+12 1.55815884875e+29
8 6.69059802571e+12 1.55714600108e+29
8 6.69254932547e+12 1.55613117591e+29
8 6.69450062524e+12 1.55511437227e+29
8 6.696451925e+12 1.55409558916e+29
8 6.69840322476e+12 1.55307482562e+29
8 6.70035452452e+12 1.55205208065e+29
8 6.70230582429e+12 1.55102735327e+29
8 6.70425712405e+12 1.549944182e+29
8 6.70620842381e+12 1.54856314114e+29
8 6.70815972357e+12 1.54695320494e+29
8 6.71011102334e+12 1.54533214439e+29
8 6.7120623231e+12 1.5437084125e+29
8 6.71401362286e+12 1.54208200798e+29
8 6.71596492262e+12 1.54045292956e+29
8 6.71791622239e+12 1.53882117595e+29
8 6.71986752215e+12 1.53718674589e+29
8 6.72181882191e+12 1.53554963808e+29
8 6.72377012167e+12 1.53390985126e+29
8 6.72572142144e+12 1.53226738413e+29
8 6.7276727212e+12 1.53062223543e+29
8 6.72962402096e+12 1.52897440387e+29
8 6.73157532072e+12 1.52732388817e+29
8 6.73370401137e+12 1.67794296984e+29
8 6.73583270202e+12 1.67511003814e+29
8 6.73796139267e+12 1.67170127933e+29
8 6.74009008332e+12 1.66826140407e+29
8 6.74221877397e+12 1.66481618125e+29
8 6.74434746462e+12 1.6613656082e+29
8 6.74647615527e+12 1.65790968221e+29
8 6.74860484592e+12 1.65457274926e+29
8 6.75073353657e+12 1.65197731238e+29
8 6.75286222722e+12 1.64999855192e+29
8 6.75499091787e+12 1.64805082162e+29
8 6.75711960852e+12 1.64609965192e+29
8 6.75924829917e+12 1.64414504106e+29
8 6.76137698982e+12 1.64218698724e+29
8 6.76350568047e+12 1.64026961537e+29
8 6.76563437112e+12 1.63870610871e+29
8 6.76776306177e+12 1.63747652211e+29
8 6.76989175242e+12 1.63627396915e+29
8 6.77202044307e+12 1.63506893136e+29
8 6.77414913372e+12 1.63386140744e+29
8 6.77627782437e+12 1.63265139605e+29
8 6.77840651502e+12 1.63143889588e+29
8 6.78053520567e+12 1.63022390558e+29
8 6.78266389632e+12 1.62900642385e+29
8 6.78479258697e+12 1.62778644936e+29
8 6.78692127762e+12 1.62656398078e+29
8 6.78904996827e+12 1.62533901678e+29
8 6.79117865892e+12 1.62411155605e+29
8 6.79330734957e+12 1.62284365552e+29
8 6.79543604022e+12 1.62072521303e+29
8 6.79756473087e+12 1.61753824265e+29
8 6.79969342152e+12 1.61415345124e+29
8 6.80182211217e+12 1.61076346873e+29
8 6.80395080282e+12 1.60736829252e+29
8 6.80607949347e+12 1.60396792004e+29
8 6.80820818412e+12 1.60056381333e+29
8 6.81033687477e+12 1.59761307086e+29
8 6.81246556542e+12 1.59545084784e+29
8 6.81459425607e+12 1.59352544486e+29
8 6.81672294672e+12 1.59159670096e+29
8 6.81885163737e+12 1.58966461445e+29
8 6.82098032802e+12 1.5877291836e+29
8 6.82310901867e+12 1.5857904067e+29
8 6.82523770932e+12 1.58398299211e+29
8 6.82736639997e+12 1.58257698062e+29
8 6.82949509062e+12 1.58138468081e+29
8 6.83162378127e+12 1.5801902619e+29
8 6.83375247192e+12 1.57899343218e+29
8 6.83588116257e+12 1.57779419038e+29
8 6.83800985322e+12 1.57659253523e+29
8 6.84013854387e+12 1.57538846545e+29
8 6.84226723452e+12 1.57418197978e+29
8 6.84439592517e+12 1.57297307695e+29
8 6.84652461582e+12 1.57176175569e+29
8 6.84865330647e+12 1.57054801472e+29
8 6.85078199712e+12 1.56933185277e+29
8 6.85291068777e+12 1.56811326859e+29
8 6.85503937842e+12 1.56687382114e+29
8 6.85716806907e+12 1.56487392007e+29
8 6.85929675972e+12 1.56179372248e+29
8 6.86142545037e+12 1.55846257485e+29
8 6.86355414102e+12 1.55512639012e+29
8 6.86568283167e+12 1.55178516579e+29
8 6.86781152232e+12 1.5484388994e+29
8 6.86994021297e+12 1.54508758844e+29
8 6.87206890362e+12 1.54196233481e+29
8 6.87419759427e+12 1.53960747518e+29
8 6.87632628492e+12 1.53770261915e+29
8 6.87845497557e+12 1.53579609323e+29
8 6.88058366622e+12 1.5338863226e+29
8 6.88271235687e+12 1.53197330562e+29
8 6.88484104752e+12 1.53005704064e+29
8 6.88696973817e+12 1.52813815088e+29
8 6.88927581971e+12 1.6648035164e+29
8 6.89158190125e+12 1.66255970713e+29
8 6.89388798278e+12 1.66031430422e+29
8 6.89619406432e+12 1.65806477926e+29
8 6.89850014586e+12 1.65581113e+29
8 6.9008062274e+12 1.65355335417e+29
8 6.90311230893e+12 1.65129268115e+29
8 6.90541839047e+12 1.64904321559e+29
8 6.90772447201e+12 1.64680643828e+29
8 6.91003055355e+12 1.64456789093e+29
8 6.91233663508e+12 1.64232525346e+29
8 6.91464271662e+12 1.64007852363e+29
8 6.91694879816e+12 1.63782769921e+29
8 6.9192548797e+12 1.63559604571e+29
8 6.92156096123e+12 1.6337204079e+29
8 6.92386704277e+12 1.63226198991e+29
8 6.92617312431e+12 1.63086708151e+29
8 6.92847920585e+12 1.62946922853e+29
8 6.93078528738e+12 1.62806842934e+29
8 6.93309136892e+12 1.62666468228e+29
8 6.93539745046e+12 1.62525798569e+29
8 6.93770353199e+12 1.62384833793e+29
8 6.94000961353e+12 1.62243573734e+29
8 6.94231569507e+12 1.62102018227e+29
8 6.94462177661e+12 1.61960167108e+29
8 6.94692785814e+12 1.61818020211e+29
8 6.94923393968e+12 1.61675577371e+29
8 6.95154002122e+12 1.61532780684e+29
8 6.95384610276e+12 1.6132229711e+29
8 6.95615218429e+12 1.60982673147e+29
8 6.95845826583e+12 1.60597659557e+29
8 6.96076434737e+12 1.60212029323e+29
8 6.96307042891e+12 1.59825782123e+29
8 6.96537651044e+12 1.59438917631e+29
8 6.96768259198e+12 1.59051435525e+29
8 6.96998867352e+12 1.58692641186e+29
8 6.97229475506e+12 1.58422789129e+29
8 6.97460083659e+12 1.58202252158e+29
8 6.97690691813e+12 1.57981426305e+29
8 6.97921299967e+12 1.57760204662e+29
8 6.98151908121e+12 1.57538587015e+29
8 6.98382516274e+12 1.57316573151e+29
8 6.98613124428e+12 1.57094432794e+29
8 6.98843732582e+12 1.56873724976e+29
8 6.99074340736e+12 1.56654243119e+29
8 6.99304948889e+12 1.56434487546e+29
8 6.99535557043e+12 1.56214339759e+29
8 6.99766165197e+12 1.55993799545e+29
8 6.99996773351e+12 1.55772866696e+29
8 7.00227381504e+12 1.55551562922e+29
8 7.00457989658e+12 1.55331203365e+29
8 7.00688597812e+12 1.55112480658e+29
8 7.00919205966e+12 1.5489389297e+29
8 7.01149814119e+12 1.54674916746e+29
8 7.01380422273e+12 1.54455551776e+29
8 7.01611030427e+12 1.54235797853e+29
8 7.01841638581e+12 1.54015654769e+29
8 7.02072246734e+12 1.53795410649e+29
8 7.02302854888e+12 1.53575917103e+29
8 7.02533463042e+12 1.53356796041e+29
8 7.02764071196e+12 1.53137301332e+29
8 7.02994679349e+12 1.52917419315e+29
8 7.03225287503e+12 1.52697149783e+29
8 7.03473634746e+12 1.65164451035e+29
8 7.03721981988e+12 1.64906880407e+29
8 7.03970329231e+12 1.64651898916e+29
8 7.04218676473e+12 1.64399423239e+29
8 7.04467023716e+12 1.64146770456e+29
8 7.04715370958e+12 1.63893638647e+29
8 7.04963718201e+12 1.63640027539e+29
8 7.05212065443e+12 1.63385936855e+29
8 7.05460412686e+12 1.63136972713e+29
8 7.05708759928e+12 1.62932169251e+29
8 7.05957107171e+12 1.62769527906e+29
8 7.06205454413e+12 1.62610596394e+29
8 7.06453801656e+12 1.62451320407e+29
8 7.06702148898e+12 1.62291699743e+29
8 7.06950496141e+12 1.621317342e+29
8 7.07198843383e+12 1.61971423573e+29
8 7.07447190626e+12 1.6181076766e+29
8 7.07695537868e+12 1.61649766259e+29
8 7.07943885111e+12 1.61488419165e+29
8 7.08192232353e+12 1.61326726177e+29
8 7.08440579596e+12 1.61164687091e+29
8 7.08688926838e+12 1.61002301705e+29
8 7.08937274081e+12 1.60834917564e+29
8 7.09185621323e+12 1.60565345511e+29
8 7.09433968566e+12 1.60165646387e+29
8 7.09682315808e+12 1.5973977112e+29
8 7.09930663051e+12 1.59313181838e+29
8 7.10179010293e+12 1.58885878145e+29
8 7.10427357536e+12 1.58457859646e+29
8 7.10675704778e+12 1.58029199295e+29
8 7.10924052021e+12 1.57652356148e+29
8 7.11172399263e+12 1.57372416491e+29
8 7.11420746506e+12 1.57125804915e+29
8 7.11669093748e+12 1.56878733765e+29
8 7.1191744099e+12 1.56631202778e+29
8 7.12165788233e+12 1.56383211694e+29
8 7.12414135475e+12 1.56134760253e+29
8 7.12662482718e+12 1.5588653701e+29
8 7.1291082996e+12 1.55640392542e+29
8 7.13159177203e+12 1.55395444364e+29
8 7.13407524445e+12 1.55150066086e+29
8 7.13655871688e+12 1.54904232989e+29
8 7.1390421893e+12 1.54657944816e+29
8 7.14152566173e+12 1.54411201309e+29
8 7.14400913415e+12 1.5416414441e+29
8 7.14649260658e+12 1.53918688288e+29
8 7.148976079e+12 1.5367514578e+29
8 7.15145955143e+12 1.53431528099e+29
8 7.15394302385e+12 1.53187460671e+29
8 7.15642649628e+12 1.52942943242e+29
8 7.1589099687e+12 1.5269797556e+29
8 7.16157083202e+12 1.64160769127e+29
8 7.16423169533e+12 1.63877930825e+29
8 7.16689255864e+12 1.63596402109e+29
8 7.16955342195e+12 1.63315048003e+29
8 7.17221428527e+12 1.63033140819e+29
8 7.17487514858e+12 1.62750680224e+29
8 7.17753601189e+12 1.62467665886e+29
8 7.1801968752e+12 1.6218409747e+29
8 7.18285773852e+12 1.61902085845e+29
8 7.18551860183e+12 1.61623777644e+29
8 7.18817946514e+12 1.61346557096e+29
8 7.19084032845e+12 1.61068792999e+29
8 7.19350119177e+12 1.60790485026e+29
8 7.19616205508e+12 1.60511632851e+29
8 7.19882291839e+12 1.60232236146e+29
8 7.2014837817e+12 1.59909401421e+29
8 7.20414464502e+12 1.59483882034e+29
8 7.20680550833e+12 1.59011015313e+29
8 7.20946637164e+12 1.58543508396e+29
8 7.21212723495e+12 1.58159036697e+29
8 7.21478809827e+12 1.57868690685e+29
8 7.21744896158e+12 1.57592558267e+29
8 7.22010982489e+12 1.5733094169e+29
8 7.2227706882e+12 1.57121231093e+29
8 7.22543155152e+12 1.56944242016e+29
8 7.22809241483e+12 1.56767267921e+29
8 7.23075327814e+12 1.56589905462e+29
8 7.23341414145e+12 1.56412154401e+29
8 7.23607500477e+12 1.56234014501e+29
8 7.23873586808e+12 1.56049700662e+29
8 7.24139673139e+12 1.55822511843e+29
8 7.2440575947e+12 1.55555374568e+29
8 7.24671845802e+12 1.55284172172e+29
8 7.24937932133e+12 1.55012445439e+29
8 7.25204018464e+12 1.54740194056e+29
8 7.25470104795e+12 1.54467417711e+29
8 7.25736191127e+12 1.54194144859e+29
8 7.26002277458e+12 1.53922386635e+29
8 7.26268363789e+12 1.53653270421e+29
8 7.2653445012e+12 1.53384516734e+29
8 7.26800536452e+12 1.53115245496e+29
8 7.27066622783e+12 1.528454564e+29
8 7.27350448203e+12 1.63454034734e+29
8 7.27634273623e+12 1.63144460327e+29
8 7.27918099043e+12 1.62835743625e+29
8 7.28201924463e+12 1.6253014839e+29
8 7.28485749883e+12 1.62225768486e+29
8 7.28769575303e+12 1.61920765968e+29
8 7.29053400723e+12 1.61615140445e+29
8 7.29337226143e+12 1.61308891524e+29
8 7.29621051563e+12 1.61002018811e+29
8 7.29904876983e+12 1.60695767755e+29
8 7.30188702403e+12 1.60392649567e+29
8 7.30472527823e+12 1.60091076618e+29
8 7.30756353243e+12 1.59788896269e+29
8 7.31040178663e+12 1.59486101327e+29
8 7.31324004083e+12 1.59182691408e+29
8 7.31607829503e+12 1.58878666125e+29
8 7.31891654923e+12 1.58574541511e+29
8 7.32175480343e+12 1.58272223451e+29
8 7.32459305763e+12 1.57971151867e+29
8 7.32743131183e+12 1.57669548977e+29
8 7.33026956603e+12 1.57367336358e+29
8 7.33310782023e+12 1.57064513631e+29
8 7.33594607443e+12 1.56761080413e+29
8 7.33878432863e+12 1.56457513866e+29
8 7.34162258283e+12 1.56157634776e+29
8 7.34446083703e+12 1.55861474808e+29
8 7.34729909123e+12 1.55565214124e+29
8 7.35013734543e+12 1.55268355893e+29
8 7.35297559963e+12 1.54970899742e+29
8 7.35581385383e+12 1.54672845297e+29
8 7.35865210803e+12 1.54373211689e+29
8 7.36149036223e+12 1.54006429723e+29
8 7.36432861643e+12 1.53536121478e+29
8 7.36716687063e+12 1.53035756181e+29
8 7.37018251571e+12 1.62688176305e+29
8 7.3731981608e+12 1.62249975077e+29
8 7.37621380589e+12 1.61909951928e+29
8 7.37922945098e+12 1.61576779848e+29
8 7.38224509606e+12 1.61277470679e+29
8 7.38526074115e+12 1.61040641976e+29
8 7.38827638624e+12 1.60825915568e+29
8 7.39129203133e+12 1.60610677388e+29
8 7.39430767641e+12 1.6039492709e+29
8 7.3973233215e+12 1.60178664329e+29
8 7.40033896659e+12 1.59961888758e+29
8 7.40335461168e+12 1.59717846276e+29
8 7.40637025676e+12 1.59416775249e+29
8 7.40938590185e+12 1.59091486023e+29
8 7.41240154694e+12 1.58765508518e+29
8 7.41541719203e+12 1.58438842283e+29
8 7.41843283711e+12 1.58111486864e+29
8 7.4214484822e+12 1.5778344181e+29
8 7.42446412729e+12 1.57456126093e+29
8 7.42747977238e+12 1.57132512212e+29
8 7.43049541746e+12 1.56810831551e+29
8 7.43351106255e+12 1.56488490613e+29
8 7.43652670764e+12 1.56165471505e+29
8 7.43954235273e+12 1.55841773783e+29
8 7.44255799781e+12 1.55517397003e+29
8 7.4455736429e+12 1.55192927082e+29
8 7.44858928799e+12 1.54871738688e+29
8 7.45160493308e+12 1.54553485741e+29
8 7.45462057816e+12 1.5423487674e+29
8 7.45763622325e+12 1.53915600186e+29
8 7.46065186834e+12 1.53595655644e+29
8 7.46366751343e+12 1.53275042677e+29
8 7.46668315851e+12 1.52953789908e+29
8 7.46987619449e+12 1.62154549783e+29
8 7.47306923046e+12 1.6179975143e+29
8 7.47626226644e+12 1.61445501787e+29
8 7.47945530241e+12 1.61090469575e+29
8 7.48264833839e+12 1.60734654256e+29
8 7.48584137436e+12 1.6037805529e+29
8 7.48903441034e+12 1.6002067886e+29
8 7.49222744631e+12 1.59664552094e+29
8 7.49542048229e+12 1.59311205079e+29
8 7.49861351826e+12 1.58958310299e+29
8 7.50180655424e+12 1.58604640829e+29
8 7.50499959021e+12 1.58250196137e+29
8 7.50819262619e+12 1.57894975691e+29
8 7.51138566216e+12 1.57538978961e+29
8 7.51457869814e+12 1.57129566094e+29
8 7.51777173411e+12 1.56598552262e+29
8 7.52096477009e+12 1.5601111687e+29
8 7.52415780606e+12 1.55429300284e+29
8 7.52735084204e+12 1.54946129287e+29
8 7.53054387801e+12 1.54579193111e+29
8 7.53373691399e+12 1.54232188323e+29
8 7.53692994996e+12 1.53899832678e+29
8 7.54012298594e+12 1.53629190614e+29
8 7.54331602191e+12 1.53402842901e+29
8 7.54650905789e+12 1.53177330974e+29
8 7.54970209386e+12 1.52951272363e+29
8 7.55289512984e+12 1.52724666685e+29
8 7.5562655567e+12 1.61454566137e+29
8 7.55963598356e+12 1.61193373322e+29
8 7.56300641042e+12 1.60877089265e+29
8 7.56637683729e+12 1.60506290451e+29
8 7.56974726415e+12 1.60128497554e+29
8 7.57311769101e+12 1.59749840543e+29
8 7.57648811787e+12 1.59370318801e+29
8 7.57985854474e+12 1.58989931706e+29
8 7.5832289716e+12 1.58600434456e+29
8 7.58659939846e+12 1.58106804583e+29
8 7.58996982532e+12 1.57495829826e+29
8 7.59334025219e+12 1.56864681978e+29
8 7.59671067905e+12 1.56272199499e+29
8 7.60008110591e+12 1.55812818031e+29
8 7.60345153277e+12 1.55438990899e+29
8 7.60682195964e+12 1.55066206832e+29
8 7.6101923865e+12 1.5473641355e+29
8 7.61356281336e+12 1.54474160189e+29
8 7.61693324022e+12 1.54231699515e+29
8 7.62030366709e+12 1.53988627946e+29
8 7.62367409395e+12 1.53744945034e+29
8 7.62704452081e+12 1.53500650336e+29
8 7.63041494767e+12 1.53255743405e+29
8 7.63378537454e+12 1.5299184296e+29
8 7.63733319229e+12 1.61129800665e+29
8 7.64088101004e+12 1.60728523665e+29
8 7.64442882779e+12 1.60325888743e+29
8 7.64797664554e+12 1.59922298249e+29
8 7.65152446329e+12 1.59517751469e+29
8 7.65507228104e+12 1.5911224769e+29
8 7.65862009879e+12 1.58674162277e+29
8 7.66216791653e+12 1.58105226775e+29
8 7.66571573428e+12 1.57439767274e+29
8 7.66926355203e+12 1.56769956191e+29
8 7.67281136978e+12 1.56182276947e+29
8 7.67635918753e+12 1.5573720398e+29
8 7.67990700528e+12 1.55340887446e+29
8 7.68345482303e+12 1.54948324878e+29
8 7.68700264078e+12 1.54596276828e+29
8 7.69055045853e+12 1.5428556232e+29
8 7.69409827628e+12 1.53979370193e+29
8 7.69764609403e+12 1.53672416154e+29
8 7.70119391178e+12 1.5336469963e+29
8 7.70474172953e+12 1.5303631715e+29
8 7.70846693817e+12 1.60681524522e+29
8 7.71219214681e+12 1.60253564904e+29
8 7.71591735545e+12 1.59824553035e+29
8 7.71964256408e+12 1.59394488098e+29
8 7.72336777272e+12 1.58964836963e+29
8 7.72709298136e+12 1.58539418458e+29
8 7.73081819e+12 1.58116563028e+29
8 7.73454339863e+12 1.57692753852e+29
8 7.73826860727e+12 1.57267907688e+29
8 7.74199381591e+12 1.56842453612e+29
8 7.74571902455e+12 1.56420437536e+29
8 7.74944423318e+12 1.560022085e+29
8 7.75316944182e+12 1.55583667033e+29
8 7.75689465046e+12 1.55164104657e+29
8 7.7606198591e+12 1.54743520583e+29
8 7.76434506773e+12 1.54324541084e+29
8 7.76807027637e+12 1.53909981788e+29
8 7.77179548501e+12 1.53496740473e+29
8 7.77552069365e+12 1.53082494264e+29
8 7.77942329317e+12 1.60279799185e+29
8 7.7833258927e+12 1.59822907007e+29
8 7.78722849222e+12 1.59370339455e+29
8 7.79113109175e+12 1.589211627e+29
8 7.79503369127e+12 1.58471130008e+29
8 7.7989362908e+12 1.58019956578e+29
8 7.80283889032e+12 1.57567863927e+29
8 7.80674148985e+12 1.57119005507e+29
8 7.81064408937e+12 1.56674563998e+29
8 7.8145466889e+12 1.5623019981e+29
8 7.81844928842e+12 1.55784713019e+29
8 7.82235188795e+12 1.55338102728e+29
8 7.82625448747e+12 1.54892600838e+29
8 7.830157087e+12 1.54451911223e+29
8 7.83405968652e+12 1.5401337024e+29
8 7.83796228605e+12 1.53573729026e+29
8 7.84186488557e+12 1.53132982635e+29
8 7.84576748509e+12 1.52681079891e+29
8 7.84984747551e+12 1.59319593554e+29
8 7.85392746592e+12 1.58545615152e+29
8 7.85800745633e+12 1.57794372808e+29
8 7.86208744674e+12 1.57206004352e+29
8 7.86616743716e+12 1.56728987219e+29
8 7.87024742757e+12 1.56301299855e+29
8 7.87432741798e+12 1.55958159278e+29
8 7.87840740839e+12 1.55645964861e+29
8 7.88248739881e+12 1.55332872328e+29
8 7.88656738922e+12 1.55018880916e+29
8 7.89064737963e+12 1.54689306135e+29
8 7.89472737004e+12 1.54288891205e+29
8 7.89880736046e+12 1.53831221492e+29
8 7.90288735087e+12 1.53369230778e+29
8 7.90696734128e+12 1.52906039488e+29
8 7.91122472258e+12 1.59349788445e+29
8 7.91548210388e+12 1.58847129811e+29
8 7.91973948518e+12 1.58350674449e+29
8 7.92399686648e+12 1.57854990168e+29
8 7.92825424778e+12 1.57357965728e+29
8 7.93251162908e+12 1.56859599975e+29
8 7.93676901038e+12 1.56362415272e+29
8 7.94102639168e+12 1.55871620078e+29
8 7.94528377298e+12 1.55384309683e+29
8 7.94954115428e+12 1.54895738359e+29
8 7.95379853558e+12 1.54405852416e+29
8 7.95805591688e+12 1.53906182671e+29
8 7.96231329818e+12 1.53280979877e+29
8 7.96674807037e+12 1.59102301836e+29
8 7.97118284256e+12 1.58266631667e+29
8 7.97561761474e+12 1.57603425872e+29
8 7.98005238693e+12 1.57075425648e+29
8 7.98448715912e+12 1.56596441422e+29
8 7.98892193131e+12 1.56210488283e+29
8 7.99335670349e+12 1.55866921963e+29
8 7.99779147568e+12 1.5552230413e+29
8 8.00222624787e+12 1.55176633827e+29
8 8.00666102006e+12 1.54819258139e+29
8 8.01109579224e+12 1.54389182055e+29
8 8.01553056443e+12 1.53890864665e+29
8 8.01996533662e+12 1.5338439618e+29
8 8.0244001088e+12 1.52876524462e+29
8 8.02901227188e+12 1.58694554107e+29
8 8.03362443495e+12 1.58092710922e+29
8 8.03823659803e+12 1.57400114789e+29
8 8.0428487611e+12 1.56670751522e+29
8 8.04746092418e+12 1.55951197854e+29
8 8.05207308725e+12 1.55318700372e+29
8 8.05668525033e+12 1.5477160389e+29
8 8.0612974134e+12 1.54233149103e+29
8 8.06590957648e+12 1.53695304558e+29
8 8.07052173955e+12 1.53161547211e+29
8 8.07531129352e+12 1.58713231032e+29
8 8.08010084748e+12 1.58137093657e+29
8 8.08489040144e+12 1.57563974907e+29
8 8.0896799554e+12 1.56994831468e+29
8 8.09446950937e+12 1.56425138934e+29
8 8.09925906333e+12 1.55855524344e+29
8 8.10404861729e+12 1.55290219315e+29
8 8.10883817125e+12 1.54727305154e+29
8 8.11362772522e+12 1.54162889127e+29
8 8.11841727918e+12 1.53600735361e+29
8 8.12320683314e+12 1.53042991098e+29
8 8.12817377799e+12 1.58328847286e+29
8 8.13314072284e+12 1.57727725938e+29
8 8.13810766769e+12 1.57130876789e+29
8 8.14307461254e+12 1.56537543402e+29
8 8.14804155739e+12 1.55942839054e+29
8 8.15300850224e+12 1.55349703609e+29
8 8.15797544709e+12 1.54761595337e+29
8 8.16294239194e+12 1.54174702157e+29
8 8.16790933679e+12 1.53586503614e+29
8 8.17287628164e+12 1.53002148496e+29
8 8.17802061738e+12 1.58046191562e+29
8 8.18316495312e+12 1.57422727735e+29
8 8.18830928885e+12 1.56799809719e+29
8 8.19345362459e+12 1.56182600053e+29
8 8.19859796033e+12 1.55568332184e+29
8 8.20374229607e+12 1.54952374649e+29
8 8.2088866318e+12 1.5433994426e+29
8 8.21403096754e+12 1.53733383149e+29
8 8.21917530328e+12 1.53127119775e+29
8 8.2244970299e+12 1.57945823717e+29
8 8.22981875653e+12 1.5730169416e+29
8 8.23514048315e+12 1.56662423202e+29
8 8.24046220978e+12 1.56021632841e+29
8 8.2457839364e+12 1.55383205893e+29
8 8.25110566303e+12 1.54751543194e+29
8 8.25642738965e+12 1.541217048e+29
8 8.26174911628e+12 1.53490407472e+29
8 8.2670708429e+12 1.52863901387e+29
8 8.27256996041e+12 1.57471535759e+29
8 8.27806907793e+12 1.56807298202e+29
8 8.28356819544e+12 1.56077297218e+29
8 8.28906731295e+12 1.55136353321e+29
8 8.29456643046e+12 1.54157241799e+29
8 8.30006554798e+12 1.5339907579e+29
8 8.30556466549e+12 1.52817700529e+29
8 8.31124117389e+12 1.57410200081e+29
8 8.31691768229e+12 1.56944625186e+29
8 8.32259419069e+12 1.56460132946e+29
8 8.32827069909e+12 1.55874353677e+29
8 8.33394720749e+12 1.5519753684e+29
8 8.33962371589e+12 1.54510521749e+29
8 8.34530022429e+12 1.53826346815e+29
8 8.35097673269e+12 1.53150874887e+29
8 8.35683063198e+12 1.57375216743e+29
8 8.36268453126e+12 1.56657475169e+29
8 8.36853843055e+12 1.55944661382e+29
8 8.37439232984e+12 1.55237473531e+29
8 8.38024622913e+12 1.54529172138e+29
8 8.38610012841e+12 1.53745946926e+29
8 8.3919540277e+12 1.52738270147e+29
8 8.39798531787e+12 1.56414741055e+29
8 8.40401660805e+12 1.55568654531e+29
8 8.41004789822e+12 1.5492018011e+29
8 8.4160791884e+12 1.54393006986e+29
8 8.42211047857e+12 1.5389686536e+29
8 8.42814176875e+12 1.53377886057e+29
8 8.43417305892e+12 1.52753627777e+29
8 8.44038173999e+12 1.56626004085e+29
8 8.44659042105e+12 1.55860504903e+29
8 8.45279910211e+12 1.54966086038e+29
8 8.45900778317e+12 1.53834078972e+29
8 8.46521646424e+12 1.52773598722e+29
8 8.47160253619e+12 1.56416912129e+29
8 8.47798860814e+12 1.55749864961e+29
8 8.48437468009e+12 1.55201857718e+29
8 8.49076075204e+12 1.54669771786e+29
8 8.49714682399e+12 1.54094795618e+29
8 8.50353289594e+12 1.53401623863e+29
8 8.51009635877e+12 1.56973631485e+29
8 8.51665982161e+12 1.56151520137e+29
8 8.52322328445e+12 1.55145485425e+29
8 8.52978674729e+12 1.53918893207e+29
8 8.53635021012e+12 1.52853222778e+29
8 8.54309106385e+12 1.56254132078e+29
8 8.54983191757e+12 1.55578953797e+29
8 8.5565727713e+12 1.55011430754e+29
8 8.56331362502e+12 1.5444804024e+29
8 8.57005447875e+12 1.53672112586e+29
8 8.57697272336e+12 1.56595353279e+29
8 8.58389096797e+12 1.55400418916e+29
8 8.59080921258e+12 1.54492691426e+29
8 8.5977274572e+12 1.53777182171e+29
8 8.60464570181e+12 1.53187755841e+29
8 8.61174133731e+12 1.5661537432e+29
8 8.61883697281e+12 1.55859390377e+29
8 8.62593260831e+12 1.54684855012e+29
8 8.63302824381e+12 1.53409181745e+29
8 8.6403012702e+12 1.56304676479e+29
8 8.64757429658e+12 1.55390482433e+29
8 8.65484732297e+12 1.54474845701e+29
8 8.66212034936e+12 1.53560418842e+29
8 8.66939337575e+12 1.52687468291e+29
8 8.67684379302e+12 1.5574436691e+29
8 8.6842942103e+12 1.55092624966e+29
8 8.69174462757e+12 1.54404297952e+29
8 8.69919504485e+12 1.53331118902e+29
8 8.70682285301e+12 1.55621992306e+29
8 8.71445066117e+12 1.54443773482e+29
8 8.72207846933e+12 1.53482310524e+29
8 8.72988366838e+12 1.56133991503e+29
8 8.73768886743e+12 1.5513470338e+29
8 8.74549406648e+12 1.54142869915e+29
8 8.75329926553e+12 1.53158423433e+29
8 8.76128185547e+12 1.55702534425e+29
8 8.76926444541e+12 1.54815729607e+29
8 8.77724703534e+12 1.54088120094e+29
8 8.78522962528e+12 1.53332822611e+29
8 8.79338960611e+12 1.55575864846e+29
8 8.80154958693e+12 1.54148972149e+29
8 8.80970956776e+12 1.53024416753e+29
8 8.81804693947e+12 1.55361041851e+29
8 8.82638431118e+12 1.54305763669e+29
8 8.83472168289e+12 1.53382584155e+29
8 8.84323644549e+12 1.55926597433e+29
8 8.85175120809e+12 1.54996055234e+29
8 8.86026597069e+12 1.53628149254e+29
8 8.86895812418e+12 1.55488830167e+29
8 8.87765027767e+12 1.5435863085e+29
8 8.88634243116e+12 1.53258777539e+29
8 8.89521197553e+12 1.55439433899e+29
8 8.90408151991e+12 1.54605144608e+29
8 8.91295106428e+12 1.53725911e+29
8 8.92199799954e+12 1.55763075415e+29
8 8.93104493481e+12 1.54410904975e+29
8 8.94009187007e+12 1.52878367295e+29
8 8.94931619622e+12 1.54563832345e+29
8 8.95854052237e+12 1.53385520597e+29
8 8.9679422394e+12 1.55287366758e+29
8 8.97734395644e+12 1.54359392732e+29
8 8.98674567348e+12 1.53126253614e+29
8 8.9963247814e+12 1.54571991016e+29
8 9.00590388933e+12 1.53466743633e+29
8 9.01566038814e+12 1.55402819555e+29
8 9.02541688695e+12 1.54259253479e+29
8 9.03517338577e+12 1.52763920611e+29
8 9.04510727547e+12 1.54018146992e+29
8 9.05504116517e+12 1.5271331679e+29
8 9.06515244575e+12 1.54348101386e+29
8 9.07526372634e+12 1.53349145631e+29
8 9.08555239782e+12 1.54871221028e+29
8 9.09584106929e+12 1.53317674201e+29
8 9.10630713165e+12 1.54600308334e+29
8 9.11677319402e+12 1.53396771022e+29
8 9.12741664727e+12 1.54732548532e+29
8 9.13806010052e+12 1.53392070864e+29
8 9.14888094465e+12 1.54682013587e+29
8 9.15970178879e+12 1.53464624991e+29
8 9.17070002382e+12 1.5447996381e+29
8 9.18169825884e+12 1.53144780979e+29
8 9.19287388475e+12 1.54471325768e+29
8 9.20404951066e+12 1.53063242628e+29
8 9.21540252746e+12 1.54038782158e+29
8 9.22675554426e+12 1.52767832437e+29
8 9.23828595195e+12 1.53933223219e+29
8 9.24999375053e+12 1.54959071677e+29
8 9.2617015491e+12 1.53612817709e+29
8 9.27358673856e+12 1.54628036217e+29
8 9.28547192803e+12 1.53317944064e+29
8 9.29753450838e+12 1.54446051692e+29
8 9.30959708873e+12 1.53260507905e+29
8 9.32183705996e+12 1.54238795574e+29
8 9.3340770312e+12 1.53173590474e+29
8 9.34649439333e+12 1.54355398837e+29
8 9.35891175545e+12 1.53243646698e+29
8 9.37150650846e+12 1.54555083024e+29
8 9.38410126148e+12 1.53827257902e+29
8 9.39669601449e+12 1.53276392151e+29
8 9.4092907675e+12 1.53009674373e+29
8 9.42188552051e+12 1.5313799746e+29
8 9.43448027352e+12 1.53862091986e+29
8 9.44689763565e+12 1.53293055292e+29
8 9.45913760689e+12 1.54126157873e+29
8 9.47102279635e+12 1.54502230187e+29
8 9.48237581315e+12 1.52923431419e+29
8 9.49355143906e+12 1.54306099807e+29
8 9.50454967409e+12 1.53219750425e+29
8 9.51554790911e+12 1.53047198659e+29
8 9.52672353502e+12 1.54444471188e+29
8 9.53789916094e+12 1.52876148177e+29
8 9.54925217774e+12 1.53621137026e+29
8 9.56078258542e+12 1.54471604327e+29
8 9.57231299311e+12 1.53185622932e+29
8 9.58402079169e+12 1.54462681663e+29
8 9.59572859026e+12 1.53237983572e+29
8 9.60761377972e+12 1.53681603106e+29
8 9.61967636007e+12 1.52903708547e+29
8 9.6320937222e+12 1.53047703722e+29
8 9.64504325699e+12 1.53865745142e+29
8 9.65852496443e+12 1.53135105007e+29
8 9.67271623543e+12 1.52867140262e+29
8 9.68779446087e+12 1.52837590759e+29
8 9.70411442252e+12 1.54009881265e+29
#
#
# runtime:  13431.0875549
