## fname ../out/raw_MESA_output/profile_redgiant.data  masscut 0.95    N 8   mp 1e-07 mp_solar 1.988e+26   RKstep 2.528e+07    outer_step 2.528e+07
8 5.22650626929e+12 1.54780072293e+29
8 5.22679702138e+12 1.54745660817e+29
8 5.22708777348e+12 1.5471123881e+29
8 5.22737852558e+12 1.54676806271e+29
8 5.22766927768e+12 1.54642363198e+29
8 5.22796002977e+12 1.54607909592e+29
8 5.22825078187e+12 1.54573445451e+29
8 5.22854153397e+12 1.54538970774e+29
8 5.22883228607e+12 1.5450448556e+29
8 5.22912303816e+12 1.54469989808e+29
8 5.22941379026e+12 1.54435483518e+29
8 5.22970454236e+12 1.54400966688e+29
8 5.22999529446e+12 1.54366439317e+29
8 5.23028604655e+12 1.54331901404e+29
8 5.23057679865e+12 1.54297352949e+29
8 5.23086755075e+12 1.5426279395e+29
8 5.23115830285e+12 1.54228224407e+29
8 5.23144905495e+12 1.54193644318e+29
8 5.23173980704e+12 1.54159053682e+29
8 5.23203055914e+12 1.541244525e+29
8 5.23232131124e+12 1.54089840769e+29
8 5.23261206334e+12 1.54055218488e+29
8 5.23290281543e+12 1.54020585657e+29
8 5.23319356753e+12 1.53985942275e+29
8 5.23348431963e+12 1.53951288341e+29
8 5.23377507173e+12 1.53916623854e+29
8 5.23406582382e+12 1.53881948813e+29
8 5.23435657592e+12 1.53847263216e+29
8 5.23464732802e+12 1.53812567063e+29
8 5.23493808012e+12 1.53777860354e+29
8 5.23522883221e+12 1.53743143086e+29
8 5.23551958431e+12 1.5370841526e+29
8 5.23581033641e+12 1.53673676873e+29
8 5.23610108851e+12 1.53638927926e+29
8 5.23639184061e+12 1.53604168417e+29
8 5.2366825927e+12 1.53572755397e+29
8 5.2369733448e+12 1.53548071571e+29
8 5.2372640969e+12 1.53526214949e+29
8 5.237554849e+12 1.53504350633e+29
8 5.23784560109e+12 1.53482478622e+29
8 5.23813635319e+12 1.53460598917e+29
8 5.23842710529e+12 1.53438711516e+29
8 5.23871785739e+12 1.53416816419e+29
8 5.23900860948e+12 1.53394913625e+29
8 5.23929936158e+12 1.53373003133e+29
8 5.23959011368e+12 1.53351084943e+29
8 5.23988086578e+12 1.53329159053e+29
8 5.24017161787e+12 1.53307225463e+29
8 5.24046236997e+12 1.53285284173e+29
8 5.24075312207e+12 1.53263335181e+29
8 5.24104387417e+12 1.53241378487e+29
8 5.24133462626e+12 1.5321941409e+29
8 5.24162537836e+12 1.5319744199e+29
8 5.24191613046e+12 1.53175462185e+29
8 5.24220688256e+12 1.53153474675e+29
8 5.24249763466e+12 1.5313147946e+29
8 5.24278838675e+12 1.53109476538e+29
8 5.24307913885e+12 1.53087465909e+29
8 5.24336989095e+12 1.53065447573e+29
8 5.24366064305e+12 1.53043421527e+29
8 5.24395139514e+12 1.53021387772e+29
8 5.24424214724e+12 1.52999346308e+29
8 5.24453289934e+12 1.52977297132e+29
8 5.24482365144e+12 1.52955240245e+29
8 5.24511440353e+12 1.52933175646e+29
8 5.24540515563e+12 1.52911103334e+29
8 5.24569590773e+12 1.52889023308e+29
8 5.24598665983e+12 1.52866935568e+29
8 5.24627741192e+12 1.52844840113e+29
8 5.24656816402e+12 1.52822736942e+29
8 5.24685891612e+12 1.52800626055e+29
8 5.24714966822e+12 1.5277850745e+29
8 5.24744042032e+12 1.52756381128e+29
8 5.24773117241e+12 1.52734247086e+29
8 5.24802192451e+12 1.52712105326e+29
8 5.24831267661e+12 1.52689955845e+29
8 5.2486160701e+12 1.59606236593e+29
8 5.24891946359e+12 1.59582056128e+29
8 5.24922285709e+12 1.59557866872e+29
8 5.24952625058e+12 1.59533668824e+29
8 5.24982964407e+12 1.59509461984e+29
8 5.25013303757e+12 1.59485246351e+29
8 5.25043643106e+12 1.59461021924e+29
8 5.25073982455e+12 1.59436788701e+29
8 5.25104321805e+12 1.59412546684e+29
8 5.25134661154e+12 1.59388295869e+29
8 5.25165000503e+12 1.59364036257e+29
8 5.25195339853e+12 1.59339767847e+29
8 5.25225679202e+12 1.59315490637e+29
8 5.25256018551e+12 1.59291204628e+29
8 5.25286357901e+12 1.59266909817e+29
8 5.2531669725e+12 1.59242606205e+29
8 5.25347036599e+12 1.5921829379e+29
8 5.25377375949e+12 1.59193972572e+29
8 5.25407715298e+12 1.5916964255e+29
8 5.25438054647e+12 1.59145303722e+29
8 5.25468393997e+12 1.59120956088e+29
8 5.25498733346e+12 1.59096599648e+29
8 5.25529072695e+12 1.590722344e+29
8 5.25559412044e+12 1.59047860343e+29
8 5.25589751394e+12 1.59023477476e+29
8 5.25620090743e+12 1.589990858e+29
8 5.25650430092e+12 1.58974685312e+29
8 5.25680769442e+12 1.58950276012e+29
8 5.25711108791e+12 1.58925017781e+29
8 5.2574144814e+12 1.5889366807e+29
8 5.2577178749e+12 1.58856465479e+29
8 5.25802126839e+12 1.58818614099e+29
8 5.25832466188e+12 1.58780750809e+29
8 5.25862805538e+12 1.58742875608e+29
8 5.25893144887e+12 1.58704988494e+29
8 5.25923484236e+12 1.58667089467e+29
8 5.25953823586e+12 1.58629178525e+29
8 5.25984162935e+12 1.58591255667e+29
8 5.26014502284e+12 1.58553320891e+29
8 5.26044841634e+12 1.58515374198e+29
8 5.26075180983e+12 1.58477415585e+29
8 5.26105520332e+12 1.58439445052e+29
8 5.26135859682e+12 1.58401462598e+29
8 5.26166199031e+12 1.58363468221e+29
8 5.2619653838e+12 1.58325461919e+29
8 5.26226877729e+12 1.58287443694e+29
8 5.26257217079e+12 1.58249413542e+29
8 5.26287556428e+12 1.58211371463e+29
8 5.26317895777e+12 1.58173317455e+29
8 5.26348235127e+12 1.58135251518e+29
8 5.26378574476e+12 1.58097173651e+29
8 5.26408913825e+12 1.58059083852e+29
8 5.26439253175e+12 1.58020982121e+29
8 5.26469592524e+12 1.57982868455e+29
8 5.26499931873e+12 1.57944742854e+29
8 5.26530271223e+12 1.57906605318e+29
8 5.26560610572e+12 1.57868455844e+29
8 5.26590949921e+12 1.57830294432e+29
8 5.26621289271e+12 1.5779212108e+29
8 5.2665162862e+12 1.57753935787e+29
8 5.26681967969e+12 1.57715738553e+29
8 5.26712307319e+12 1.57677529376e+29
8 5.26742646668e+12 1.57639308255e+29
8 5.26772986017e+12 1.57601075189e+29
8 5.26803325367e+12 1.57562830177e+29
8 5.26833664716e+12 1.57524573217e+29
8 5.26864004065e+12 1.57486304309e+29
8 5.26894343414e+12 1.57448023451e+29
8 5.26924682764e+12 1.57409730643e+29
8 5.26955022113e+12 1.57371425883e+29
8 5.26985361462e+12 1.57333109169e+29
8 5.27015700812e+12 1.57294780502e+29
8 5.27046040161e+12 1.5725643988e+29
8 5.2707637951e+12 1.57218087301e+29
8 5.2710671886e+12 1.57179722764e+29
8 5.27137058209e+12 1.5714134627e+29
8 5.27167397558e+12 1.57102957815e+29
8 5.27197736908e+12 1.570645574e+29
8 5.27228076257e+12 1.57026145022e+29
8 5.27258415606e+12 1.56987720682e+29
8 5.27288754956e+12 1.56949284377e+29
8 5.27319094305e+12 1.56910836107e+29
8 5.27349433654e+12 1.56872375871e+29
8 5.27379773004e+12 1.56833903667e+29
8 5.27410112353e+12 1.56795419495e+29
8 5.27440451702e+12 1.56756923352e+29
8 5.27470791052e+12 1.56718415239e+29
8 5.27501130401e+12 1.56679895154e+29
8 5.2753146975e+12 1.56641363095e+29
8 5.27561809099e+12 1.56602819063e+29
8 5.27592148449e+12 1.56564263054e+29
8 5.27622487798e+12 1.5652569507e+29
8 5.27652827147e+12 1.56487115107e+29
8 5.27683166497e+12 1.56448523166e+29
8 5.27713505846e+12 1.56409919245e+29
8 5.27743845195e+12 1.56371333017e+29
8 5.27774184545e+12 1.56333084663e+29
8 5.27804523894e+12 1.56295216522e+29
8 5.27834863243e+12 1.56257402005e+29
8 5.27865202593e+12 1.56219575695e+29
8 5.27895541942e+12 1.56181737591e+29
8 5.27925881291e+12 1.56143887691e+29
8 5.27956220641e+12 1.56106025996e+29
8 5.2798655999e+12 1.56068152502e+29
8 5.28016899339e+12 1.56030267211e+29
8 5.28047238689e+12 1.55992370119e+29
8 5.28077578038e+12 1.55954461227e+29
8 5.28107917387e+12 1.55916540533e+29
8 5.28138256737e+12 1.55878608036e+29
8 5.28168596086e+12 1.55840663735e+29
8 5.28198935435e+12 1.55802707629e+29
8 5.28229274784e+12 1.55764739716e+29
8 5.28259614134e+12 1.55726759996e+29
8 5.28289953483e+12 1.55688768468e+29
8 5.28320292832e+12 1.5565076513e+29
8 5.28350632182e+12 1.55612749981e+29
8 5.28380971531e+12 1.55574723021e+29
8 5.2841131088e+12 1.55536684247e+29
8 5.2844165023e+12 1.5549863366e+29
8 5.28471989579e+12 1.55460571257e+29
8 5.28502328928e+12 1.55422497038e+29
8 5.28532668278e+12 1.55384411002e+29
8 5.28563007627e+12 1.55346313148e+29
8 5.28593346976e+12 1.55308203473e+29
8 5.28623686326e+12 1.55270081979e+29
8 5.28654025675e+12 1.55231948662e+29
8 5.28684365024e+12 1.55193803523e+29
8 5.28714704374e+12 1.55155646559e+29
8 5.28745043723e+12 1.55117477771e+29
8 5.28775383072e+12 1.55079297156e+29
8 5.28805722422e+12 1.55041104714e+29
8 5.28836061771e+12 1.55002900444e+29
8 5.2886640112e+12 1.54964684344e+29
8 5.28896740469e+12 1.54926456413e+29
8 5.28927079819e+12 1.54888216651e+29
8 5.28957419168e+12 1.54849965056e+29
8 5.28987758517e+12 1.54811701627e+29
8 5.29018097867e+12 1.54773426363e+29
8 5.29048437216e+12 1.54735139263e+29
8 5.29078776565e+12 1.54696840326e+29
8 5.29109115915e+12 1.5465852955e+29
8 5.29139455264e+12 1.54620206935e+29
8 5.29169794613e+12 1.54581872479e+29
8 5.29200133963e+12 1.54543526182e+29
8 5.29230473312e+12 1.54505168042e+29
8 5.29260812661e+12 1.54466798058e+29
8 5.29291152011e+12 1.54428416229e+29
8 5.2932149136e+12 1.54390022554e+29
8 5.29351830709e+12 1.54351617031e+29
8 5.29382170059e+12 1.54313199661e+29
8 5.29412509408e+12 1.54274770441e+29
8 5.29442848757e+12 1.5423632937e+29
8 5.29473188107e+12 1.54197876448e+29
8 5.29503527456e+12 1.54159411673e+29
8 5.29533866805e+12 1.54120935044e+29
8 5.29564206154e+12 1.54082446561e+29
8 5.29594545504e+12 1.54043946221e+29
8 5.29624884853e+12 1.54005434024e+29
8 5.29655224202e+12 1.53966909969e+29
8 5.29685563552e+12 1.53928374055e+29
8 5.29715902901e+12 1.5388982628e+29
8 5.2974624225e+12 1.53851266643e+29
8 5.297765816e+12 1.53812887352e+29
8 5.29806920949e+12 1.53774912239e+29
8 5.29837260298e+12 1.53737115562e+29
8 5.29867599648e+12 1.53699307202e+29
8 5.29897938997e+12 1.53661487158e+29
8 5.29928278346e+12 1.53623655429e+29
8 5.29958617696e+12 1.53585812013e+29
8 5.29988957045e+12 1.5354795691e+29
8 5.30019296394e+12 1.53510090119e+29
8 5.30049635744e+12 1.53472211638e+29
8 5.30079975093e+12 1.53434321466e+29
8 5.30110314442e+12 1.53396419602e+29
8 5.30140653792e+12 1.53358506045e+29
8 5.30170993141e+12 1.53320580794e+29
8 5.3020133249e+12 1.53282643849e+29
8 5.30231671839e+12 1.53244695207e+29
8 5.30262011189e+12 1.53206734867e+29
8 5.30292350538e+12 1.5316876283e+29
8 5.30322689887e+12 1.53130779093e+29
8 5.30353029237e+12 1.53092783655e+29
8 5.30383368586e+12 1.53054776516e+29
8 5.30413707935e+12 1.53016757674e+29
8 5.30444047285e+12 1.52978727128e+29
8 5.30474386634e+12 1.52940684878e+29
8 5.30504725983e+12 1.52902630921e+29
8 5.30535065333e+12 1.52864565257e+29
8 5.30565404682e+12 1.52826487885e+29
8 5.30595744031e+12 1.52788398804e+29
8 5.30626083381e+12 1.52750298013e+29
8 5.3065642273e+12 1.5271218551e+29
8 5.30688026219e+12 1.59310405953e+29
8 5.30719629708e+12 1.5926895306e+29
8 5.30751233197e+12 1.59227486904e+29
8 5.30782836685e+12 1.59186007482e+29
8 5.30814440174e+12 1.59144514793e+29
8 5.30846043663e+12 1.59103008836e+29
8 5.30877647152e+12 1.59061489611e+29
8 5.30909250641e+12 1.59019957114e+29
8 5.3094085413e+12 1.58978411346e+29
8 5.30972457619e+12 1.58936852305e+29
8 5.31004061108e+12 1.5889527999e+29
8 5.31035664596e+12 1.58853694399e+29
8 5.31067268085e+12 1.58812095531e+29
8 5.31098871574e+12 1.58770483385e+29
8 5.31130475063e+12 1.5872885796e+29
8 5.31162078552e+12 1.58687219254e+29
8 5.31193682041e+12 1.58645567265e+29
8 5.3122528553e+12 1.58603901994e+29
8 5.31256889019e+12 1.58562223437e+29
8 5.31288492507e+12 1.58520531595e+29
8 5.31320095996e+12 1.58478826466e+29
8 5.31351699485e+12 1.58437108048e+29
8 5.31383302974e+12 1.58395376341e+29
8 5.31414906463e+12 1.58353631342e+29
8 5.31446509952e+12 1.58311873051e+29
8 5.31478113441e+12 1.58270101466e+29
8 5.3150971693e+12 1.58228316587e+29
8 5.31541320418e+12 1.58186518411e+29
8 5.31572923907e+12 1.58144706938e+29
8 5.31604527396e+12 1.58102882166e+29
8 5.31636130885e+12 1.58061044095e+29
8 5.31667734374e+12 1.58019192721e+29
8 5.31699337863e+12 1.57977328046e+29
8 5.31730941352e+12 1.57935450066e+29
8 5.31762544841e+12 1.57889482002e+29
8 5.31794148329e+12 1.57828701963e+29
8 5.31825751818e+12 1.57757552087e+29
8 5.31857355307e+12 1.57686100748e+29
8 5.31888958796e+12 1.57614629083e+29
8 5.31920562285e+12 1.5754313709e+29
8 5.31952165774e+12 1.57471624768e+29
8 5.31983769263e+12 1.57400092113e+29
8 5.32015372751e+12 1.57328539126e+29
8 5.3204697624e+12 1.57256965802e+29
8 5.32078579729e+12 1.57185372142e+29
8 5.32110183218e+12 1.57113758142e+29
8 5.32141786707e+12 1.57042123801e+29
8 5.32173390196e+12 1.56970469116e+29
8 5.32204993685e+12 1.56898794087e+29
8 5.32236597174e+12 1.56827098711e+29
8 5.32268200662e+12 1.56755382986e+29
8 5.32299804151e+12 1.5668364691e+29
8 5.3233140764e+12 1.56611890482e+29
8 5.32363011129e+12 1.56540113699e+29
8 5.32394614618e+12 1.56468316559e+29
8 5.32426218107e+12 1.56396499061e+29
8 5.32457821596e+12 1.56324661203e+29
8 5.32489425085e+12 1.56252802983e+29
8 5.32521028573e+12 1.56180924398e+29
8 5.32552632062e+12 1.56109025448e+29
8 5.32584235551e+12 1.56037106129e+29
8 5.3261583904e+12 1.55965166441e+29
8 5.32647442529e+12 1.55893206381e+29
8 5.32679046018e+12 1.55821225947e+29
8 5.32710649507e+12 1.55749225137e+29
8 5.32742252996e+12 1.55680728693e+29
8 5.32773856484e+12 1.55627610014e+29
8 5.32805459973e+12 1.55586407859e+29
8 5.32837063462e+12 1.55545762832e+29
8 5.32868666951e+12 1.55505104878e+29
8 5.3290027044e+12 1.55464433994e+29
8 5.32931873929e+12 1.55423750181e+29
8 5.32963477418e+12 1.55383053436e+29
8 5.32995080907e+12 1.55342343759e+29
8 5.33026684395e+12 1.55301621148e+29
8 5.33058287884e+12 1.55260885601e+29
8 5.33089891373e+12 1.55220137119e+29
8 5.33121494862e+12 1.55179375699e+29
8 5.33153098351e+12 1.55138601339e+29
8 5.3318470184e+12 1.5509781404e+29
8 5.33216305329e+12 1.550570138e+29
8 5.33247908818e+12 1.55016200616e+29
8 5.33279512306e+12 1.54975374489e+29
8 5.33311115795e+12 1.54934535417e+29
8 5.33342719284e+12 1.54893683399e+29
8 5.33374322773e+12 1.54852818433e+29
8 5.33405926262e+12 1.54811940518e+29
8 5.33437529751e+12 1.54771049653e+29
8 5.3346913324e+12 1.54730145837e+29
8 5.33500736729e+12 1.54689229068e+29
8 5.33532340217e+12 1.54648299345e+29
8 5.33563943706e+12 1.54607356667e+29
8 5.33595547195e+12 1.54566401033e+29
8 5.33627150684e+12 1.54525432441e+29
8 5.33658754173e+12 1.54484450891e+29
8 5.33690357662e+12 1.5444345638e+29
8 5.33721961151e+12 1.54402857947e+29
8 5.3375356464e+12 1.54368178194e+29
8 5.33785168128e+12 1.54340531282e+29
8 5.33816771617e+12 1.54314226521e+29
8 5.33848375106e+12 1.54287912285e+29
8 5.33879978595e+12 1.54261588571e+29
8 5.33911582084e+12 1.54235255381e+29
8 5.33943185573e+12 1.54208912712e+29
8 5.33974789062e+12 1.54182560563e+29
8 5.34006392551e+12 1.54156198934e+29
8 5.34037996039e+12 1.54129827824e+29
8 5.34069599528e+12 1.54103447232e+29
8 5.34101203017e+12 1.54077057156e+29
8 5.34132806506e+12 1.54050657597e+29
8 5.34164409995e+12 1.54024248552e+29
8 5.34196013484e+12 1.53997830022e+29
8 5.34227616973e+12 1.53971402005e+29
8 5.34259220461e+12 1.53944964499e+29
8 5.3429082395e+12 1.53918517505e+29
8 5.34322427439e+12 1.53892061022e+29
8 5.34354030928e+12 1.53865595048e+29
8 5.34385634417e+12 1.53839119582e+29
8 5.34417237906e+12 1.53812634623e+29
8 5.34448841395e+12 1.53786140172e+29
8 5.34480444884e+12 1.53759636226e+29
8 5.34512048372e+12 1.53733122784e+29
8 5.34543651861e+12 1.53706599846e+29
8 5.3457525535e+12 1.53680067411e+29
8 5.34606858839e+12 1.53653525478e+29
8 5.34638462328e+12 1.53626974046e+29
8 5.34670065817e+12 1.53600413114e+29
8 5.34701669306e+12 1.53573842681e+29
8 5.34733272795e+12 1.53547262746e+29
8 5.34764876283e+12 1.53520673308e+29
8 5.34796479772e+12 1.53494074367e+29
8 5.34828083261e+12 1.5346746592e+29
8 5.3485968675e+12 1.53440847969e+29
8 5.34891290239e+12 1.5341422051e+29
8 5.34922893728e+12 1.53387583544e+29
8 5.34954497217e+12 1.5336093707e+29
8 5.34986100706e+12 1.53334281086e+29
8 5.35017704194e+12 1.53307615592e+29
8 5.35049307683e+12 1.53280940586e+29
8 5.35080911172e+12 1.53254256069e+29
8 5.35112514661e+12 1.53227562038e+29
8 5.3514411815e+12 1.53200858493e+29
8 5.35175721639e+12 1.53174145434e+29
8 5.35207325128e+12 1.53147422858e+29
8 5.35238928617e+12 1.53120690765e+29
8 5.35270532105e+12 1.53093949155e+29
8 5.35302135594e+12 1.53067198026e+29
8 5.35333739083e+12 1.53040437377e+29
8 5.35365342572e+12 1.53013667207e+29
8 5.35396946061e+12 1.52986887516e+29
8 5.3542854955e+12 1.52960098302e+29
8 5.35460153039e+12 1.52933299565e+29
8 5.35491756528e+12 1.52906491304e+29
8 5.35523360016e+12 1.52879673517e+29
8 5.35554963505e+12 1.52852846204e+29
8 5.35586566994e+12 1.52826009364e+29
8 5.35618170483e+12 1.52799162996e+29
8 5.35649773972e+12 1.52772307098e+29
8 5.35681377461e+12 1.52744169921e+29
8 5.3571298095e+12 1.52709248105e+29
8 5.35745848578e+12 1.5902802514e+29
8 5.35778716207e+12 1.58983471077e+29
8 5.35811583835e+12 1.58938902491e+29
8 5.35844451463e+12 1.58894319378e+29
8 5.35877319092e+12 1.58849721738e+29
8 5.3591018672e+12 1.5880510957e+29
8 5.35943054349e+12 1.58760482871e+29
8 5.35975921977e+12 1.58715841641e+29
8 5.36008789606e+12 1.58671185878e+29
8 5.36041657234e+12 1.5862651558e+29
8 5.36074524862e+12 1.58581830746e+29
8 5.36107392491e+12 1.58537131375e+29
8 5.36140260119e+12 1.58492417465e+29
8 5.36173127748e+12 1.58447689015e+29
8 5.36205995376e+12 1.58402946022e+29
8 5.36238863005e+12 1.58358188487e+29
8 5.36271730633e+12 1.58313416407e+29
8 5.36304598261e+12 1.58268629781e+29
8 5.3633746589e+12 1.58223828608e+29
8 5.36370333518e+12 1.58179012885e+29
8 5.36403201147e+12 1.58134182612e+29
8 5.36436068775e+12 1.58089337787e+29
8 5.36468936404e+12 1.58044478409e+29
8 5.36501804032e+12 1.57999604476e+29
8 5.3653467166e+12 1.57954715987e+29
8 5.36567539289e+12 1.57909812941e+29
8 5.36600406917e+12 1.57864895335e+29
8 5.36633274546e+12 1.57819963168e+29
8 5.36666142174e+12 1.5777501644e+29
8 5.36699009803e+12 1.57730055148e+29
8 5.36731877431e+12 1.57685079291e+29
8 5.36764745059e+12 1.57640088868e+29
8 5.36797612688e+12 1.57595083877e+29
8 5.36830480316e+12 1.57550064317e+29
8 5.36863347945e+12 1.57505030186e+29
8 5.36896215573e+12 1.57459981484e+29
8 5.36929083202e+12 1.57414918207e+29
8 5.3696195083e+12 1.57369840356e+29
8 5.36994818458e+12 1.57324747928e+29
8 5.37027686087e+12 1.57279640922e+29
8 5.37060553715e+12 1.57234519337e+29
8 5.37093421344e+12 1.57189383171e+29
8 5.37126288972e+12 1.57144232422e+29
8 5.37159156601e+12 1.5709906709e+29
8 5.37192024229e+12 1.57053887173e+29
8 5.37224891857e+12 1.5700869267e+29
8 5.37257759486e+12 1.56963483578e+29
8 5.37290627114e+12 1.56918259897e+29
8 5.37323494743e+12 1.56873021625e+29
8 5.37356362371e+12 1.5682776876e+29
8 5.37389229999e+12 1.56782501302e+29
8 5.37422097628e+12 1.56737219248e+29
8 5.37454965256e+12 1.56691922598e+29
8 5.37487832885e+12 1.56646611349e+29
8 5.37520700513e+12 1.56601285501e+29
8 5.37553568142e+12 1.56555945052e+29
8 5.3758643577e+12 1.5651059e+29
8 5.37619303398e+12 1.56465364141e+29
8 5.37652171027e+12 1.56420537152e+29
8 5.37685038655e+12 1.5637594363e+29
8 5.37717906284e+12 1.56331337633e+29
8 5.37750773912e+12 1.56286717223e+29
8 5.37783641541e+12 1.56242082399e+29
8 5.37816509169e+12 1.56197433161e+29
8 5.37849376797e+12 1.56152769505e+29
8 5.37882244426e+12 1.56108091432e+29
8 5.37915112054e+12 1.56063398939e+29
8 5.37947979683e+12 1.56018692025e+29
8 5.37980847311e+12 1.55973970689e+29
8 5.3801371494e+12 1.55929234929e+29
8 5.38046582568e+12 1.55884484744e+29
8 5.38079450196e+12 1.55839720133e+29
8 5.38112317825e+12 1.55794941093e+29
8 5.38145185453e+12 1.55750147624e+29
8 5.38178053082e+12 1.55705339724e+29
8 5.3821092071e+12 1.55660517391e+29
8 5.38243788339e+12 1.55615680625e+29
8 5.38276655967e+12 1.55570829424e+29
8 5.38309523595e+12 1.55525963786e+29
8 5.38342391224e+12 1.5548108371e+29
8 5.38375258852e+12 1.55436189194e+29
8 5.38408126481e+12 1.55391280238e+29
8 5.38440994109e+12 1.55346356839e+29
8 5.38473861738e+12 1.55301418996e+29
8 5.38506729366e+12 1.55256466709e+29
8 5.38539596994e+12 1.55211499974e+29
8 5.38572464623e+12 1.55166518792e+29
8 5.38605332251e+12 1.5512152316e+29
8 5.3863819988e+12 1.55076513077e+29
8 5.38671067508e+12 1.55031488542e+29
8 5.38703935137e+12 1.54986449553e+29
8 5.38736802765e+12 1.54941396109e+29
8 5.38769670393e+12 1.54896328209e+29
8 5.38802538022e+12 1.5485124585e+29
8 5.3883540565e+12 1.54806149032e+29
8 5.38868273279e+12 1.54761037752e+29
8 5.38901140907e+12 1.54715912011e+29
8 5.38934008536e+12 1.54670771806e+29
8 5.38966876164e+12 1.54625617135e+29
8 5.38999743792e+12 1.54580447998e+29
8 5.39032611421e+12 1.54535264393e+29
8 5.39065479049e+12 1.54490066319e+29
8 5.39098346678e+12 1.54444853773e+29
8 5.39131214306e+12 1.54399626755e+29
8 5.39164081935e+12 1.54354385264e+29
8 5.39196949563e+12 1.54309129297e+29
8 5.39229817191e+12 1.54263858854e+29
8 5.3926268482e+12 1.54218573932e+29
8 5.39295552448e+12 1.54173274531e+29
8 5.39328420077e+12 1.54127960649e+29
8 5.39361287705e+12 1.54082632285e+29
8 5.39394155334e+12 1.54037289437e+29
8 5.39427022962e+12 1.53991932104e+29
8 5.3945989059e+12 1.53946560285e+29
8 5.39492758219e+12 1.53901173977e+29
8 5.39525625847e+12 1.53855875552e+29
8 5.39558493476e+12 1.53810947578e+29
8 5.39591361104e+12 1.53766280946e+29
8 5.39624228733e+12 1.53721608775e+29
8 5.39657096361e+12 1.53676922298e+29
8 5.39689963989e+12 1.53632221512e+29
8 5.39722831618e+12 1.53587506416e+29
8 5.39755699246e+12 1.53542777009e+29
8 5.39788566875e+12 1.53498033289e+29
8 5.39821434503e+12 1.53453275254e+29
8 5.39854302132e+12 1.53408502905e+29
8 5.3988716976e+12 1.53363716238e+29
8 5.39920037388e+12 1.53318915253e+29
8 5.39952905017e+12 1.53274099948e+29
8 5.39985772645e+12 1.53229270321e+29
8 5.40018640274e+12 1.53184426373e+29
8 5.40051507902e+12 1.531395681e+29
8 5.40084375531e+12 1.53094695502e+29
8 5.40117243159e+12 1.53049808576e+29
8 5.40150110787e+12 1.53004907323e+29
8 5.40182978416e+12 1.5295999174e+29
8 5.40215846044e+12 1.52915061826e+29
8 5.40248713673e+12 1.52870117579e+29
8 5.40281581301e+12 1.52825158998e+29
8 5.4031444893e+12 1.52780186082e+29
8 5.40347316558e+12 1.5273519883e+29
8 5.40380184186e+12 1.52690197239e+29
8 5.40414315954e+12 1.58749187438e+29
8 5.40448447722e+12 1.58700553851e+29
8 5.4048257949e+12 1.58651904179e+29
8 5.40516711258e+12 1.58603238419e+29
8 5.40550843026e+12 1.5855455657e+29
8 5.40584974794e+12 1.58505858631e+29
8 5.40619106562e+12 1.584571446e+29
8 5.4065323833e+12 1.58408414474e+29
8 5.40687370098e+12 1.58359668253e+29
8 5.40721501866e+12 1.58310905935e+29
8 5.40755633634e+12 1.58262127518e+29
8 5.40789765402e+12 1.58213333001e+29
8 5.4082389717e+12 1.58164522382e+29
8 5.40858028938e+12 1.58115695658e+29
8 5.40892160706e+12 1.5806685283e+29
8 5.40926292474e+12 1.58017993894e+29
8 5.40960424242e+12 1.5796911885e+29
8 5.4099455601e+12 1.57920227695e+29
8 5.41028687778e+12 1.57871320429e+29
8 5.41062819546e+12 1.57822397049e+29
8 5.41096951314e+12 1.57773457553e+29
8 5.41131083082e+12 1.57724501941e+29
8 5.4116521485e+12 1.5767553021e+29
8 5.41199346618e+12 1.57626542359e+29
8 5.41233478386e+12 1.57577538386e+29
8 5.41267610154e+12 1.5752851829e+29
8 5.41301741922e+12 1.57479482069e+29
8 5.4133587369e+12 1.5743042972e+29
8 5.41370005458e+12 1.57381361244e+29
8 5.41404137226e+12 1.57332308457e+29
8 5.41438268994e+12 1.57283577628e+29
8 5.41472400762e+12 1.57235200615e+29
8 5.4150653253e+12 1.57186866916e+29
8 5.41540664298e+12 1.57138517281e+29
8 5.41574796066e+12 1.57090151711e+29
8 5.41608927834e+12 1.57041770201e+29
8 5.41643059602e+12 1.56993372752e+29
8 5.4167719137e+12 1.56944959361e+29
8 5.41711323138e+12 1.56896530027e+29
8 5.41745454906e+12 1.56848084748e+29
8 5.41779586674e+12 1.56799623523e+29
8 5.41813718442e+12 1.56751146349e+29
8 5.4184785021e+12 1.56702653226e+29
8 5.41881981978e+12 1.56654144151e+29
8 5.41916113746e+12 1.56605619124e+29
8 5.41950245514e+12 1.56557078142e+29
8 5.41984377282e+12 1.56508521203e+29
8 5.4201850905e+12 1.56459948307e+29
8 5.42052640818e+12 1.56411359451e+29
8 5.42086772586e+12 1.56362754634e+29
8 5.42120904354e+12 1.56314133854e+29
8 5.42155036122e+12 1.5626549711e+29
8 5.4218916789e+12 1.562168444e+29
8 5.42223299658e+12 1.56168175723e+29
8 5.42257431426e+12 1.56119491076e+29
8 5.42291563194e+12 1.56070790458e+29
8 5.42325694962e+12 1.56022073868e+29
8 5.42359826729e+12 1.55973341304e+29
8 5.42393958497e+12 1.55924592764e+29
8 5.42428090265e+12 1.55875828247e+29
8 5.42462222033e+12 1.5582704775e+29
8 5.42496353801e+12 1.55778251273e+29
8 5.42530485569e+12 1.55729438814e+29
8 5.42564617337e+12 1.55680610371e+29
8 5.42598749105e+12 1.55631765943e+29
8 5.42632880873e+12 1.55582905527e+29
8 5.42667012641e+12 1.55534029123e+29
8 5.42701144409e+12 1.55485136728e+29
8 5.42735276177e+12 1.55436228341e+29
8 5.42769407945e+12 1.55387303961e+29
8 5.42803539713e+12 1.55338363586e+29
8 5.42837671481e+12 1.55289407213e+29
8 5.42871803249e+12 1.55240434842e+29
8 5.42905935017e+12 1.55191446472e+29
8 5.42940066785e+12 1.55142442099e+29
8 5.42974198553e+12 1.55093421723e+29
8 5.43008330321e+12 1.55044385342e+29
8 5.43042462089e+12 1.54995332954e+29
8 5.43076593857e+12 1.54946264559e+29
8 5.43110725625e+12 1.54897180153e+29
8 5.43144857393e+12 1.54848079736e+29
8 5.43178989161e+12 1.54798963306e+29
8 5.43213120929e+12 1.54749830861e+29
8 5.43247252697e+12 1.54700682399e+29
8 5.43281384465e+12 1.54651590523e+29
8 5.43315516233e+12 1.54602849752e+29
8 5.43349648001e+12 1.5455440013e+29
8 5.43383779769e+12 1.54505955375e+29
8 5.43417911537e+12 1.54457494789e+29
8 5.43452043305e+12 1.5440901837e+29
8 5.43486175073e+12 1.54360526116e+29
8 5.43520306841e+12 1.54312018026e+29
8 5.43554438609e+12 1.54263494097e+29
8 5.43588570377e+12 1.54214954329e+29
8 5.43622702145e+12 1.5416639872e+29
8 5.43656833913e+12 1.54117827268e+29
8 5.43690965681e+12 1.54069239971e+29
8 5.43725097449e+12 1.54020636829e+29
8 5.43759229217e+12 1.53972017838e+29
8 5.43793360985e+12 1.53923382999e+29
8 5.43827492753e+12 1.53874732309e+29
8 5.43861624521e+12 1.53826065766e+29
8 5.43895756289e+12 1.53777383369e+29
8 5.43929888057e+12 1.53728685116e+29
8 5.43964019825e+12 1.53679971006e+29
8 5.43998151593e+12 1.53631241038e+29
8 5.44032283361e+12 1.53582495208e+29
8 5.44066415129e+12 1.53533733517e+29
8 5.44100546897e+12 1.53484955962e+29
8 5.44134678665e+12 1.53436162541e+29
8 5.44168810433e+12 1.53387353254e+29
8 5.44202942201e+12 1.53338528098e+29
8 5.44237073969e+12 1.53289687072e+29
8 5.44271205737e+12 1.53240830174e+29
8 5.44305337505e+12 1.53191957403e+29
8 5.44339469273e+12 1.53143068757e+29
8 5.44373601041e+12 1.53094164234e+29
8 5.44407732808e+12 1.53045243834e+29
8 5.44441864576e+12 1.52996307553e+29
8 5.44475996344e+12 1.52947355391e+29
8 5.44510128112e+12 1.52898387346e+29
8 5.4454425988e+12 1.52849403416e+29
8 5.44578391648e+12 1.528004036e+29
8 5.44612523416e+12 1.52751387897e+29
8 5.44646655184e+12 1.52702356304e+29
8 5.44682051092e+12 1.5852270297e+29
8 5.44717446999e+12 1.58469864536e+29
8 5.44752842907e+12 1.58417008351e+29
8 5.44788238815e+12 1.58364134414e+29
8 5.44823634722e+12 1.58311242722e+29
8 5.4485903063e+12 1.58258333274e+29
8 5.44894426537e+12 1.58205406067e+29
8 5.44929822445e+12 1.58152461099e+29
8 5.44965218352e+12 1.5809949837e+29
8 5.4500061426e+12 1.58046517877e+29
8 5.45036010167e+12 1.57993519617e+29
8 5.45071406075e+12 1.5794050359e+29
8 5.45106801982e+12 1.57887469794e+29
8 5.4514219789e+12 1.5783458834e+29
8 5.45177593797e+12 1.57782097879e+29
8 5.45212989705e+12 1.57729802332e+29
8 5.45248385613e+12 1.57677489301e+29
8 5.4528378152e+12 1.57625158698e+29
8 5.45319177428e+12 1.57572810519e+29
8 5.45354573335e+12 1.57520444763e+29
8 5.45389969243e+12 1.57468061428e+29
8 5.4542536515e+12 1.57415660513e+29
8 5.45460761058e+12 1.57363242015e+29
8 5.45496156965e+12 1.57310805932e+29
8 5.45531552873e+12 1.57258352264e+29
8 5.4556694878e+12 1.57205881008e+29
8 5.45602344688e+12 1.57153392162e+29
8 5.45637740595e+12 1.57100885724e+29
8 5.45673136503e+12 1.57048361692e+29
8 5.45708532411e+12 1.56995820065e+29
8 5.45743928318e+12 1.56943260841e+29
8 5.45779324226e+12 1.56890684018e+29
8 5.45814720133e+12 1.56838089594e+29
8 5.45850116041e+12 1.56785477567e+29
8 5.45885511948e+12 1.56732847936e+29
8 5.45920907856e+12 1.56680200698e+29
8 5.45956303763e+12 1.56627535853e+29
8 5.45991699671e+12 1.56574853396e+29
8 5.46027095578e+12 1.56522153328e+29
8 5.46062491486e+12 1.56469435647e+29
8 5.46097887393e+12 1.56416700349e+29
8 5.46133283301e+12 1.56363947434e+29
8 5.46168679209e+12 1.563111769e+29
8 5.46204075116e+12 1.56258388745e+29
8 5.46239471024e+12 1.56205582967e+29
8 5.46274866931e+12 1.56152759563e+29
8 5.46310262839e+12 1.56099918534e+29
8 5.46345658746e+12 1.56047059875e+29
8 5.46381054654e+12 1.55994183587e+29
8 5.46416450561e+12 1.55941289666e+29
8 5.46451846469e+12 1.55888378111e+29
8 5.46487242376e+12 1.5583544892e+29
8 5.46522638284e+12 1.55782502092e+29
8 5.46558034191e+12 1.55729537624e+29
8 5.46593430099e+12 1.55676555515e+29
8 5.46628826007e+12 1.55623555762e+29
8 5.46664221914e+12 1.55570538365e+29
8 5.46699617822e+12 1.5551750332e+29
8 5.46735013729e+12 1.55464450627e+29
8 5.46770409637e+12 1.55411380283e+29
8 5.46805805544e+12 1.55358292286e+29
8 5.46841201452e+12 1.55305186636e+29
8 5.46876597359e+12 1.55252063329e+29
8 5.46911993267e+12 1.55198922364e+29
8 5.46947389174e+12 1.55145864991e+29
8 5.46982785082e+12 1.55097180043e+29
8 5.47018180989e+12 1.55054928148e+29
8 5.47053576897e+12 1.55014547568e+29
8 5.47088972804e+12 1.54974152642e+29
8 5.47124368712e+12 1.54933743367e+29
8 5.4715976462e+12 1.54893319742e+29
8 5.47195160527e+12 1.54852881766e+29
8 5.47230556435e+12 1.54812429438e+29
8 5.47265952342e+12 1.54771962755e+29
8 5.4730134825e+12 1.54731481717e+29
8 5.47336744157e+12 1.54690986321e+29
8 5.47372140065e+12 1.54650476567e+29
8 5.47407535972e+12 1.54609952452e+29
8 5.4744293188e+12 1.54569413976e+29
8 5.47478327787e+12 1.54528861136e+29
8 5.47513723695e+12 1.54488293931e+29
8 5.47549119602e+12 1.5444771236e+29
8 5.4758451551e+12 1.54407116421e+29
8 5.47619911418e+12 1.54366506113e+29
8 5.47655307325e+12 1.54325881434e+29
8 5.47690703233e+12 1.54285242382e+29
8 5.4772609914e+12 1.54244588957e+29
8 5.47761495048e+12 1.54203921156e+29
8 5.47796890955e+12 1.54163238978e+29
8 5.47832286863e+12 1.54122542421e+29
8 5.4786768277e+12 1.54081831485e+29
8 5.47903078678e+12 1.54041106167e+29
8 5.47938474585e+12 1.54000366466e+29
8 5.47973870493e+12 1.5395961238e+29
8 5.480092664e+12 1.53918843908e+29
8 5.48044662308e+12 1.53878061049e+29
8 5.48080058216e+12 1.53837263801e+29
8 5.48115454123e+12 1.53796452161e+29
8 5.48150850031e+12 1.5375562613e+29
8 5.48186245938e+12 1.53714785705e+29
8 5.48221641846e+12 1.53673930885e+29
8 5.48257037753e+12 1.53633061668e+29
8 5.48292433661e+12 1.53592178053e+29
8 5.48327829568e+12 1.53551280038e+29
8 5.48363225476e+12 1.53510367622e+29
8 5.48398621383e+12 1.53469440803e+29
8 5.48434017291e+12 1.53428499579e+29
8 5.48469413198e+12 1.5338754395e+29
8 5.48504809106e+12 1.53346573914e+29
8 5.48540205014e+12 1.53305589468e+29
8 5.48575600921e+12 1.53264590613e+29
8 5.48610996829e+12 1.53223577345e+29
8 5.48646392736e+12 1.53182549664e+29
8 5.48681788644e+12 1.53141507568e+29
8 5.48717184551e+12 1.53100451055e+29
8 5.48752580459e+12 1.53059380125e+29
8 5.48787976366e+12 1.53018294775e+29
8 5.48823372274e+12 1.52977195004e+29
8 5.48858768181e+12 1.5293608081e+29
8 5.48894164089e+12 1.52894952193e+29
8 5.48929559996e+12 1.5285380915e+29
8 5.48964955904e+12 1.52812651679e+29
8 5.49000351812e+12 1.52771479781e+29
8 5.49035747719e+12 1.52730293452e+29
8 5.49071143627e+12 1.52689092691e+29
8 5.49107803674e+12 1.58299975649e+29
8 5.49144463721e+12 1.58255691144e+29
8 5.49181123768e+12 1.58211390579e+29
8 5.49217783815e+12 1.58167073952e+29
8 5.49254443862e+12 1.58122741263e+29
8 5.49291103909e+12 1.58078392509e+29
8 5.49327763956e+12 1.58034027689e+29
8 5.49364424003e+12 1.579896468e+29
8 5.4940108405e+12 1.57945249842e+29
8 5.49437744098e+12 1.57900836812e+29
8 5.49474404145e+12 1.57856407708e+29
8 5.49511064192e+12 1.57811962529e+29
8 5.49547724239e+12 1.57767501274e+29
8 5.49584384286e+12 1.57723023939e+29
8 5.49621044333e+12 1.57678530525e+29
8 5.4965770438e+12 1.57633658781e+29
8 5.49694364427e+12 1.57583920805e+29
8 5.49731024474e+12 1.57528494546e+29
8 5.49767684521e+12 1.57471975911e+29
8 5.49804344568e+12 1.57415437996e+29
8 5.49841004616e+12 1.573588808e+29
8 5.49877664663e+12 1.57302304321e+29
8 5.4991432471e+12 1.57245708557e+29
8 5.49950984757e+12 1.57189093505e+29
8 5.49987644804e+12 1.57132459163e+29
8 5.50024304851e+12 1.5707580553e+29
8 5.50060964898e+12 1.57019132603e+29
8 5.50097624945e+12 1.5696244038e+29
8 5.50134284992e+12 1.5690572886e+29
8 5.50170945039e+12 1.5684899804e+29
8 5.50207605087e+12 1.56792247918e+29
8 5.50244265134e+12 1.56735478491e+29
8 5.50280925181e+12 1.56678689759e+29
8 5.50317585228e+12 1.56621881719e+29
8 5.50354245275e+12 1.56565054368e+29
8 5.50390905322e+12 1.56508207705e+29
8 5.50427565369e+12 1.56451341728e+29
8 5.50464225416e+12 1.56394456434e+29
8 5.50500885463e+12 1.56337551822e+29
8 5.5053754551e+12 1.56280627889e+29
8 5.50574205557e+12 1.56223684633e+29
8 5.50610865605e+12 1.56166722053e+29
8 5.50647525652e+12 1.56109740146e+29
8 5.50684185699e+12 1.56052738911e+29
8 5.50720845746e+12 1.55995718344e+29
8 5.50757505793e+12 1.55938678444e+29
8 5.5079416584e+12 1.5588161921e+29
8 5.50830825887e+12 1.55824540638e+29
8 5.50867485934e+12 1.55767442727e+29
8 5.50904145981e+12 1.55710325475e+29
8 5.50940806028e+12 1.55653188879e+29
8 5.50977466075e+12 1.55596032938e+29
8 5.51014126123e+12 1.5553885765e+29
8 5.5105078617e+12 1.55481663012e+29
8 5.51087446217e+12 1.55424449023e+29
8 5.51124106264e+12 1.55367215679e+29
8 5.51160766311e+12 1.55309962981e+29
8 5.51197426358e+12 1.55252690924e+29
8 5.51234086405e+12 1.55195399507e+29
8 5.51270746452e+12 1.55138088729e+29
8 5.51307406499e+12 1.55080758587e+29
8 5.51344066546e+12 1.55023409078e+29
8 5.51380726593e+12 1.54966040201e+29
8 5.51417386641e+12 1.54908651955e+29
8 5.51454046688e+12 1.54851244335e+29
8 5.51490706735e+12 1.54793817342e+29
8 5.51527366782e+12 1.54736370972e+29
8 5.51564026829e+12 1.54678905224e+29
8 5.51600686876e+12 1.54621420095e+29
8 5.51637346923e+12 1.54563915583e+29
8 5.5167400697e+12 1.54506391687e+29
8 5.51710667017e+12 1.54448848404e+29
8 5.51747327064e+12 1.54391285732e+29
8 5.51783987112e+12 1.5433370367e+29
8 5.51820647159e+12 1.54276102214e+29
8 5.51857307206e+12 1.54218481363e+29
8 5.51893967253e+12 1.54160841116e+29
8 5.519306273e+12 1.54103181469e+29
8 5.51967287347e+12 1.54045502421e+29
8 5.52003947394e+12 1.53987803969e+29
8 5.52040607441e+12 1.53930086112e+29
8 5.52077267488e+12 1.53872348848e+29
8 5.52113927535e+12 1.53814592174e+29
8 5.52150587582e+12 1.53756816089e+29
8 5.5218724763e+12 1.5369902059e+29
8 5.52223907677e+12 1.53641205675e+29
8 5.52260567724e+12 1.53583371343e+29
8 5.52297227771e+12 1.53525517591e+29
8 5.52333887818e+12 1.53467112062e+29
8 5.52370547865e+12 1.53401181937e+29
8 5.52407207912e+12 1.53326341624e+29
8 5.52443867959e+12 1.53249741647e+29
8 5.52480528006e+12 1.53173117284e+29
8 5.52517188053e+12 1.53096468534e+29
8 5.525538481e+12 1.53019795394e+29
8 5.52590508148e+12 1.52943097861e+29
8 5.52627168195e+12 1.52866375933e+29
8 5.52663828242e+12 1.52789629607e+29
8 5.52700488289e+12 1.52712858881e+29
8 5.52738412475e+12 1.58084608323e+29
8 5.52776336662e+12 1.58002300325e+29
8 5.52814260849e+12 1.57919965275e+29
8 5.52852185035e+12 1.57837603167e+29
8 5.52890109222e+12 1.57755214001e+29
8 5.52928033409e+12 1.57672797772e+29
8 5.52965957595e+12 1.57590354477e+29
8 5.53003881782e+12 1.57507884115e+29
8 5.53041805969e+12 1.57425386682e+29
8 5.53079730155e+12 1.57342862174e+29
8 5.53117654342e+12 1.57260310589e+29
8 5.53155578529e+12 1.57177731925e+29
8 5.53193502715e+12 1.57095126177e+29
8 5.53231426902e+12 1.57012493344e+29
8 5.53269351089e+12 1.56929833422e+29
8 5.53307275275e+12 1.56847146408e+29
8 5.53345199462e+12 1.567644323e+29
8 5.53383123648e+12 1.56681691094e+29
8 5.53421047835e+12 1.56598922787e+29
8 5.53458972022e+12 1.56516127377e+29
8 5.53496896208e+12 1.56433304861e+29
8 5.53534820395e+12 1.56350455235e+29
8 5.53572744582e+12 1.56267578498e+29
8 5.53610668768e+12 1.56184674645e+29
8 5.53648592955e+12 1.56101743673e+29
8 5.53686517142e+12 1.56018785581e+29
8 5.53724441328e+12 1.55935800365e+29
8 5.53762365515e+12 1.55852788022e+29
8 5.53800289702e+12 1.55769748549e+29
8 5.53838213888e+12 1.55686681943e+29
8 5.53876138075e+12 1.55603588201e+29
8 5.53914062262e+12 1.55520467321e+29
8 5.53951986448e+12 1.55437319299e+29
8 5.53989910635e+12 1.55354144132e+29
8 5.54027834822e+12 1.55270941818e+29
8 5.54065759008e+12 1.55187712354e+29
8 5.54103683195e+12 1.55107000972e+29
8 5.54141607381e+12 1.5503704321e+29
8 5.54179531568e+12 1.54975392519e+29
8 5.54217455755e+12 1.54914122512e+29
8 5.54255379941e+12 1.54852831379e+29
8 5.54293304128e+12 1.54791519119e+29
8 5.54331228315e+12 1.54730185728e+29
8 5.54369152501e+12 1.54668831205e+29
8 5.54407076688e+12 1.54607455546e+29
8 5.54445000875e+12 1.54546058751e+29
8 5.54482925061e+12 1.54484640816e+29
8 5.54520849248e+12 1.54423201739e+29
8 5.54558773435e+12 1.54361741518e+29
8 5.54596697621e+12 1.54300260151e+29
8 5.54634621808e+12 1.54238757634e+29
8 5.54672545995e+12 1.54177233967e+29
8 5.54710470181e+12 1.54115689146e+29
8 5.54748394368e+12 1.5405412317e+29
8 5.54786318554e+12 1.53992536035e+29
8 5.54824242741e+12 1.5393092774e+29
8 5.54862166928e+12 1.53869298282e+29
8 5.54900091114e+12 1.53807647659e+29
8 5.54938015301e+12 1.53745975869e+29
8 5.54975939488e+12 1.53684282909e+29
8 5.55013863674e+12 1.53622568778e+29
8 5.55051787861e+12 1.53560833472e+29
8 5.55089712048e+12 1.53499076989e+29
8 5.55127636234e+12 1.53437299328e+29
8 5.55165560421e+12 1.53375500485e+29
8 5.55203484608e+12 1.53313680458e+29
8 5.55241408794e+12 1.53251839246e+29
8 5.55279332981e+12 1.53189976846e+29
8 5.55317257168e+12 1.53128093255e+29
8 5.55355181354e+12 1.53066188471e+29
8 5.55393105541e+12 1.53004262492e+29
8 5.55431029727e+12 1.52942315316e+29
8 5.55468953914e+12 1.5288034694e+29
8 5.55506878101e+12 1.52818357361e+29
8 5.55544802287e+12 1.52756346579e+29
8 5.55582726474e+12 1.52694314589e+29
8 5.556219148e+12 1.57893302435e+29
8 5.55661103126e+12 1.57826945898e+29
8 5.55700291453e+12 1.57760565927e+29
8 5.55739479779e+12 1.57694162522e+29
8 5.55778668105e+12 1.57627735678e+29
8 5.55817856431e+12 1.5756128542e+29
8 5.55857044757e+12 1.57495012149e+29
8 5.55896233084e+12 1.5742911081e+29
8 5.5593542141e+12 1.5736335733e+29
8 5.55974609736e+12 1.57297580614e+29
8 5.56013798062e+12 1.57231780661e+29
8 5.56052986389e+12 1.57165957467e+29
8 5.56092174715e+12 1.57100111031e+29
8 5.56131363041e+12 1.57034241349e+29
8 5.56170551367e+12 1.56968348419e+29
8 5.56209739693e+12 1.56902432238e+29
8 5.5624892802e+12 1.56836492804e+29
8 5.56288116346e+12 1.56770530114e+29
8 5.56327304672e+12 1.56704544166e+29
8 5.56366492998e+12 1.56638534956e+29
8 5.56405681324e+12 1.56572502482e+29
8 5.56444869651e+12 1.56506446742e+29
8 5.56484057977e+12 1.56440367733e+29
8 5.56523246303e+12 1.56374265452e+29
8 5.56562434629e+12 1.56308139897e+29
8 5.56601622955e+12 1.56241991065e+29
8 5.56640811282e+12 1.56175818954e+29
8 5.56679999608e+12 1.5610962356e+29
8 5.56719187934e+12 1.56043404881e+29
8 5.5675837626e+12 1.55977162915e+29
8 5.56797564586e+12 1.55910897659e+29
8 5.56836752913e+12 1.55844609111e+29
8 5.56875941239e+12 1.55778297267e+29
8 5.56915129565e+12 1.55711962125e+29
8 5.56954317891e+12 1.55645603682e+29
8 5.56993506217e+12 1.55579221936e+29
8 5.57032694544e+12 1.55512816885e+29
8 5.5707188287e+12 1.55446388525e+29
8 5.57111071196e+12 1.55379936854e+29
8 5.57150259522e+12 1.5531346187e+29
8 5.57189447848e+12 1.55246963569e+29
8 5.57228636175e+12 1.55180441949e+29
8 5.57267824501e+12 1.55113897008e+29
8 5.57307012827e+12 1.55047328743e+29
8 5.57346201153e+12 1.54980737151e+29
8 5.57385389479e+12 1.5491412223e+29
8 5.57424577806e+12 1.54847483976e+29
8 5.57463766132e+12 1.54780822388e+29
8 5.57502954458e+12 1.54714137463e+29
8 5.57542142784e+12 1.54647429296e+29
8 5.5758133111e+12 1.54580900731e+29
8 5.57620519437e+12 1.54514735082e+29
8 5.57659707763e+12 1.54448707509e+29
8 5.57698896089e+12 1.54382656797e+29
8 5.57738084415e+12 1.54316582943e+29
8 5.57777272741e+12 1.54250485944e+29
8 5.57816461068e+12 1.54184365799e+29
8 5.57855649394e+12 1.54118222503e+29
8 5.5789483772e+12 1.54052056056e+29
8 5.57934026046e+12 1.53985866453e+29
8 5.57973214372e+12 1.53919653693e+29
8 5.58012402699e+12 1.53853417772e+29
8 5.58051591025e+12 1.53787158689e+29
8 5.58090779351e+12 1.53720876441e+29
8 5.58129967677e+12 1.53654571024e+29
8 5.58169156003e+12 1.53588242437e+29
8 5.5820834433e+12 1.53521890677e+29
8 5.58247532656e+12 1.53455515741e+29
8 5.58286720982e+12 1.53389117627e+29
8 5.58325909308e+12 1.53322696331e+29
8 5.58365097634e+12 1.53256251853e+29
8 5.58404285961e+12 1.53189784188e+29
8 5.58443474287e+12 1.53123293334e+29
8 5.58482662613e+12 1.53056779289e+29
8 5.58521850939e+12 1.5299024205e+29
8 5.58561039265e+12 1.52923681615e+29
8 5.58600227592e+12 1.5285709798e+29
8 5.58639415918e+12 1.52790491144e+29
8 5.58678604244e+12 1.52723861103e+29
8 5.5871905671e+12 1.57743559023e+29
8 5.58759509176e+12 1.5767243627e+29
8 5.58799961641e+12 1.57601287959e+29
8 5.58840414107e+12 1.57530114087e+29
8 5.58880866573e+12 1.5745891465e+29
8 5.58921319039e+12 1.57387689646e+29
8 5.58961771504e+12 1.57316439071e+29
8 5.5900222397e+12 1.57245162924e+29
8 5.59042676436e+12 1.571738612e+29
8 5.59083128902e+12 1.57102533897e+29
8 5.59123581367e+12 1.57031181011e+29
8 5.59164033833e+12 1.56959802541e+29
8 5.59204486299e+12 1.56888398482e+29
8 5.59244938765e+12 1.56816968833e+29
8 5.5928539123e+12 1.5674569646e+29
8 5.59325843696e+12 1.56674805074e+29
8 5.59366296162e+12 1.56604087711e+29
8 5.59406748628e+12 1.56533344975e+29
8 5.59447201094e+12 1.56462576861e+29
8 5.59487653559e+12 1.56391783366e+29
8 5.59528106025e+12 1.56320964488e+29
8 5.59568558491e+12 1.56250120224e+29
8 5.59609010957e+12 1.5617925057e+29
8 5.59649463422e+12 1.56108355524e+29
8 5.59689915888e+12 1.56037435084e+29
8 5.59730368354e+12 1.55966489245e+29
8 5.5977082082e+12 1.55895518005e+29
8 5.59811273285e+12 1.55824521361e+29
8 5.59851725751e+12 1.55753499311e+29
8 5.59892178217e+12 1.5568245185e+29
8 5.59932630683e+12 1.55611378977e+29
8 5.59973083148e+12 1.55540280689e+29
8 5.60013535614e+12 1.55469156982e+29
8 5.6005398808e+12 1.55398007853e+29
8 5.60094440546e+12 1.553268333e+29
8 5.60134893011e+12 1.5525563332e+29
8 5.60175345477e+12 1.55184407909e+29
8 5.60215797943e+12 1.55113157065e+29
8 5.60256250409e+12 1.55041880786e+29
8 5.60296702874e+12 1.54970579067e+29
8 5.6033715534e+12 1.54899251906e+29
8 5.60377607806e+12 1.548278993e+29
8 5.60418060272e+12 1.54756521246e+29
8 5.60458512737e+12 1.54685117742e+29
8 5.60498965203e+12 1.54613688783e+29
8 5.60539417669e+12 1.54542234369e+29
8 5.60579870135e+12 1.54470754494e+29
8 5.606203226e+12 1.54399249157e+29
8 5.60660775066e+12 1.54327718355e+29
8 5.60701227532e+12 1.54256162085e+29
8 5.60741679998e+12 1.54184580343e+29
8 5.60782132464e+12 1.54112973126e+29
8 5.60822584929e+12 1.54041340433e+29
8 5.60863037395e+12 1.5396968226e+29
8 5.60903489861e+12 1.53897998603e+29
8 5.60943942327e+12 1.53826293708e+29
8 5.60984394792e+12 1.53754820488e+29
8 5.61024847258e+12 1.53683718663e+29
8 5.61065299724e+12 1.53612719001e+29
8 5.6110575219e+12 1.53541694068e+29
8 5.61146204655e+12 1.53470643861e+29
8 5.61186657121e+12 1.53399568377e+29
8 5.61227109587e+12 1.53328467614e+29
8 5.61267562053e+12 1.53257341567e+29
8 5.61308014518e+12 1.53186190236e+29
8 5.61348466984e+12 1.53115013616e+29
8 5.6138891945e+12 1.53043811704e+29
8 5.61429371916e+12 1.52972584498e+29
8 5.61469824381e+12 1.52901331995e+29
8 5.61510276847e+12 1.52830054192e+29
8 5.61550729313e+12 1.52758751086e+29
8 5.61591181779e+12 1.52687422674e+29
8 5.61632898384e+12 1.5753686553e+29
8 5.61674614989e+12 1.57460880136e+29
8 5.61716331595e+12 1.57384866951e+29
8 5.617580482e+12 1.57308825973e+29
8 5.61799764805e+12 1.57232757199e+29
8 5.61841481411e+12 1.57156660624e+29
8 5.61883198016e+12 1.57080536246e+29
8 5.61924914621e+12 1.57004384062e+29
8 5.61966631226e+12 1.56928204068e+29
8 5.62008347832e+12 1.5685199626e+29
8 5.62050064437e+12 1.56775760636e+29
8 5.62091781042e+12 1.56699497193e+29
8 5.62133497648e+12 1.56623205926e+29
8 5.62175214253e+12 1.56546886833e+29
8 5.62216930858e+12 1.56470539911e+29
8 5.62258647464e+12 1.56394165155e+29
8 5.62300364069e+12 1.56317762564e+29
8 5.62342080674e+12 1.56241332133e+29
8 5.6238379728e+12 1.56164873859e+29
8 5.62425513885e+12 1.56088387739e+29
8 5.6246723049e+12 1.5601187377e+29
8 5.62508947096e+12 1.55935331948e+29
8 5.62550663701e+12 1.55858762271e+29
8 5.62592380306e+12 1.55782164734e+29
8 5.62634096911e+12 1.55705598995e+29
8 5.62675813517e+12 1.55629391395e+29
8 5.62717530122e+12 1.55553517087e+29
8 5.62759246727e+12 1.55477652809e+29
8 5.62800963333e+12 1.55401760905e+29
8 5.62842679938e+12 1.55325841374e+29
8 5.62884396543e+12 1.5524989421e+29
8 5.62926113149e+12 1.55173919412e+29
8 5.62967829754e+12 1.55097916975e+29
8 5.63009546359e+12 1.55021886897e+29
8 5.63051262965e+12 1.54945829174e+29
8 5.6309297957e+12 1.54869743803e+29
8 5.63134696175e+12 1.5479363078e+29
8 5.63176412781e+12 1.54717490104e+29
8 5.63218129386e+12 1.54641321769e+29
8 5.63259845991e+12 1.54565125773e+29
8 5.63301562596e+12 1.54488902113e+29
8 5.63343279202e+12 1.54412650785e+29
8 5.63384995807e+12 1.54336371787e+29
8 5.63426712412e+12 1.54260065114e+29
8 5.63468429018e+12 1.54183730764e+29
8 5.63510145623e+12 1.54107368733e+29
8 5.63551862228e+12 1.54030979018e+29
8 5.63593578834e+12 1.53954561616e+29
8 5.63635295439e+12 1.53878116524e+29
8 5.63677012044e+12 1.53801643738e+29
8 5.6371872865e+12 1.53725143255e+29
8 5.63760445255e+12 1.53648615072e+29
8 5.6380216186e+12 1.53572059185e+29
8 5.63843878466e+12 1.53495475592e+29
8 5.63885595071e+12 1.53418864288e+29
8 5.63927311676e+12 1.53342225272e+29
8 5.63969028281e+12 1.53265558538e+29
8 5.64010744887e+12 1.53188864085e+29
8 5.64052461492e+12 1.53112141909e+29
8 5.64094178097e+12 1.53035392007e+29
8 5.64135894703e+12 1.52958614375e+29
8 5.64177611308e+12 1.5288180901e+29
8 5.64219327913e+12 1.52804975909e+29
8 5.64261044519e+12 1.52728115069e+29
8 5.64304025264e+12 1.57419310994e+29
8 5.64347006008e+12 1.57338182081e+29
8 5.64389986753e+12 1.57257335961e+29
8 5.64432967498e+12 1.57176467303e+29
8 5.64475948243e+12 1.5709556854e+29
8 5.64518928988e+12 1.57014639667e+29
8 5.64561909733e+12 1.56933680683e+29
8 5.64604890478e+12 1.56852691582e+29
8 5.64647871222e+12 1.56771672361e+29
8 5.64690851967e+12 1.56690623017e+29
8 5.64733832712e+12 1.56609543546e+29
8 5.64776813457e+12 1.56528433944e+29
8 5.64819794202e+12 1.56447294207e+29
8 5.64862774947e+12 1.56366124333e+29
8 5.64905755692e+12 1.56284924317e+29
8 5.64948736437e+12 1.56203694155e+29
8 5.64991717181e+12 1.56122433845e+29
8 5.65034697926e+12 1.56041143382e+29
8 5.65077678671e+12 1.55959822763e+29
8 5.65120659416e+12 1.55878471984e+29
8 5.65163640161e+12 1.55797091041e+29
8 5.65206620906e+12 1.55715679931e+29
8 5.65249601651e+12 1.55634238651e+29
8 5.65292582396e+12 1.55552767195e+29
8 5.6533556314e+12 1.55471265562e+29
8 5.65378543885e+12 1.55389733747e+29
8 5.6542152463e+12 1.55308171746e+29
8 5.65464505375e+12 1.55226579556e+29
8 5.6550748612e+12 1.55144957174e+29
8 5.65550466865e+12 1.55063304595e+29
8 5.6559344761e+12 1.54981621816e+29
8 5.65636428354e+12 1.54899908834e+29
8 5.65679409099e+12 1.54818165644e+29
8 5.65722389844e+12 1.54736392243e+29
8 5.65765370589e+12 1.54654588628e+29
8 5.65808351334e+12 1.54572754794e+29
8 5.65851332079e+12 1.54490890739e+29
8 5.65894312824e+12 1.54408996458e+29
8 5.65937293569e+12 1.54327127484e+29
8 5.65980274313e+12 1.5424565078e+29
8 5.66023255058e+12 1.54164563572e+29
8 5.66066235803e+12 1.54083499356e+29
8 5.66109216548e+12 1.54002405184e+29
8 5.66152197293e+12 1.53921281054e+29
8 5.66195178038e+12 1.53840126962e+29
8 5.66238158783e+12 1.53758942905e+29
8 5.66281139527e+12 1.53677728877e+29
8 5.66324120272e+12 1.53596484877e+29
8 5.66367101017e+12 1.535152109e+29
8 5.66410081762e+12 1.53433906942e+29
8 5.66453062507e+12 1.53352573001e+29
8 5.66496043252e+12 1.53271209072e+29
8 5.66539023997e+12 1.53189815152e+29
8 5.66582004742e+12 1.53108391238e+29
8 5.66624985486e+12 1.53026937325e+29
8 5.66667966231e+12 1.5294545341e+29
8 5.66710946976e+12 1.52863939489e+29
8 5.66753927721e+12 1.52782395559e+29
8 5.66796908466e+12 1.52700821617e+29
8 5.6684115335e+12 1.57241568821e+29
8 5.66885398235e+12 1.57154985923e+29
8 5.66929643119e+12 1.57068370245e+29
8 5.66973888004e+12 1.56981721783e+29
8 5.67018132888e+12 1.56895040533e+29
8 5.67062377772e+12 1.56808326491e+29
8 5.67106622657e+12 1.56721579652e+29
8 5.67150867541e+12 1.56634800013e+29
8 5.67195112426e+12 1.56547987569e+29
8 5.6723935731e+12 1.56461142317e+29
8 5.67283602195e+12 1.56374264253e+29
8 5.67327847079e+12 1.56287353371e+29
8 5.67372091963e+12 1.56200409669e+29
8 5.67416336848e+12 1.56113433143e+29
8 5.67460581732e+12 1.56026423787e+29
8 5.67504826617e+12 1.55939381599e+29
8 5.67549071501e+12 1.55852269959e+29
8 5.67593316385e+12 1.55749516037e+29
8 5.6763756127e+12 1.5561842637e+29
8 5.67681806154e+12 1.55475943637e+29
8 5.67726051039e+12 1.55333410809e+29
8 5.67770295923e+12 1.5519082788e+29
8 5.67814540808e+12 1.55048194844e+29
8 5.67858785692e+12 1.54905511695e+29
8 5.67903030576e+12 1.54762778427e+29
8 5.67947275461e+12 1.54619995033e+29
8 5.67991520345e+12 1.54477161509e+29
8 5.6803576523e+12 1.54334277847e+29
8 5.68080010114e+12 1.54191344041e+29
8 5.68124254999e+12 1.54048360087e+29
8 5.68168499883e+12 1.53905325976e+29
8 5.68212744767e+12 1.53762241704e+29
8 5.68256989652e+12 1.53619107264e+29
8 5.68301234536e+12 1.5347592265e+29
8 5.68345479421e+12 1.53332687857e+29
8 5.68389724305e+12 1.53200593882e+29
8 5.6843396919e+12 1.53098074877e+29
8 5.68478214074e+12 1.53012700332e+29
8 5.68522458958e+12 1.52927383303e+29
8 5.68566703843e+12 1.52842034151e+29
8 5.68610948727e+12 1.52756652875e+29
8 5.68656457751e+12 1.57159057086e+29
8 5.68701966775e+12 1.5706858388e+29
8 5.68747475799e+12 1.56978075675e+29
8 5.68792984823e+12 1.56887532464e+29
8 5.68838493847e+12 1.56796954245e+29
8 5.68884002871e+12 1.56706341012e+29
8 5.68929511895e+12 1.56615692761e+29
8 5.68975020919e+12 1.56525009488e+29
8 5.69020529943e+12 1.56434291188e+29
8 5.69066038967e+12 1.56343537857e+29
8 5.69111547991e+12 1.5625274949e+29
8 5.69157057015e+12 1.56161926083e+29
8 5.69202566039e+12 1.56076626746e+29
8 5.69248075063e+12 1.56005955454e+29
8 5.69293584087e+12 1.55943752655e+29
8 5.69339093111e+12 1.55881567747e+29
8 5.69384602135e+12 1.55819356976e+29
8 5.69430111159e+12 1.5575712034e+29
8 5.69475620183e+12 1.55694857834e+29
8 5.69521129207e+12 1.55632569456e+29
8 5.69566638231e+12 1.55570255202e+29
8 5.69612147255e+12 1.55507915069e+29
8 5.69657656279e+12 1.55445549053e+29
8 5.69703165303e+12 1.55383157151e+29
8 5.69748674327e+12 1.55320739359e+29
8 5.69794183351e+12 1.55258295675e+29
8 5.69839692375e+12 1.55195826095e+29
8 5.69885201399e+12 1.55133330616e+29
8 5.69930710423e+12 1.55070809234e+29
8 5.69976219447e+12 1.55008261947e+29
8 5.70021728471e+12 1.5494568875e+29
8 5.70067237494e+12 1.5488308964e+29
8 5.70112746518e+12 1.54820464614e+29
8 5.70158255542e+12 1.54757813669e+29
8 5.70203764566e+12 1.54695136801e+29
8 5.7024927359e+12 1.54632434007e+29
8 5.70294782614e+12 1.54569705284e+29
8 5.70340291638e+12 1.54506950628e+29
8 5.70385800662e+12 1.54444170036e+29
8 5.70431309686e+12 1.54381363505e+29
8 5.7047681871e+12 1.5431853103e+29
8 5.70522327734e+12 1.5425567261e+29
8 5.70567836758e+12 1.54192788241e+29
8 5.70613345782e+12 1.54129877918e+29
8 5.70658854806e+12 1.5406694164e+29
8 5.7070436383e+12 1.54003979402e+29
8 5.70749872854e+12 1.53940991202e+29
8 5.70795381878e+12 1.53875193694e+29
8 5.70840890902e+12 1.53795930863e+29
8 5.70886399926e+12 1.53705455585e+29
8 5.7093190895e+12 1.53614181834e+29
8 5.70977417974e+12 1.5352287312e+29
8 5.71022926998e+12 1.53431529438e+29
8 5.71068436022e+12 1.53340150784e+29
8 5.71113945046e+12 1.53248737152e+29
8 5.7115945407e+12 1.5315728854e+29
8 5.71204963094e+12 1.53065804942e+29
8 5.71250472118e+12 1.52974286354e+29
8 5.71295981142e+12 1.52882732772e+29
8 5.71341490166e+12 1.5279114419e+29
8 5.7138699919e+12 1.52699520606e+29
8 5.71433772353e+12 1.56965466983e+29
8 5.71480545517e+12 1.56868532202e+29
8 5.7152731868e+12 1.56771559375e+29
8 5.71574091844e+12 1.56674548497e+29
8 5.71620865007e+12 1.56577499563e+29
8 5.71667638171e+12 1.56480412569e+29
8 5.71714411335e+12 1.56383287509e+29
8 5.71761184498e+12 1.56286124378e+29
8 5.71807957662e+12 1.56188923172e+29
8 5.71854730825e+12 1.56091683885e+29
8 5.71901503989e+12 1.55994406513e+29
8 5.71948277152e+12 1.5589709105e+29
8 5.71995050316e+12 1.55799737493e+29
8 5.72041823479e+12 1.55702345835e+29
8 5.72088596643e+12 1.55604916072e+29
8 5.72135369806e+12 1.55507448199e+29
8 5.7218214297e+12 1.55409942211e+29
8 5.72228916133e+12 1.55312398103e+29
8 5.72275689297e+12 1.5521481587e+29
8 5.7232246246e+12 1.55117195508e+29
8 5.72369235624e+12 1.55019561721e+29
8 5.72416008788e+12 1.54922411917e+29
8 5.72462781951e+12 1.54825905669e+29
8 5.72509555115e+12 1.54729529304e+29
8 5.72556328278e+12 1.54633115242e+29
8 5.72603101442e+12 1.54536663476e+29
8 5.72649874605e+12 1.54440174003e+29
8 5.72696647769e+12 1.54343646817e+29
8 5.72743420932e+12 1.54247081914e+29
8 5.72790194096e+12 1.54150479288e+29
8 5.72836967259e+12 1.54053838935e+29
8 5.72883740423e+12 1.5395716085e+29
8 5.72930513586e+12 1.53860445028e+29
8 5.7297728675e+12 1.53763691463e+29
8 5.73024059913e+12 1.53666900152e+29
8 5.73070833077e+12 1.5357007109e+29
8 5.73117606241e+12 1.53473204271e+29
8 5.73164379404e+12 1.5337629969e+29
8 5.73211152568e+12 1.53279357343e+29
8 5.73257925731e+12 1.53182377225e+29
8 5.73304698895e+12 1.53085359331e+29
8 5.73351472058e+12 1.52988303656e+29
8 5.73398245222e+12 1.52891210195e+29
8 5.73445018385e+12 1.52794078944e+29
8 5.73491791549e+12 1.52696909897e+29
8 5.73539828852e+12 1.56835882616e+29
8 5.73587866155e+12 1.56733233864e+29
8 5.73635903458e+12 1.56630544124e+29
8 5.73683940761e+12 1.56527813388e+29
8 5.73731978064e+12 1.56425041651e+29
8 5.73780015367e+12 1.56322228909e+29
8 5.7382805267e+12 1.56219375156e+29
8 5.73876089973e+12 1.56116480385e+29
8 5.73924127277e+12 1.56013544592e+29
8 5.7397216458e+12 1.55910817922e+29
8 5.74020201883e+12 1.55808831189e+29
8 5.74068239186e+12 1.55707317466e+29
8 5.74116276489e+12 1.55605772903e+29
8 5.74164313792e+12 1.55504187811e+29
8 5.74212351095e+12 1.55402562185e+29
8 5.74260388398e+12 1.55300896019e+29
8 5.74308425701e+12 1.55199189308e+29
8 5.74356463004e+12 1.55097442047e+29
8 5.74404500307e+12 1.54995654231e+29
8 5.74452537611e+12 1.54893825853e+29
8 5.74500574914e+12 1.54791956909e+29
8 5.74548612217e+12 1.54690047393e+29
8 5.7459664952e+12 1.545880973e+29
8 5.74644686823e+12 1.54486106625e+29
8 5.74692724126e+12 1.54384075362e+29
8 5.74740761429e+12 1.54282003506e+29
8 5.74788798732e+12 1.54179891051e+29
8 5.74836836035e+12 1.54077737992e+29
8 5.74884873338e+12 1.53975544324e+29
8 5.74932910641e+12 1.53873310041e+29
8 5.74980947945e+12 1.53771035139e+29
8 5.75028985248e+12 1.53668719611e+29
8 5.75077022551e+12 1.53566363452e+29
8 5.75125059854e+12 1.53463966657e+29
8 5.75173097157e+12 1.53361529221e+29
8 5.7522113446e+12 1.53259051138e+29
8 5.75269171763e+12 1.53156532403e+29
8 5.75317209066e+12 1.5305397301e+29
8 5.75365246369e+12 1.52951372955e+29
8 5.75413283672e+12 1.52848732231e+29
8 5.75461320975e+12 1.52746050834e+29
8 5.75510622418e+12 1.56766071348e+29
8 5.75559923861e+12 1.5665840358e+29
8 5.75609225303e+12 1.56551541919e+29
8 5.75658526746e+12 1.5644486256e+29
8 5.75707828189e+12 1.56338139763e+29
8 5.75757129631e+12 1.56231373522e+29
8 5.75806431074e+12 1.56124563831e+29
8 5.75855732517e+12 1.56017710685e+29
8 5.75905033959e+12 1.55910814076e+29
8 5.75954335402e+12 1.55803874001e+29
8 5.76003636844e+12 1.55696890452e+29
8 5.76052938287e+12 1.55589863423e+29
8 5.7610223973e+12 1.5548279291e+29
8 5.76151541172e+12 1.55375678905e+29
8 5.76200842615e+12 1.55268521404e+29
8 5.76250144058e+12 1.551613204e+29
8 5.762994455e+12 1.55054075887e+29
8 5.76348746943e+12 1.5494678786e+29
8 5.76398048386e+12 1.54839456312e+29
8 5.76447349828e+12 1.54732081239e+29
8 5.76496651271e+12 1.54624662633e+29
8 5.76545952714e+12 1.54517200489e+29
8 5.76595254156e+12 1.54409694801e+29
8 5.76644555599e+12 1.54302145563e+29
8 5.76693857041e+12 1.5419455277e+29
8 5.76743158484e+12 1.54086916416e+29
8 5.76792459927e+12 1.53979236494e+29
8 5.76841761369e+12 1.53871512998e+29
8 5.76891062812e+12 1.53763745924e+29
8 5.76940364255e+12 1.53655935265e+29
8 5.76989665697e+12 1.53548081014e+29
8 5.7703896714e+12 1.53440183167e+29
8 5.77088268583e+12 1.53323726751e+29
8 5.77137570025e+12 1.53174829919e+29
8 5.77186871468e+12 1.53001839831e+29
8 5.77236172911e+12 1.5282781652e+29
8 5.77286738493e+12 1.56666347633e+29
8 5.77337304075e+12 1.56483023242e+29
8 5.77387869657e+12 1.56299627412e+29
8 5.77438435239e+12 1.56116160131e+29
8 5.77489000821e+12 1.55932621391e+29
8 5.77539566404e+12 1.55749011182e+29
8 5.77590131986e+12 1.55565329493e+29
8 5.77640697568e+12 1.55381576316e+29
8 5.7769126315e+12 1.55197751641e+29
8 5.77741828732e+12 1.55013855457e+29
8 5.77792394315e+12 1.54829887756e+29
8 5.77842959897e+12 1.54650059084e+29
8 5.77893525479e+12 1.54502708629e+29
8 5.77944091061e+12 1.54387966368e+29
8 5.77994656643e+12 1.54277494657e+29
8 5.78045222226e+12 1.54166977195e+29
8 5.78095787808e+12 1.54056413976e+29
8 5.7814635339e+12 1.53945804993e+29
8 5.78196918972e+12 1.5383515024e+29
8 5.78247484554e+12 1.53724449711e+29
8 5.78298050137e+12 1.536137034e+29
8 5.78348615719e+12 1.53502911299e+29
8 5.78399181301e+12 1.53392073404e+29
8 5.78449746883e+12 1.53281189706e+29
8 5.78500312465e+12 1.53170260201e+29
8 5.78550878048e+12 1.53059284882e+29
8 5.7860144363e+12 1.52948421351e+29
8 5.78652009212e+12 1.52848556962e+29
8 5.78702574794e+12 1.52766036992e+29
8 5.78753140376e+12 1.52689376275e+29
8 5.78804970098e+12 1.56523860198e+29
8 5.7885679982e+12 1.56443195777e+29
8 5.78908629542e+12 1.56362494934e+29
8 5.78960459263e+12 1.56281757664e+29
8 5.79012288985e+12 1.56200983961e+29
8 5.79064118707e+12 1.5612017382e+29
8 5.79115948429e+12 1.56039327237e+29
8 5.7916777815e+12 1.55958444205e+29
8 5.79219607872e+12 1.5587752472e+29
8 5.79271437594e+12 1.55796568777e+29
8 5.79323267316e+12 1.55715576369e+29
8 5.79375097037e+12 1.55634547492e+29
8 5.79426926759e+12 1.55553482141e+29
8 5.79478756481e+12 1.55472380311e+29
8 5.79530586203e+12 1.55391241995e+29
8 5.79582415924e+12 1.5531006719e+29
8 5.79634245646e+12 1.55228855889e+29
8 5.79686075368e+12 1.55147608088e+29
8 5.7973790509e+12 1.55066323781e+29
8 5.79789734811e+12 1.54985002963e+29
8 5.79841564533e+12 1.54903645629e+29
8 5.79893394255e+12 1.54822251773e+29
8 5.79945223977e+12 1.54740821391e+29
8 5.79997053698e+12 1.54659354477e+29
8 5.8004888342e+12 1.54577851026e+29
8 5.80100713142e+12 1.54496311033e+29
8 5.80152542864e+12 1.5441219244e+29
8 5.80204372585e+12 1.54312247858e+29
8 5.80256202307e+12 1.541975876e+29
8 5.80308032029e+12 1.54081355343e+29
8 5.80359861751e+12 1.53965074178e+29
8 5.80411691472e+12 1.53848744098e+29
8 5.80463521194e+12 1.53732365096e+29
8 5.80515350916e+12 1.53615937165e+29
8 5.80567180638e+12 1.53499460299e+29
8 5.80619010359e+12 1.53382934489e+29
8 5.80670840081e+12 1.5326635973e+29
8 5.80722669803e+12 1.53149736015e+29
8 5.80774499525e+12 1.53033063336e+29
8 5.80826329247e+12 1.52916341687e+29
8 5.80878158968e+12 1.52799571061e+29
8 5.8092998869e+12 1.52682751451e+29
8 5.80983082551e+12 1.56377107176e+29
8 5.81036176413e+12 1.56254341815e+29
8 5.81089270274e+12 1.56131523744e+29
8 5.81142364135e+12 1.56008652955e+29
8 5.81195457997e+12 1.55885729441e+29
8 5.81248551858e+12 1.55762753194e+29
8 5.81301645719e+12 1.55639724206e+29
8 5.8135473958e+12 1.5551664247e+29
8 5.81407833442e+12 1.55393507979e+29
8 5.81460927303e+12 1.55270320724e+29
8 5.81514021164e+12 1.55147080698e+29
8 5.81567115026e+12 1.55023787894e+29
8 5.81620208887e+12 1.54900442304e+29
8 5.81673302748e+12 1.54777233671e+29
8 5.8172639661e+12 1.54655078954e+29
8 5.81779490471e+12 1.54533875924e+29
8 5.81832584332e+12 1.54412717373e+29
8 5.81885678194e+12 1.54291506872e+29
8 5.81938772055e+12 1.54170244416e+29
8 5.81991865916e+12 1.54048929996e+29
8 5.82044959777e+12 1.53927563605e+29
8 5.82098053639e+12 1.53806145235e+29
8 5.821511475e+12 1.5368467488e+29
8 5.82204241361e+12 1.53563152531e+29
8 5.82257335223e+12 1.53441578181e+29
8 5.82310429084e+12 1.53319951822e+29
8 5.82363522945e+12 1.53198273448e+29
8 5.82416616807e+12 1.53076543051e+29
8 5.82469710668e+12 1.52954760622e+29
8 5.82522804529e+12 1.52832926156e+29
8 5.82575898391e+12 1.52711039644e+29
8 5.82630256391e+12 1.56307811291e+29
8 5.82684614392e+12 1.56179867952e+29
8 5.82738972393e+12 1.56051868705e+29
8 5.82793330394e+12 1.55923813541e+29
8 5.82847688395e+12 1.55795702453e+29
8 5.82902046396e+12 1.55667535431e+29
8 5.82956404397e+12 1.55539312467e+29
8 5.83010762397e+12 1.55411033554e+29
8 5.83065120398e+12 1.55282698684e+29
8 5.83119478399e+12 1.55154307847e+29
8 5.831738364e+12 1.5502274333e+29
8 5.83228194401e+12 1.54859382887e+29
8 5.83282552402e+12 1.54661181505e+29
8 5.83336910403e+12 1.54457011027e+29
8 5.83391268403e+12 1.54252756385e+29
8 5.83445626404e+12 1.54048417564e+29
8 5.83499984405e+12 1.53843994554e+29
8 5.83554342406e+12 1.53639487343e+29
8 5.83608700407e+12 1.53434895917e+29
8 5.83663058408e+12 1.53230220266e+29
8 5.83717416409e+12 1.53025460376e+29
8 5.83771774409e+12 1.52820616236e+29
8 5.8382739655e+12 1.56244513752e+29
8 5.8388301869e+12 1.56029735487e+29
8 5.83938640831e+12 1.55829039291e+29
8 5.83994262971e+12 1.55688349459e+29
8 5.84049885112e+12 1.55595036075e+29
8 5.84105507252e+12 1.5550429849e+29
8 5.84161129392e+12 1.55413517873e+29
8 5.84216751533e+12 1.55322694218e+29
8 5.84272373673e+12 1.55231827519e+29
8 5.84327995814e+12 1.55140917769e+29
8 5.84383617954e+12 1.55049964961e+29
8 5.84439240095e+12 1.54958969089e+29
8 5.84494862235e+12 1.54867930147e+29
8 5.84550484375e+12 1.54776848127e+29
8 5.84606106516e+12 1.54685723023e+29
8 5.84661728656e+12 1.54594554829e+29
8 5.84717350797e+12 1.54503343538e+29
8 5.84772972937e+12 1.54412089144e+29
8 5.84828595077e+12 1.5432079164e+29
8 5.84884217218e+12 1.54229451019e+29
8 5.84939839358e+12 1.54138067275e+29
8 5.84995461499e+12 1.54046640402e+29
8 5.85051083639e+12 1.53955170392e+29
8 5.8510670578e+12 1.5386365724e+29
8 5.8516232792e+12 1.53772100938e+29
8 5.8521795006e+12 1.53680501481e+29
8 5.85273572201e+12 1.53588858861e+29
8 5.85329194341e+12 1.53497173072e+29
8 5.85384816482e+12 1.53405444108e+29
8 5.85440438622e+12 1.53307196632e+29
8 5.85496060762e+12 1.53189670096e+29
8 5.85551682903e+12 1.53059735077e+29
8 5.85607305043e+12 1.52929546865e+29
8 5.85662927184e+12 1.52799300902e+29
8 5.85719813464e+12 1.56216407525e+29
8 5.85776699744e+12 1.56079980647e+29
8 5.85833586024e+12 1.5594349193e+29
8 5.85890472304e+12 1.55806941364e+29
8 5.85947358584e+12 1.55670328941e+29
8 5.86004244864e+12 1.55533654651e+29
8 5.86061131143e+12 1.55396918483e+29
8 5.86118017423e+12 1.5526012043e+29
8 5.86174903703e+12 1.5512326048e+29
8 5.86231789983e+12 1.54986338626e+29
8 5.86288676263e+12 1.54849354857e+29
8 5.86345562543e+12 1.54712309164e+29
8 5.86402448823e+12 1.54575201538e+29
8 5.86459335103e+12 1.54438031969e+29
8 5.86516221383e+12 1.54300800448e+29
8 5.86573107663e+12 1.54163506965e+29
8 5.86629993943e+12 1.54026151511e+29
8 5.86686880223e+12 1.53888734076e+29
8 5.86743766503e+12 1.53751254651e+29
8 5.86800652783e+12 1.53613713227e+29
8 5.86857539063e+12 1.53476109794e+29
8 5.86914425343e+12 1.53338773148e+29
8 5.86971311623e+12 1.5320282725e+29
8 5.87028197903e+12 1.53067990922e+29
8 5.87085084183e+12 1.52933164886e+29
8 5.87141970463e+12 1.52798277966e+29
8 5.87200120882e+12 1.56129883134e+29
8 5.87258271302e+12 1.55988735537e+29
8 5.87316421722e+12 1.55847522844e+29
8 5.87374572141e+12 1.55706245045e+29
8 5.87432722561e+12 1.5556490213e+29
8 5.8749087298e+12 1.5542349409e+29
8 5.875490234e+12 1.55282020913e+29
8 5.87607173819e+12 1.55140482589e+29
8 5.87665324239e+12 1.54998879109e+29
8 5.87723474658e+12 1.54857210463e+29
8 5.87781625078e+12 1.5471547664e+29
8 5.87839775497e+12 1.5457367763e+29
8 5.87897925917e+12 1.54431813423e+29
8 5.87956076336e+12 1.5428988401e+29
8 5.88014226756e+12 1.54147889379e+29
8 5.88072377175e+12 1.5400582952e+29
8 5.88130527595e+12 1.53863704425e+29
8 5.88188678014e+12 1.53721514081e+29
8 5.88246828434e+12 1.5357925848e+29
8 5.88304978853e+12 1.53436937612e+29
8 5.88363129273e+12 1.53294597811e+29
8 5.88421279693e+12 1.53153361765e+29
8 5.88479430112e+12 1.53013644262e+29
8 5.88537580532e+12 1.52874288709e+29
8 5.88595730951e+12 1.52734869113e+29
8 5.8865514551e+12 1.55983293197e+29
8 5.88714560069e+12 1.55837541181e+29
8 5.88773974628e+12 1.5569172079e+29
8 5.88833389187e+12 1.55545832011e+29
8 5.88892803747e+12 1.55399874835e+29
8 5.88952218306e+12 1.5525384925e+29
8 5.89011632865e+12 1.55107755245e+29
8 5.89071047424e+12 1.5496159281e+29
8 5.89130461983e+12 1.54815361934e+29
8 5.89189876542e+12 1.54669062606e+29
8 5.89249291101e+12 1.54522694815e+29
8 5.8930870566e+12 1.5437625855e+29
8 5.89368120219e+12 1.54229753801e+29
8 5.89427534778e+12 1.54083180557e+29
8 5.89486949337e+12 1.53936538806e+29
8 5.89546363896e+12 1.53789828539e+29
8 5.89605778456e+12 1.53643049743e+29
8 5.89665193015e+12 1.53496202409e+29
8 5.89724607574e+12 1.53349286526e+29
8 5.89784022133e+12 1.53202302082e+29
8 5.89843436692e+12 1.53048839337e+29
8 5.89902851251e+12 1.52856008303e+29
8 5.8996352995e+12 1.55939505033e+29
8 5.90024208648e+12 1.55696026099e+29
8 5.90084887347e+12 1.55452437103e+29
8 5.90145566045e+12 1.55208738029e+29
8 5.90206244744e+12 1.54964928857e+29
8 5.90266923443e+12 1.54721009572e+29
8 5.90327602141e+12 1.54476980156e+29
8 5.9038828084e+12 1.5423284059e+29
8 5.90448959539e+12 1.53988590858e+29
8 5.90509638237e+12 1.53744230942e+29
8 5.90570316936e+12 1.53509357114e+29
8 5.90630995635e+12 1.53320385712e+29
8 5.90691674333e+12 1.5316994405e+29
8 5.90752353032e+12 1.53022226845e+29
8 5.9081303173e+12 1.52874439249e+29
8 5.90873710429e+12 1.52726581249e+29
8 5.90935653267e+12 1.55821858479e+29
8 5.90997596105e+12 1.55667559521e+29
8 5.91059538944e+12 1.55513185598e+29
8 5.91121481782e+12 1.55358736699e+29
8 5.9118342462e+12 1.5520421281e+29
8 5.91245367458e+12 1.55049613918e+29
8 5.91307310296e+12 1.54901320577e+29
8 5.91369253135e+12 1.54776178757e+29
8 5.91431195973e+12 1.54667980107e+29
8 5.91493138811e+12 1.54560374343e+29
8 5.91555081649e+12 1.54452713321e+29
8 5.91617024487e+12 1.54344997034e+29
8 5.91678967326e+12 1.54237225471e+29
8 5.91740910164e+12 1.54129398623e+29
8 5.91802853002e+12 1.54021516481e+29
8 5.9186479584e+12 1.53913579036e+29
8 5.91926738678e+12 1.53805586279e+29
8 5.91988681517e+12 1.536975382e+29
8 5.92050624355e+12 1.5358943479e+29
8 5.92112567193e+12 1.5348127604e+29
8 5.92174510031e+12 1.53373061941e+29
8 5.92236452869e+12 1.53264792484e+29
8 5.92298395708e+12 1.53156467659e+29
8 5.92360338546e+12 1.53048087457e+29
8 5.92422281384e+12 1.52939651869e+29
8 5.92484224222e+12 1.52831160886e+29
8 5.9254616706e+12 1.52722614498e+29
8 5.92609374038e+12 1.55791207787e+29
8 5.92672581016e+12 1.55678021411e+29
8 5.92735787994e+12 1.55561974498e+29
8 5.92798994971e+12 1.55425722394e+29
8 5.92862201949e+12 1.55269550097e+29
8 5.92925408927e+12 1.55110770028e+29
8 5.92988615905e+12 1.54951911661e+29
8 5.93051822882e+12 1.54792974983e+29
8 5.9311502986e+12 1.54633959981e+29
8 5.93178236838e+12 1.54474866642e+29
8 5.93241443815e+12 1.54315694952e+29
8 5.93304650793e+12 1.54156444899e+29
8 5.93367857771e+12 1.5399711647e+29
8 5.93431064749e+12 1.53837709651e+29
8 5.93494271726e+12 1.53678224429e+29
8 5.93557478704e+12 1.53518660792e+29
8 5.93620685682e+12 1.53359018726e+29
8 5.9368389266e+12 1.53199298218e+29
8 5.93747099637e+12 1.53039499255e+29
8 5.93810306615e+12 1.52879621824e+29
8 5.93873513593e+12 1.52719665912e+29
8 5.9393798471e+12 1.55669826019e+29
8 5.94002455828e+12 1.55503175433e+29
8 5.94066926945e+12 1.55336441486e+29
8 5.94131398062e+12 1.55169624165e+29
8 5.94195869179e+12 1.5500358611e+29
8 5.94260340297e+12 1.54839555904e+29
8 5.94324811414e+12 1.5467660499e+29
8 5.94389282531e+12 1.54513575504e+29
8 5.94453753649e+12 1.54350464362e+29
8 5.94518224766e+12 1.54187271547e+29
8 5.94582695883e+12 1.54023997048e+29
8 5.94647167001e+12 1.53860640849e+29
8 5.94711638118e+12 1.53697202936e+29
8 5.94776109235e+12 1.53533683297e+29
8 5.94840580352e+12 1.53370081917e+29
8 5.9490505147e+12 1.53206398782e+29
8 5.94969522587e+12 1.53042633878e+29
8 5.95033993704e+12 1.52878787192e+29
8 5.95098464822e+12 1.5271485871e+29
8 5.95164200079e+12 1.55598583805e+29
8 5.95229935335e+12 1.554279255e+29
8 5.95295670592e+12 1.55257180414e+29
8 5.95361405849e+12 1.55086348532e+29
8 5.95427141106e+12 1.54915429839e+29
8 5.95492876363e+12 1.5474442432e+29
8 5.9555861162e+12 1.54573331959e+29
8 5.95624346877e+12 1.54403175021e+29
8 5.95690082133e+12 1.54235105524e+29
8 5.9575581739e+12 1.54068020803e+29
8 5.95821552647e+12 1.53900851064e+29
8 5.95887287904e+12 1.53733596293e+29
8 5.95953023161e+12 1.53566256476e+29
8 5.96018758418e+12 1.53398831597e+29
8 5.96084493675e+12 1.53231321642e+29
8 5.96150228931e+12 1.53063726596e+29
8 5.96215964188e+12 1.52896046444e+29
8 5.96281699445e+12 1.52728281172e+29
8 5.96348698842e+12 1.55548519174e+29
8 5.96415698238e+12 1.55373995356e+29
8 5.96482697634e+12 1.55199381332e+29
8 5.96549697031e+12 1.55024677085e+29
8 5.96616696427e+12 1.548498826e+29
8 5.96683695824e+12 1.5467499786e+29
8 5.9675069522e+12 1.54500022851e+29
8 5.96817694616e+12 1.54324957555e+29
8 5.96884694013e+12 1.54149801957e+29
8 5.96951693409e+12 1.53974556042e+29
8 5.97018692806e+12 1.53787922222e+29
8 5.97085692202e+12 1.53552672232e+29
8 5.97152691598e+12 1.53278489148e+29
8 5.97219690995e+12 1.5300186441e+29
8 5.97286690391e+12 1.52725103954e+29
8 5.97354953927e+12 1.55374576941e+29
8 5.97423217463e+12 1.55086885914e+29
8 5.97491480999e+12 1.54799051214e+29
8 5.97559744535e+12 1.54511072817e+29
8 5.97628008071e+12 1.54222950696e+29
8 5.97696271607e+12 1.53938476243e+29
8 5.97764535143e+12 1.53700046619e+29
8 5.97832798679e+12 1.53514902319e+29
8 5.97901062215e+12 1.53340156523e+29
8 5.97969325751e+12 1.53165318908e+29
8 5.98037589287e+12 1.52990389459e+29
8 5.98105852823e+12 1.52815368159e+29
8 5.98175380498e+12 1.55516954324e+29
8 5.98244908174e+12 1.55335135112e+29
8 5.98314435849e+12 1.55153218764e+29
8 5.98383963525e+12 1.54971336306e+29
8 5.984534912e+12 1.54805988039e+29
8 5.98523018876e+12 1.54668397506e+29
8 5.98592546552e+12 1.54541292514e+29
8 5.98662074227e+12 1.54414115942e+29
8 5.98731601903e+12 1.54286867776e+29
8 5.98801129578e+12 1.54159548003e+29
8 5.98870657254e+12 1.5403215661e+29
8 5.98940184929e+12 1.53904693584e+29
8 5.99009712605e+12 1.53777158912e+29
8 5.9907924028e+12 1.53649552579e+29
8 5.99148767956e+12 1.53521874574e+29
8 5.99218295631e+12 1.53394124883e+29
8 5.99287823307e+12 1.53266303492e+29
8 5.99357350982e+12 1.53138410389e+29
8 5.99426878658e+12 1.5301044556e+29
8 5.99496406333e+12 1.52882408992e+29
8 5.99565934009e+12 1.52754300672e+29
8 5.99636725824e+12 1.55450155407e+29
8 5.99707517639e+12 1.55317151444e+29
8 5.99778309454e+12 1.55183969931e+29
8 5.99849101269e+12 1.55035182214e+29
8 5.99919893084e+12 1.54859922933e+29
8 5.99990684899e+12 1.54674357008e+29
8 6.00061476714e+12 1.5448869056e+29
8 6.00132268529e+12 1.54302923573e+29
8 6.00203060344e+12 1.54117056026e+29
8 6.0027385216e+12 1.53931087902e+29
8 6.00344643975e+12 1.53745019181e+29
8 6.0041543579e+12 1.53558849846e+29
8 6.00486227605e+12 1.53372579878e+29
8 6.0055701942e+12 1.53186209259e+29
8 6.00627811235e+12 1.52999737969e+29
8 6.0069860305e+12 1.5281316599e+29
8 6.00770659005e+12 1.55398124869e+29
8 6.00842714959e+12 1.552045569e+29
8 6.00914770914e+12 1.55010882658e+29
8 6.00986826869e+12 1.54817102123e+29
8 6.01058882823e+12 1.54623215275e+29
8 6.01130938778e+12 1.54429222094e+29
8 6.01202994732e+12 1.54235635133e+29
8 6.01275050687e+12 1.54044346077e+29
8 6.01347106642e+12 1.5385496155e+29
8 6.01419162596e+12 1.53665617349e+29
8 6.01491218551e+12 1.53476169146e+29
8 6.01563274506e+12 1.53286616924e+29
8 6.0163533046e+12 1.53096960661e+29
8 6.01707386415e+12 1.52907200338e+29
8 6.01779442369e+12 1.52717335937e+29
8 6.01852762464e+12 1.55247676572e+29
8 6.01926082558e+12 1.55050812809e+29
8 6.01999402652e+12 1.54853839295e+29
8 6.02072722746e+12 1.54656756011e+29
8 6.0214604284e+12 1.54459562936e+29
8 6.02219362935e+12 1.54262260049e+29
8 6.02292683029e+12 1.54064847328e+29
8 6.02366003123e+12 1.53867324753e+29
8 6.02439323217e+12 1.53669692304e+29
8 6.02512643311e+12 1.53471949958e+29
8 6.02585963406e+12 1.53274773515e+29
8 6.026592835e+12 1.5308004235e+29
8 6.02732603594e+12 1.52887125248e+29
8 6.02805923688e+12 1.52694186216e+29
8 6.02880507922e+12 1.55173209964e+29
8 6.02955092156e+12 1.54973275802e+29
8 6.03029676389e+12 1.54773228459e+29
8 6.03104260623e+12 1.54573067913e+29
8 6.03178844857e+12 1.54372794141e+29
8 6.03253429091e+12 1.54172407123e+29
8 6.03328013324e+12 1.53971906835e+29
8 6.03402597558e+12 1.53771293256e+29
8 6.03477181792e+12 1.53570566364e+29
8 6.03551766026e+12 1.53369726137e+29
8 6.03626350259e+12 1.53168772554e+29
8 6.03700934493e+12 1.52967705592e+29
8 6.03775518727e+12 1.5276652523e+29
8 6.038513671e+12 1.55192194248e+29
8 6.03927215473e+12 1.54979775257e+29
8 6.04003063847e+12 1.54719076958e+29
8 6.0407891222e+12 1.5440286272e+29
8 6.04154760593e+12 1.54075664286e+29
8 6.04230608967e+12 1.53748286924e+29
8 6.0430645734e+12 1.53420730598e+29
8 6.04382305713e+12 1.53092995276e+29
8 6.04458154086e+12 1.52765080922e+29
8 6.04535266599e+12 1.55015101803e+29
8 6.04612379112e+12 1.54684356881e+29
8 6.04689491625e+12 1.54413040474e+29
8 6.04766604138e+12 1.54199678937e+29
8 6.04843716651e+12 1.53993452081e+29
8 6.04920829164e+12 1.53787105007e+29
8 6.04997941676e+12 1.53580637692e+29
8 6.05075054189e+12 1.5337405011e+29
8 6.05152166702e+12 1.53167342239e+29
8 6.05229279215e+12 1.52960514054e+29
8 6.05306391728e+12 1.52760092387e+29
8 6.0538476838e+12 1.55129927686e+29
8 6.05463145033e+12 1.54978599636e+29
8 6.05541521685e+12 1.54828855785e+29
8 6.05619898337e+12 1.5467901882e+29
8 6.0569827499e+12 1.54529088722e+29
8 6.05776651642e+12 1.54379065472e+29
8 6.05855028295e+12 1.5422894905e+29
8 6.05933404947e+12 1.54078739439e+29
8 6.06011781599e+12 1.53928436618e+29
8 6.06090158252e+12 1.53778040568e+29
8 6.06168534904e+12 1.53627551271e+29
8 6.06246911557e+12 1.53476968708e+29
8 6.06325288209e+12 1.53326292859e+29
8 6.06403664861e+12 1.53175523705e+29
8 6.06482041514e+12 1.53024661227e+29
8 6.06560418166e+12 1.52873705406e+29
8 6.06638794819e+12 1.52719927827e+29
8 6.06718435611e+12 1.55038588029e+29
8 6.06798076403e+12 1.54826509655e+29
8 6.06877717195e+12 1.54610013713e+29
8 6.06957357986e+12 1.54393388118e+29
8 6.07036998778e+12 1.54176632842e+29
8 6.0711663957e+12 1.5395974786e+29
8 6.07196280362e+12 1.53742733145e+29
8 6.07275921154e+12 1.53525588671e+29
8 6.07355561946e+12 1.5330831441e+29
8 6.07435202738e+12 1.53090910337e+29
8 6.0751484353e+12 1.52873376424e+29
8 6.07595748462e+12 1.55114389096e+29
8 6.07676653393e+12 1.5488956663e+29
8 6.07757558325e+12 1.54664607924e+29
8 6.07838463256e+12 1.5443951295e+29
8 6.07919368188e+12 1.5421428168e+29
8 6.08000273119e+12 1.53989710939e+29
8 6.08081178051e+12 1.53768028145e+29
8 6.08162082982e+12 1.53548498578e+29
8 6.08242987914e+12 1.5332894103e+29
8 6.08323892845e+12 1.53109250352e+29
8 6.08404797777e+12 1.52889426516e+29
8 6.08486966848e+12 1.55089301254e+29
8 6.08569135919e+12 1.54862220808e+29
8 6.0865130499e+12 1.54635000743e+29
8 6.08733474061e+12 1.54407641029e+29
8 6.08815643132e+12 1.54180141638e+29
8 6.08897812203e+12 1.53952502539e+29
8 6.08979981274e+12 1.53724723704e+29
8 6.09062150345e+12 1.53496805102e+29
8 6.09144319417e+12 1.53268746706e+29
8 6.09226488488e+12 1.53040548484e+29
8 6.09308657559e+12 1.52812523975e+29
8 6.09392090769e+12 1.54967759094e+29
8 6.0947552398e+12 1.54738058703e+29
8 6.09558957191e+12 1.54508659895e+29
8 6.09642390401e+12 1.54279118084e+29
8 6.09725823612e+12 1.54049433239e+29
8 6.09809256822e+12 1.5381960533e+29
8 6.09892690033e+12 1.53589634326e+29
8 6.09976123244e+12 1.53359520197e+29
8 6.10059556454e+12 1.53129262912e+29
8 6.10142989665e+12 1.52898862441e+29
8 6.10227687015e+12 1.55013513445e+29
8 6.10312384365e+12 1.54775725093e+29
8 6.10397081715e+12 1.54537786816e+29
8 6.10481779066e+12 1.54299698582e+29
8 6.10566476416e+12 1.54061460357e+29
8 6.10651173766e+12 1.53805967928e+29
8 6.10735871116e+12 1.53485093601e+29
8 6.10820568466e+12 1.53114486101e+29
8 6.10905265817e+12 1.52741326541e+29
8 6.10991227306e+12 1.54670887357e+29
8 6.11077188796e+12 1.54285951842e+29
8 6.11163150286e+12 1.53900781344e+29
8 6.11249111775e+12 1.53515643651e+29
8 6.11335073265e+12 1.5317478961e+29
8 6.11421034755e+12 1.52910010745e+29
8 6.11508260384e+12 1.54950514357e+29
8 6.11595486014e+12 1.54708622858e+29
8 6.11682711643e+12 1.5446657444e+29
8 6.11769937272e+12 1.54224369066e+29
8 6.11857162901e+12 1.53982006702e+29
8 6.11944388531e+12 1.53744144351e+29
8 6.1203161416e+12 1.53538407306e+29
8 6.12118839789e+12 1.53364153517e+29
8 6.12206065419e+12 1.53193817466e+29
8 6.12293291048e+12 1.53023365647e+29
8 6.12380516677e+12 1.52852798034e+29
8 6.12467742306e+12 1.526821146e+29
8 6.12556232075e+12 1.54751615598e+29
8 6.12644721844e+12 1.54575670935e+29
8 6.12733211613e+12 1.54399605234e+29
8 6.12821701382e+12 1.54223418469e+29
8 6.12910191151e+12 1.54047110611e+29
8 6.1299868092e+12 1.53870681632e+29
8 6.13087170688e+12 1.53694131506e+29
8 6.13175660457e+12 1.53517460204e+29
8 6.13264150226e+12 1.53332124717e+29
8 6.13352639995e+12 1.53113863352e+29
8 6.13441129764e+12 1.52870423711e+29
8 6.13530883672e+12 1.54834032173e+29
8 6.13620637581e+12 1.5458196068e+29
8 6.13710391489e+12 1.54329721813e+29
8 6.13800145397e+12 1.54077315534e+29
8 6.13889899306e+12 1.53824741804e+29
8 6.13979653214e+12 1.53572000585e+29
8 6.14069407123e+12 1.5331909184e+29
8 6.14159161031e+12 1.5306601553e+29
8 6.14248914939e+12 1.52812771616e+29
8 6.14339932987e+12 1.54735157319e+29
8 6.14430951035e+12 1.54474329319e+29
8 6.14521969083e+12 1.54213520463e+29
8 6.14612987131e+12 1.53955317138e+29
8 6.14704005179e+12 1.53700301046e+29
8 6.14795023227e+12 1.53445856465e+29
8 6.14886041275e+12 1.53191240975e+29
8 6.14977059323e+12 1.52936454537e+29
8 6.15068077371e+12 1.52681497112e+29
8 6.15160359558e+12 1.54569623546e+29
8 6.15252641746e+12 1.54307128828e+29
8 6.15344923933e+12 1.5404445574e+29
8 6.15437206121e+12 1.53781604241e+29
8 6.15529488308e+12 1.53518574288e+29
8 6.15621770496e+12 1.5325536584e+29
8 6.15714052684e+12 1.52991978856e+29
8 6.15806334871e+12 1.52728633994e+29
8 6.15899881198e+12 1.5458199536e+29
8 6.15993427525e+12 1.54317367053e+29
8 6.16086973852e+12 1.54053258702e+29
8 6.16180520179e+12 1.53788968577e+29
8 6.16274066506e+12 1.53524496634e+29
8 6.16367612833e+12 1.53259842831e+29
8 6.1646115916e+12 1.52995007125e+29
8 6.16554705488e+12 1.52729989472e+29
8 6.16649515954e+12 1.54549713634e+29
8 6.16744326421e+12 1.54277057437e+29
8 6.16839136887e+12 1.54004211647e+29
8 6.16933947354e+12 1.53731176219e+29
8 6.17028757821e+12 1.53457951107e+29
8 6.17123568287e+12 1.53185806381e+29
8 6.17218378754e+12 1.5291714073e+29
8 6.1731445336e+12 1.54709903773e+29
8 6.17410527966e+12 1.54436067834e+29
8 6.17506602572e+12 1.54162038952e+29
8 6.17602677179e+12 1.5388781708e+29
8 6.17698751785e+12 1.53613402171e+29
8 6.17794826391e+12 1.53338794179e+29
8 6.17890900997e+12 1.53063993057e+29
8 6.17986975603e+12 1.52788998758e+29
8 6.18084314349e+12 1.54543657393e+29
8 6.18181653095e+12 1.54260929195e+29
8 6.1827899184e+12 1.53977999912e+29
8 6.18376330586e+12 1.53695840968e+29
8 6.18473669332e+12 1.5341713416e+29
8 6.18571008078e+12 1.53140993231e+29
8 6.18668346823e+12 1.52864784027e+29
8 6.18766949709e+12 1.54592480958e+29
8 6.18865552594e+12 1.54308595566e+29
8 6.18964155479e+12 1.54024505681e+29
8 6.19062758365e+12 1.53740211253e+29
8 6.1916136125e+12 1.5345571223e+29
8 6.19259964135e+12 1.53171008562e+29
8 6.1935856702e+12 1.52886100198e+29
8 6.19458434045e+12 1.54579113093e+29
8 6.1955830107e+12 1.54286380289e+29
8 6.19658168095e+12 1.53995352852e+29
8 6.1975803512e+12 1.53707975029e+29
8 6.19857902145e+12 1.53422235096e+29
8 6.19957769169e+12 1.53136287055e+29
8 6.20057636194e+12 1.52850130854e+29
8 6.20158767359e+12 1.54516038591e+29
8 6.20259898523e+12 1.5422211384e+29
8 6.20361029687e+12 1.53927972726e+29
8 6.20462160852e+12 1.53633615192e+29
8 6.20563292016e+12 1.53339041186e+29
8 6.20664423181e+12 1.53044250651e+29
8 6.20765554345e+12 1.52749243532e+29
8 6.20867949649e+12 1.54380917155e+29
8 6.20970344953e+12 1.5408250002e+29
8 6.21072740257e+12 1.53786855176e+29
8 6.21175135561e+12 1.53491188746e+29
8 6.21277530865e+12 1.53195302267e+29
8 6.21379926169e+12 1.52899195681e+29
8 6.21483585612e+12 1.54506698405e+29
8 6.21587245056e+12 1.54202733583e+29
8 6.21690904499e+12 1.53898540189e+29
8 6.21794563943e+12 1.53594118165e+29
8 6.21898223386e+12 1.5328946745e+29
8 6.2200188283e+12 1.52984587986e+29
8 6.22105542273e+12 1.5268037954e+29
8 6.22210465856e+12 1.542571281e+29
8 6.22315389439e+12 1.53951599891e+29
8 6.22420313022e+12 1.53645999829e+29
8 6.22525236605e+12 1.53340167428e+29
8 6.22630160189e+12 1.53034102625e+29
8 6.22735083772e+12 1.52727805361e+29
8 6.22841271494e+12 1.54276331074e+29
8 6.22947459217e+12 1.53962082386e+29
8 6.23053646939e+12 1.53647592507e+29
8 6.23159834662e+12 1.53332861371e+29
8 6.23266022385e+12 1.53017902247e+29
8 6.23372210107e+12 1.52704927516e+29
8 6.23479661969e+12 1.54227906689e+29
8 6.23587113832e+12 1.53912369322e+29
8 6.23694565694e+12 1.53596586967e+29
8 6.23802017556e+12 1.53280559558e+29
8 6.23909469418e+12 1.52964287029e+29
8 6.2401818542e+12 1.54461234151e+29
8 6.24126901422e+12 1.54136924778e+29
8 6.24235617423e+12 1.5381236129e+29
8 6.24344333425e+12 1.53487543619e+29
8 6.24453049427e+12 1.53162471697e+29
8 6.24561765428e+12 1.52838507962e+29
8 6.2467174557e+12 1.5430866881e+29
8 6.24781725711e+12 1.53982900326e+29
8 6.24891705852e+12 1.5365690835e+29
8 6.25001685994e+12 1.53330658229e+29
8 6.25111666135e+12 1.53004149891e+29
8 6.25222910416e+12 1.54448899549e+29
8 6.25334154697e+12 1.54114264776e+29
8 6.25445398977e+12 1.53779362522e+29
8 6.25556643258e+12 1.53444192715e+29
8 6.25667887539e+12 1.53108755281e+29
8 6.2577913182e+12 1.52774781096e+29
8 6.2589164024e+12 1.54192836952e+29
8 6.26004148661e+12 1.53856641643e+29
8 6.26116657081e+12 1.53520176283e+29
8 6.26229165501e+12 1.53183439242e+29
8 6.26341673922e+12 1.52846430443e+29
8 6.26455446482e+12 1.5423837301e+29
8 6.26569219042e+12 1.53893144131e+29
8 6.26682991602e+12 1.53547633958e+29
8 6.26796764162e+12 1.53201842412e+29
8 6.26910536722e+12 1.52856047447e+29
8 6.27025573421e+12 1.54222905924e+29
8 6.27140610121e+12 1.53875602526e+29
8 6.2725564682e+12 1.53528705491e+29
8 6.2737068352e+12 1.53181522888e+29
8 6.27485720219e+12 1.52834054636e+29
8 6.27602021058e+12 1.54176726292e+29
8 6.27718321897e+12 1.53820947463e+29
8 6.27834622736e+12 1.53464873175e+29
8 6.27950923575e+12 1.53108503341e+29
8 6.28067224414e+12 1.52751872578e+29
8 6.28184789393e+12 1.5406822083e+29
8 6.28302354372e+12 1.53709598555e+29
8 6.2841991935e+12 1.53352066905e+29
8 6.28537484329e+12 1.5299423539e+29
8 6.28656313447e+12 1.54291296548e+29
8 6.28775142565e+12 1.53925068108e+29
8 6.28893971683e+12 1.53558529719e+29
8 6.29012800801e+12 1.53191681289e+29
8 6.2913162992e+12 1.52824522727e+29
8 6.29251723177e+12 1.54092519774e+29
8 6.29371816435e+12 1.53719719511e+29
8 6.29491909693e+12 1.53350506391e+29
8 6.2961200295e+12 1.52982138196e+29
8 6.29733360348e+12 1.54233077871e+29
8 6.29854717745e+12 1.53856224361e+29
8 6.29976075142e+12 1.53479046013e+29
8 6.3009743254e+12 1.53101542731e+29
8 6.30218789937e+12 1.52723714416e+29
8 6.30341411474e+12 1.5394521503e+29
8 6.3046403301e+12 1.53559483348e+29
8 6.30586654547e+12 1.53177145644e+29
8 6.30709276084e+12 1.52797766211e+29
8 6.3083316176e+12 1.54002092315e+29
8 6.30957047437e+12 1.53614436138e+29
8 6.31080933113e+12 1.53226439835e+29
8 6.3120481879e+12 1.52838103304e+29
8 6.31329968606e+12 1.54017060097e+29
8 6.31455118422e+12 1.53620016502e+29
8 6.31580268237e+12 1.53222762842e+29
8 6.31705418053e+12 1.52828143766e+29
8 6.31831832009e+12 1.53988613192e+29
8 6.31958245964e+12 1.53590323473e+29
8 6.3208465992e+12 1.53191678049e+29
8 6.32211073875e+12 1.52792676808e+29
8 6.3233875197e+12 1.53928609183e+29
8 6.32466430065e+12 1.53520815515e+29
8 6.32594108161e+12 1.53112654869e+29
8 6.32721786256e+12 1.52704219734e+29
8 6.3285072849e+12 1.53817240224e+29
8 6.32979670725e+12 1.5340695296e+29
8 6.33108612959e+12 1.52997521933e+29
8 6.33238819334e+12 1.54094428092e+29
8 6.33369025708e+12 1.53676125543e+29
8 6.33499232082e+12 1.53257439894e+29
8 6.33629438456e+12 1.52838371022e+29
8 6.3376090897e+12 1.53909106509e+29
8 6.33892379483e+12 1.53481487028e+29
8 6.34023849997e+12 1.53057149736e+29
8 6.3415658465e+12 1.54114055878e+29
8 6.34289319304e+12 1.53685163231e+29
8 6.34422053957e+12 1.53255871027e+29
8 6.3455478861e+12 1.52826179134e+29
8 6.34688787403e+12 1.53857295705e+29
8 6.34822786196e+12 1.53418519537e+29
8 6.34956784989e+12 1.52979331712e+29
8 6.35092047921e+12 1.53990427205e+29
8 6.35227310853e+12 1.53548642717e+29
8 6.35362573786e+12 1.53108720259e+29
8 6.35499100858e+12 1.541044918e+29
8 6.3563562793e+12 1.53655414354e+29
8 6.35772155002e+12 1.53205908365e+29
8 6.35908682074e+12 1.52755973689e+29
8 6.36046473285e+12 1.53724814744e+29
8 6.36184264497e+12 1.53266879676e+29
8 6.36322055708e+12 1.52812983673e+29
8 6.36461111059e+12 1.53768505313e+29
8 6.3660016641e+12 1.53308776615e+29
8 6.36739221761e+12 1.5284860215e+29
8 6.36879541252e+12 1.53781807347e+29
8 6.37019860742e+12 1.53312274764e+29
8 6.37160180233e+12 1.52842283639e+29
8 6.37301763863e+12 1.53754205134e+29
8 6.37443347493e+12 1.53280944378e+29
8 6.37584931123e+12 1.52810586425e+29
8 6.37727778893e+12 1.53708061486e+29
8 6.37870626663e+12 1.53228390145e+29
8 6.38013474433e+12 1.52748242804e+29
8 6.38157586342e+12 1.53622856773e+29
8 6.38301698251e+12 1.53133162489e+29
8 6.384470743e+12 1.53992260869e+29
8 6.38592450349e+12 1.53500848756e+29
8 6.38737826397e+12 1.53011218758e+29
8 6.38884466586e+12 1.53854696614e+29
8 6.39031106774e+12 1.53355465488e+29
8 6.39177746963e+12 1.52855727436e+29
8 6.39325651291e+12 1.53675958914e+29
8 6.39473555618e+12 1.53167313904e+29
8 6.39622724086e+12 1.53974689133e+29
8 6.39771892553e+12 1.53465618201e+29
8 6.39921061021e+12 1.52956505872e+29
8 6.40071493628e+12 1.53745473789e+29
8 6.40221926235e+12 1.53226584122e+29
8 6.40372358842e+12 1.52707155749e+29
8 6.40524055589e+12 1.53472758879e+29
8 6.40675752335e+12 1.52947886063e+29
8 6.40828713221e+12 1.53704256184e+29
8 6.40981674107e+12 1.53176076144e+29
8 6.41135899133e+12 1.53914990471e+29
8 6.41290124159e+12 1.53376868093e+29
8 6.41444349185e+12 1.52838174559e+29
8 6.4159983835e+12 1.53553345263e+29
8 6.41755327515e+12 1.5300906925e+29
8 6.4191208082e+12 1.53715041362e+29
8 6.42068834125e+12 1.53167680354e+29
8 6.42226851569e+12 1.53856081674e+29
8 6.42384869013e+12 1.53298614652e+29
8 6.42542886458e+12 1.5274054316e+29
8 6.42702168042e+12 1.53405302868e+29
8 6.42861449626e+12 1.52842810691e+29
8 6.43021995349e+12 1.5349877274e+29
8 6.43182541073e+12 1.52932150764e+29
8 6.43344350936e+12 1.53569644762e+29
8 6.43506160799e+12 1.52992754823e+29
8 6.43669234801e+12 1.53610794503e+29
8 6.43832308804e+12 1.53025906855e+29
8 6.43996646946e+12 1.53633025393e+29
8 6.44160985088e+12 1.53047739275e+29
8 6.4432658737e+12 1.53639159992e+29
8 6.44492189652e+12 1.53043492885e+29
8 6.44659056073e+12 1.53615231417e+29
8 6.44825922494e+12 1.5300980353e+29
8 6.44994053055e+12 1.5356822665e+29
8 6.45162183616e+12 1.5296366902e+29
8 6.45331578316e+12 1.53508869533e+29
8 6.45500973016e+12 1.52894548e+29
8 6.45671631856e+12 1.53419848113e+29
8 6.45842290696e+12 1.52795141432e+29
8 6.46014213676e+12 1.5330588163e+29
8 6.46186136655e+12 1.52682177652e+29
8 6.46359323774e+12 1.53181107433e+29
8 6.46533775033e+12 1.53665337461e+29
8 6.46708226291e+12 1.53022477074e+29
8 6.46883941689e+12 1.53486743044e+29
8 6.47059657088e+12 1.52838758992e+29
8 6.47236636625e+12 1.53295091619e+29
8 6.47414880303e+12 1.53738285506e+29
8 6.4759312398e+12 1.53077842066e+29
8 6.47772631797e+12 1.53500563586e+29
8 6.47952139613e+12 1.52829989608e+29
8 6.4813291157e+12 1.5323970182e+29
8 6.48314947666e+12 1.53641050062e+29
8 6.48496983762e+12 1.529633221e+29
8 6.48680283997e+12 1.53344938721e+29
8 6.48864848372e+12 1.53711354357e+29
8 6.49049412747e+12 1.53015094816e+29
8 6.49235241262e+12 1.53371684828e+29
8 6.49422333916e+12 1.53717917879e+29
8 6.4960942657e+12 1.53012818616e+29
8 6.49797783364e+12 1.53338123581e+29
8 6.49987404297e+12 1.53648818181e+29
8 6.5017702523e+12 1.52929616045e+29
8 6.50367910303e+12 1.53233848553e+29
8 6.50560059515e+12 1.5352397203e+29
8 6.50752208728e+12 1.52791593506e+29
8 6.50945622079e+12 1.53060528022e+29
8 6.51140299571e+12 1.53319585338e+29
8 6.51336241202e+12 1.53571787805e+29
8 6.51532182833e+12 1.52823911942e+29
8 6.51729388604e+12 1.53057685176e+29
8 6.51927858514e+12 1.53275770232e+29
8 6.52127592563e+12 1.53483125237e+29
8 6.52327326613e+12 1.52716013972e+29
8 6.52528324802e+12 1.52914775669e+29
8 6.52730587131e+12 1.53097784284e+29
8 6.52934113599e+12 1.53264959048e+29
8 6.53138904207e+12 1.53421809535e+29
8 6.53344958955e+12 1.53572068341e+29
8 6.53551013702e+12 1.52771919317e+29
8 6.53758332589e+12 1.52903808265e+29
8 6.53966915616e+12 1.53020105639e+29
8 6.54176762782e+12 1.53127653972e+29
8 6.54387874088e+12 1.53228237393e+29
8 6.54600249533e+12 1.53314872023e+29
8 6.54813889118e+12 1.53385280223e+29
8 6.55028792842e+12 1.53441673061e+29
8 6.55244960706e+12 1.53491217242e+29
8 6.55462392709e+12 1.53532006927e+29
8 6.55681088852e+12 1.53556865597e+29
8 6.55899784995e+12 1.52682806551e+29
8 6.56119745278e+12 1.52692027495e+29
8 6.563409697e+12 1.52694927235e+29
8 6.56563458262e+12 1.52684609498e+29
8 6.56788475102e+12 1.53520000025e+29
8 6.57014756083e+12 1.53470075169e+29
8 6.57242301203e+12 1.53414256665e+29
8 6.57471110462e+12 1.5334862645e+29
8 6.57701183861e+12 1.53266306628e+29