## fname ../out/raw_MESA_output/profile_redgiant.data  masscut 0.95    N 8   mp 1e-07 mp_solar 1.988e+26   RKstep 6.742e+07    outer_step 6.742e+07
8 5.22655262107e+12 1.68847723749e+29
8 5.22688972495e+12 1.68804197133e+29
8 5.22722682883e+12 1.68760655072e+29
8 5.22756393271e+12 1.68717097567e+29
8 5.22790103659e+12 1.68673524614e+29
8 5.22823814048e+12 1.68629936212e+29
8 5.22857524436e+12 1.68586332361e+29
8 5.22891234824e+12 1.68542713057e+29
8 5.22924945212e+12 1.684990783e+29
8 5.229586556e+12 1.68455428087e+29
8 5.22992365988e+12 1.68411762418e+29
8 5.23026076376e+12 1.6836808129e+29
8 5.23059786764e+12 1.68324384702e+29
8 5.23093497153e+12 1.68280672652e+29
8 5.23127207541e+12 1.68236945139e+29
8 5.23160917929e+12 1.68193202161e+29
8 5.23194628317e+12 1.68149443716e+29
8 5.23228338705e+12 1.68105669803e+29
8 5.23262049093e+12 1.6806188042e+29
8 5.23295759481e+12 1.68018075566e+29
8 5.2332946987e+12 1.67974255238e+29
8 5.23363180258e+12 1.67930419436e+29
8 5.23396890646e+12 1.67886568157e+29
8 5.23430601034e+12 1.678427014e+29
8 5.23464311422e+12 1.67798819163e+29
8 5.2349802181e+12 1.67754921446e+29
8 5.23531732198e+12 1.67711008245e+29
8 5.23565442586e+12 1.6766707956e+29
8 5.23599152975e+12 1.67623135388e+29
8 5.23632863363e+12 1.67579175729e+29
8 5.23666573751e+12 1.67538277085e+29
8 5.23700284139e+12 1.67506295925e+29
8 5.23733994527e+12 1.67478650127e+29
8 5.23767704915e+12 1.67450993047e+29
8 5.23801415303e+12 1.67423324684e+29
8 5.23835125692e+12 1.67395645035e+29
8 5.2386883608e+12 1.673679541e+29
8 5.23902546468e+12 1.67340251879e+29
8 5.23936256856e+12 1.67312538368e+29
8 5.23969967244e+12 1.67284813568e+29
8 5.24003677632e+12 1.67257077477e+29
8 5.2403738802e+12 1.67229330094e+29
8 5.24071098408e+12 1.67201571417e+29
8 5.24104808797e+12 1.67173801446e+29
8 5.24138519185e+12 1.67146020179e+29
8 5.24172229573e+12 1.67118227615e+29
8 5.24205939961e+12 1.67090423753e+29
8 5.24239650349e+12 1.67062608591e+29
8 5.24273360737e+12 1.67034782128e+29
8 5.24307071125e+12 1.67006944363e+29
8 5.24340781513e+12 1.66979095295e+29
8 5.24374491902e+12 1.66951234923e+29
8 5.2440820229e+12 1.66923363245e+29
8 5.24441912678e+12 1.66895480261e+29
8 5.24475623066e+12 1.66867585968e+29
8 5.24509333454e+12 1.66839680366e+29
8 5.24543043842e+12 1.66811763453e+29
8 5.2457675423e+12 1.66783835229e+29
8 5.24610464619e+12 1.66755895691e+29
8 5.24644175007e+12 1.6672794484e+29
8 5.24677885395e+12 1.66699982673e+29
8 5.24711595783e+12 1.66672009189e+29
8 5.24745306171e+12 1.66644024388e+29
8 5.24779016559e+12 1.66616028267e+29
8 5.24812726947e+12 1.66588020826e+29
8 5.24846437335e+12 1.66560002064e+29
8 5.24880147724e+12 1.66531971978e+29
8 5.24913858112e+12 1.66503930569e+29
8 5.249475685e+12 1.66475877835e+29
8 5.24981278888e+12 1.66447813774e+29
8 5.25014989276e+12 1.66419738386e+29
8 5.25048699664e+12 1.66391651668e+29
8 5.25082410052e+12 1.66363553621e+29
8 5.25116120441e+12 1.66335444242e+29
8 5.25149830829e+12 1.66307323531e+29
8 5.25183541217e+12 1.66279191486e+29
8 5.25217251605e+12 1.66251048106e+29
8 5.25250961993e+12 1.6622289339e+29
8 5.25284672381e+12 1.66194727336e+29
8 5.25318382769e+12 1.66166549944e+29
8 5.25352093157e+12 1.66138361211e+29
8 5.25385803546e+12 1.66110161138e+29
8 5.25419513934e+12 1.66081949722e+29
8 5.25453224322e+12 1.66053726963e+29
8 5.2548693471e+12 1.66025492859e+29
8 5.25520645098e+12 1.65997247409e+29
8 5.25554355486e+12 1.65968990612e+29
8 5.25588065874e+12 1.65940722466e+29
8 5.25621776262e+12 1.65912442971e+29
8 5.25655486651e+12 1.65884152125e+29
8 5.25689197039e+12 1.65855849926e+29
8 5.25722907427e+12 1.65824998878e+29
8 5.25756617815e+12 1.6578574423e+29
8 5.25790328203e+12 1.65741875441e+29
8 5.25824038591e+12 1.65697981537e+29
8 5.25857748979e+12 1.65654072288e+29
8 5.25891459368e+12 1.65610147694e+29
8 5.25925169756e+12 1.65566207752e+29
8 5.25958880144e+12 1.6552225246e+29
8 5.25992590532e+12 1.65478281818e+29
8 5.2602630092e+12 1.65434295824e+29
8 5.26060011308e+12 1.65390294475e+29
8 5.26093721696e+12 1.65346277772e+29
8 5.26127432084e+12 1.6530224571e+29
8 5.26161142473e+12 1.6525819829e+29
8 5.26194852861e+12 1.6521413551e+29
8 5.26228563249e+12 1.65170057368e+29
8 5.26262273637e+12 1.65125963862e+29
8 5.26295984025e+12 1.6508185499e+29
8 5.26329694413e+12 1.65037730752e+29
8 5.26363404801e+12 1.64993591146e+29
8 5.2639711519e+12 1.64949436169e+29
8 5.26430825578e+12 1.64905265821e+29
8 5.26464535966e+12 1.648610801e+29
8 5.26498246354e+12 1.64816879003e+29
8 5.26531956742e+12 1.64772662531e+29
8 5.2656566713e+12 1.6472843068e+29
8 5.26599377518e+12 1.64684183449e+29
8 5.26633087906e+12 1.64639920837e+29
8 5.26666798295e+12 1.64595642843e+29
8 5.26700508683e+12 1.64551349464e+29
8 5.26734219071e+12 1.64507040698e+29
8 5.26767929459e+12 1.64462716545e+29
8 5.26801639847e+12 1.64418377003e+29
8 5.26835350235e+12 1.64374022069e+29
8 5.26869060623e+12 1.64329651744e+29
8 5.26902771011e+12 1.64285266024e+29
8 5.269364814e+12 1.64240864908e+29
8 5.26970191788e+12 1.64196448395e+29
8 5.27003902176e+12 1.64152016483e+29
8 5.27037612564e+12 1.6410756917e+29
8 5.27071322952e+12 1.64063106455e+29
8 5.2710503334e+12 1.64018628337e+29
8 5.27138743728e+12 1.63974134813e+29
8 5.27172454117e+12 1.63929625882e+29
8 5.27206164505e+12 1.63885101542e+29
8 5.27239874893e+12 1.63840561793e+29
8 5.27273585281e+12 1.63796006631e+29
8 5.27307295669e+12 1.63751436056e+29
8 5.27341006057e+12 1.63706850066e+29
8 5.27374716445e+12 1.63662248659e+29
8 5.27408426833e+12 1.63617631835e+29
8 5.27442137222e+12 1.6357299959e+29
8 5.2747584761e+12 1.63528351924e+29
8 5.27509557998e+12 1.63483688834e+29
8 5.27543268386e+12 1.6343901032e+29
8 5.27576978774e+12 1.6339431638e+29
8 5.27610689162e+12 1.63349607012e+29
8 5.2764439955e+12 1.63304882215e+29
8 5.27678109938e+12 1.63260141986e+29
8 5.27711820327e+12 1.63215386325e+29
8 5.27745530715e+12 1.63170649885e+29
8 5.27779241103e+12 1.63126325496e+29
8 5.27812951491e+12 1.63082441019e+29
8 5.27846661879e+12 1.63038594493e+29
8 5.27880372267e+12 1.62994732774e+29
8 5.27914082655e+12 1.6295085586e+29
8 5.27947793044e+12 1.62906963751e+29
8 5.27981503432e+12 1.62863056444e+29
8 5.2801521382e+12 1.62819133938e+29
8 5.28048924208e+12 1.62775196231e+29
8 5.28082634596e+12 1.62731243322e+29
8 5.28116344984e+12 1.62687275209e+29
8 5.28150055372e+12 1.62643291891e+29
8 5.2818376576e+12 1.62599293366e+29
8 5.28217476149e+12 1.62555279633e+29
8 5.28251186537e+12 1.62511250689e+29
8 5.28284896925e+12 1.62467206533e+29
8 5.28318607313e+12 1.62423147164e+29
8 5.28352317701e+12 1.6237907258e+29
8 5.28386028089e+12 1.6233498278e+29
8 5.28419738477e+12 1.62290877762e+29
8 5.28453448866e+12 1.62246757524e+29
8 5.28487159254e+12 1.62202622065e+29
8 5.28520869642e+12 1.62158471383e+29
8 5.2855458003e+12 1.62114305476e+29
8 5.28588290418e+12 1.62070124344e+29
8 5.28622000806e+12 1.62025927984e+29
8 5.28655711194e+12 1.61981716395e+29
8 5.28689421582e+12 1.61937489575e+29
8 5.28723131971e+12 1.61893247523e+29
8 5.28756842359e+12 1.61848990237e+29
8 5.28790552747e+12 1.61804717715e+29
8 5.28824263135e+12 1.61760429957e+29
8 5.28857973523e+12 1.61716126959e+29
8 5.28891683911e+12 1.61671808722e+29
8 5.28925394299e+12 1.61627475243e+29
8 5.28959104687e+12 1.6158312652e+29
8 5.28992815076e+12 1.61538762552e+29
8 5.29026525464e+12 1.61494383338e+29
8 5.29060235852e+12 1.61449988876e+29
8 5.2909394624e+12 1.61405579164e+29
8 5.29127656628e+12 1.61361154201e+29
8 5.29161367016e+12 1.61316713984e+29
8 5.29195077404e+12 1.61272258514e+29
8 5.29228787793e+12 1.61227787787e+29
8 5.29262498181e+12 1.61183301803e+29
8 5.29296208569e+12 1.61138800559e+29
8 5.29329918957e+12 1.61094284055e+29
8 5.29363629345e+12 1.61049752288e+29
8 5.29397339733e+12 1.61005205257e+29
8 5.29431050121e+12 1.60960642961e+29
8 5.29464760509e+12 1.60916065397e+29
8 5.29498470898e+12 1.60871472565e+29
8 5.29532181286e+12 1.60826864463e+29
8 5.29565891674e+12 1.60782241088e+29
8 5.29599602062e+12 1.60737602441e+29
8 5.2963331245e+12 1.60692948518e+29
8 5.29667022838e+12 1.60648279318e+29
8 5.29700733226e+12 1.60603594841e+29
8 5.29734443615e+12 1.60558895083e+29
8 5.29768154003e+12 1.60514269637e+29
8 5.29801864391e+12 1.60470099773e+29
8 5.29835574779e+12 1.6042626848e+29
8 5.29869285167e+12 1.60382433641e+29
8 5.29902995555e+12 1.6033858375e+29
8 5.29936705943e+12 1.60294718806e+29
8 5.29970416331e+12 1.60250838806e+29
8 5.3000412672e+12 1.6020694375e+29
8 5.30037837108e+12 1.60163033635e+29
8 5.30071547496e+12 1.6011910846e+29
8 5.30105257884e+12 1.60075168224e+29
8 5.30138968272e+12 1.60031212925e+29
8 5.3017267866e+12 1.59987242562e+29
8 5.30206389048e+12 1.59943257132e+29
8 5.30240099436e+12 1.59899256635e+29
8 5.30273809825e+12 1.59855241068e+29
8 5.30307520213e+12 1.59811210431e+29
8 5.30341230601e+12 1.59767164721e+29
8 5.30374940989e+12 1.59723103937e+29
8 5.30408651377e+12 1.59679028078e+29
8 5.30442361765e+12 1.59634937142e+29
8 5.30476072153e+12 1.59590831127e+29
8 5.30509782542e+12 1.59546710032e+29
8 5.3054349293e+12 1.59502573855e+29
8 5.30577203318e+12 1.59458422595e+29
8 5.30610913706e+12 1.5941425625e+29
8 5.30644624094e+12 1.59370074819e+29
8 5.30678334482e+12 1.593258783e+29
8 5.3071204487e+12 1.59281666691e+29
8 5.30745755258e+12 1.59237439991e+29
8 5.30779465647e+12 1.59193198199e+29
8 5.30813176035e+12 1.59148941312e+29
8 5.30846886423e+12 1.59104669329e+29
8 5.30880596811e+12 1.5906038225e+29
8 5.30914307199e+12 1.59016080071e+29
8 5.30948017587e+12 1.58971762792e+29
8 5.30981727975e+12 1.58927430411e+29
8 5.31015438363e+12 1.58883082926e+29
8 5.31049148752e+12 1.58838720336e+29
8 5.3108285914e+12 1.5879434264e+29
8 5.31116569528e+12 1.58749949835e+29
8 5.31150279916e+12 1.58705541921e+29
8 5.31183990304e+12 1.58661118895e+29
8 5.31217700692e+12 1.58616680756e+29
8 5.3125141108e+12 1.58572227503e+29
8 5.31285121469e+12 1.58527759133e+29
8 5.31318831857e+12 1.58483275646e+29
8 5.31352542245e+12 1.5843877704e+29
8 5.31386252633e+12 1.58394263313e+29
8 5.31419963021e+12 1.58349734464e+29
8 5.31453673409e+12 1.58305190491e+29
8 5.31487383797e+12 1.58260631392e+29
8 5.31521094185e+12 1.58216057167e+29
8 5.31554804574e+12 1.58171467813e+29
8 5.31588514962e+12 1.58126863329e+29
8 5.3162222535e+12 1.58082243713e+29
8 5.31655935738e+12 1.58037608964e+29
8 5.31689646126e+12 1.57992959081e+29
8 5.31723356514e+12 1.57948294061e+29
8 5.31757066902e+12 1.57901777377e+29
8 5.31790777291e+12 1.57840334116e+29
8 5.31824487679e+12 1.57765172364e+29
8 5.31858198067e+12 1.57688959192e+29
8 5.31891908455e+12 1.57612722894e+29
8 5.31925618843e+12 1.57536463467e+29
8 5.31959329231e+12 1.57460180909e+29
8 5.31993039619e+12 1.57383875218e+29
8 5.32026750007e+12 1.57307546392e+29
8 5.32060460396e+12 1.57231194428e+29
8 5.32094170784e+12 1.57154819323e+29
8 5.32127881172e+12 1.57078421076e+29
8 5.3216159156e+12 1.57001999684e+29
8 5.32195301948e+12 1.56925555145e+29
8 5.32229012336e+12 1.56849087456e+29
8 5.32262722724e+12 1.56772596616e+29
8 5.32296433112e+12 1.56696082621e+29
8 5.32330143501e+12 1.56619545471e+29
8 5.32363853889e+12 1.56542985161e+29
8 5.32397564277e+12 1.5646640169e+29
8 5.32431274665e+12 1.56389795056e+29
8 5.32464985053e+12 1.56313165256e+29
8 5.32498695441e+12 1.56236512289e+29
8 5.32532405829e+12 1.5615983615e+29
8 5.32566116218e+12 1.5608313684e+29
8 5.32599826606e+12 1.56006414354e+29
8 5.32633536994e+12 1.55929668691e+29
8 5.32667247382e+12 1.55852899848e+29
8 5.3270095777e+12 1.55776107823e+29
8 5.32734668158e+12 1.55700288402e+29
8 5.32768378546e+12 1.55638862852e+29
8 5.32802088934e+12 1.55593451682e+29
8 5.32835799323e+12 1.55550098917e+29
8 5.32869509711e+12 1.55506731444e+29
8 5.32903220099e+12 1.5546334926e+29
8 5.32936930487e+12 1.55419952365e+29
8 5.32970640875e+12 1.55376540757e+29
8 5.33004351263e+12 1.55333114434e+29
8 5.33038061651e+12 1.55289673395e+29
8 5.3307177204e+12 1.55246217638e+29
8 5.33105482428e+12 1.55202747162e+29
8 5.33139192816e+12 1.55159261965e+29
8 5.33172903204e+12 1.55115762046e+29
8 5.33206613592e+12 1.55072247403e+29
8 5.3324032398e+12 1.55028718035e+29
8 5.33274034368e+12 1.5498517394e+29
8 5.33307744756e+12 1.54941615117e+29
8 5.33341455145e+12 1.54898041564e+29
8 5.33375165533e+12 1.5485445328e+29
8 5.33408875921e+12 1.54810850263e+29
8 5.33442586309e+12 1.54767232511e+29
8 5.33476296697e+12 1.54723600024e+29
8 5.33510007085e+12 1.54679952799e+29
8 5.33543717473e+12 1.54636290836e+29
8 5.33577427861e+12 1.54592614132e+29
8 5.3361113825e+12 1.54548922686e+29
8 5.33644848638e+12 1.54505216496e+29
8 5.33678559026e+12 1.54461495562e+29
8 5.33712269414e+12 1.54417759881e+29
8 5.33745979802e+12 1.54378003463e+29
8 5.3377969019e+12 1.54346843015e+29
8 5.33813400578e+12 1.54318786692e+29
8 5.33847110967e+12 1.54290719588e+29
8 5.33880821355e+12 1.54262641702e+29
8 5.33914531743e+12 1.54234553033e+29
8 5.33948242131e+12 1.54206453579e+29
8 5.33981952519e+12 1.5417834334e+29
8 5.34015662907e+12 1.54150222314e+29
8 5.34049373295e+12 1.541220905e+29
8 5.34083083683e+12 1.54093947897e+29
8 5.34116794072e+12 1.54065794504e+29
8 5.3415050446e+12 1.5403763032e+29
8 5.34184214848e+12 1.54009455344e+29
8 5.34217925236e+12 1.53981269574e+29
8 5.34251635624e+12 1.5395307301e+29
8 5.34285346012e+12 1.53924865649e+29
8 5.343190564e+12 1.53896647492e+29
8 5.34352766789e+12 1.53868418537e+29
8 5.34386477177e+12 1.53840178783e+29
8 5.34420187565e+12 1.53811928228e+29
8 5.34453897953e+12 1.53783666872e+29
8 5.34487608341e+12 1.53755394713e+29
8 5.34521318729e+12 1.53727111751e+29
8 5.34555029117e+12 1.53698817983e+29
8 5.34588739505e+12 1.5367051341e+29
8 5.34622449894e+12 1.53642198029e+29
8 5.34656160282e+12 1.5361387184e+29
8 5.3468987067e+12 1.53585534842e+29
8 5.34723581058e+12 1.53557187033e+29
8 5.34757291446e+12 1.53528828413e+29
8 5.34791001834e+12 1.53500458979e+29
8 5.34824712222e+12 1.53472078732e+29
8 5.3485842261e+12 1.5344368767e+29
8 5.34892132999e+12 1.53415285791e+29
8 5.34925843387e+12 1.53386873095e+29
8 5.34959553775e+12 1.5335844958e+29
8 5.34993264163e+12 1.53330015246e+29
8 5.35026974551e+12 1.53301570091e+29
8 5.35060684939e+12 1.53273114114e+29
8 5.35094395327e+12 1.53244647314e+29
8 5.35128105716e+12 1.53216169689e+29
8 5.35161816104e+12 1.5318768124e+29
8 5.35195526492e+12 1.53159181964e+29
8 5.3522923688e+12 1.5313067186e+29
8 5.35262947268e+12 1.53102150927e+29
8 5.35296657656e+12 1.53073619165e+29
8 5.35330368044e+12 1.53045076571e+29
8 5.35364078432e+12 1.53016523146e+29
8 5.35397788821e+12 1.52987958887e+29
8 5.35431499209e+12 1.52959383793e+29
8 5.35465209597e+12 1.52930797864e+29
8 5.35498919985e+12 1.52902201098e+29
8 5.35532630373e+12 1.52873593495e+29
8 5.35566340761e+12 1.52844975052e+29
8 5.35600051149e+12 1.52816345769e+29
8 5.35633761537e+12 1.52787705645e+29
8 5.35667471926e+12 1.52759033808e+29
8 5.35701182314e+12 1.52725530663e+29
8 5.35734892702e+12 1.52683899519e+29
8 5.35771974129e+12 1.69595165357e+29
8 5.35809055556e+12 1.69541534267e+29
8 5.35846136983e+12 1.69487883456e+29
8 5.3588321841e+12 1.69434212921e+29
8 5.35920299837e+12 1.6938052266e+29
8 5.35957381264e+12 1.69326812671e+29
8 5.3599446269e+12 1.69273082952e+29
8 5.36031544117e+12 1.692193335e+29
8 5.36068625544e+12 1.69165564314e+29
8 5.36105706971e+12 1.6911177539e+29
8 5.36142788398e+12 1.69057966727e+29
8 5.36179869825e+12 1.69004138323e+29
8 5.36216951252e+12 1.68950290175e+29
8 5.36254032679e+12 1.68896422281e+29
8 5.36291114106e+12 1.68842534639e+29
8 5.36328195533e+12 1.68788627247e+29
8 5.3636527696e+12 1.68734700102e+29
8 5.36402358387e+12 1.68680753202e+29
8 5.36439439814e+12 1.68626786546e+29
8 5.36476521241e+12 1.6857280013e+29
8 5.36513602668e+12 1.68518793954e+29
8 5.36550684095e+12 1.68464768013e+29
8 5.36587765522e+12 1.68410722307e+29
8 5.36624846949e+12 1.68356656832e+29
8 5.36661928375e+12 1.68302571588e+29
8 5.36699009802e+12 1.68248466571e+29
8 5.36736091229e+12 1.68194341779e+29
8 5.36773172656e+12 1.6814019721e+29
8 5.36810254083e+12 1.68086032862e+29
8 5.3684733551e+12 1.68031848733e+29
8 5.36884416937e+12 1.67977644821e+29
8 5.36921498364e+12 1.67923421122e+29
8 5.36958579791e+12 1.67869177636e+29
8 5.36995661218e+12 1.67814914359e+29
8 5.37032742645e+12 1.67760631291e+29
8 5.37069824072e+12 1.67706328427e+29
8 5.37106905499e+12 1.67652005767e+29
8 5.37143986926e+12 1.67597663307e+29
8 5.37181068353e+12 1.67543301047e+29
8 5.3721814978e+12 1.67488918982e+29
8 5.37255231207e+12 1.67434517113e+29
8 5.37292312634e+12 1.67380095435e+29
8 5.37329394061e+12 1.67325653947e+29
8 5.37366475487e+12 1.67271192647e+29
8 5.37403556914e+12 1.67216711532e+29
8 5.37440638341e+12 1.671622106e+29
8 5.37477719768e+12 1.6710768985e+29
8 5.37514801195e+12 1.67053149278e+29
8 5.37551882622e+12 1.66998588883e+29
8 5.37588964049e+12 1.66944008662e+29
8 5.37626045476e+12 1.66889632564e+29
8 5.37663126903e+12 1.66835766294e+29
8 5.3770020833e+12 1.6678209816e+29
8 5.37737289757e+12 1.66728410459e+29
8 5.37774371184e+12 1.6667470319e+29
8 5.37811452611e+12 1.66620976349e+29
8 5.37848534038e+12 1.66567229936e+29
8 5.37885615465e+12 1.66513463947e+29
8 5.37922696892e+12 1.66459678381e+29
8 5.37959778319e+12 1.66405873235e+29
8 5.37996859746e+12 1.66352048508e+29
8 5.38033941172e+12 1.66298204196e+29
8 5.38071022599e+12 1.66244340298e+29
8 5.38108104026e+12 1.66190456812e+29
8 5.38145185453e+12 1.66136553735e+29
8 5.3818226688e+12 1.66082631066e+29
8 5.38219348307e+12 1.66028688801e+29
8 5.38256429734e+12 1.65974726939e+29
8 5.38293511161e+12 1.65920745478e+29
8 5.38330592588e+12 1.65866744416e+29
8 5.38367674015e+12 1.6581272375e+29
8 5.38404755442e+12 1.65758683478e+29
8 5.38441836869e+12 1.65704623597e+29
8 5.38478918296e+12 1.65650544107e+29
8 5.38515999723e+12 1.65596445004e+29
8 5.3855308115e+12 1.65542326286e+29
8 5.38590162577e+12 1.65488187952e+29
8 5.38627244004e+12 1.65434029999e+29
8 5.38664325431e+12 1.65379852424e+29
8 5.38701406857e+12 1.65325655226e+29
8 5.38738488284e+12 1.65271438402e+29
8 5.38775569711e+12 1.65217201951e+29
8 5.38812651138e+12 1.6516294587e+29
8 5.38849732565e+12 1.65108670156e+29
8 5.38886813992e+12 1.65054374808e+29
8 5.38923895419e+12 1.65000059824e+29
8 5.38960976846e+12 1.64945725201e+29
8 5.38998058273e+12 1.64891370937e+29
8 5.390351397e+12 1.64836997029e+29
8 5.39072221127e+12 1.64782603477e+29
8 5.39109302554e+12 1.64728190277e+29
8 5.39146383981e+12 1.64673757428e+29
8 5.39183465408e+12 1.64619304926e+29
8 5.39220546835e+12 1.64564832771e+29
8 5.39257628262e+12 1.64510340959e+29
8 5.39294709689e+12 1.64455829489e+29
8 5.39331791116e+12 1.64401298359e+29
8 5.39368872542e+12 1.64346747565e+29
8 5.39405953969e+12 1.64292177107e+29
8 5.39443035396e+12 1.64237586981e+29
8 5.39480116823e+12 1.64182977186e+29
8 5.3951719825e+12 1.64128389973e+29
8 5.39554279677e+12 1.64074203489e+29
8 5.39591361104e+12 1.64020420005e+29
8 5.39628442531e+12 1.63966660675e+29
8 5.39665523958e+12 1.6391288192e+29
8 5.39702605385e+12 1.63859083739e+29
8 5.39739686812e+12 1.63805266127e+29
8 5.39776768239e+12 1.63751429085e+29
8 5.39813849666e+12 1.63697572609e+29
8 5.39850931093e+12 1.63643696697e+29
8 5.3988801252e+12 1.63589801347e+29
8 5.39925093947e+12 1.63535886557e+29
8 5.39962175374e+12 1.63481952325e+29
8 5.39999256801e+12 1.63427998649e+29
8 5.40036338227e+12 1.63374025526e+29
8 5.40073419654e+12 1.63320032954e+29
8 5.40110501081e+12 1.63266020931e+29
8 5.40147582508e+12 1.63211989456e+29
8 5.40184663935e+12 1.63157938525e+29
8 5.40221745362e+12 1.63103868137e+29
8 5.40258826789e+12 1.63049778289e+29
8 5.40295908216e+12 1.6299566898e+29
8 5.40332989643e+12 1.62941540207e+29
8 5.4037007107e+12 1.62887391968e+29
8 5.40407152497e+12 1.6283322426e+29
8 5.40444233924e+12 1.62779037083e+29
8 5.40481315351e+12 1.62724830432e+29
8 5.40518396778e+12 1.62670604308e+29
8 5.40555478205e+12 1.62616358706e+29
8 5.40592559632e+12 1.62562093625e+29
8 5.40629641059e+12 1.62507809064e+29
8 5.40666722486e+12 1.62453505019e+29
8 5.40703803912e+12 1.62399181488e+29
8 5.40740885339e+12 1.6234483847e+29
8 5.40777966766e+12 1.62290475962e+29
8 5.40815048193e+12 1.62236093963e+29
8 5.4085212962e+12 1.62181692469e+29
8 5.40889211047e+12 1.62127271479e+29
8 5.40926292474e+12 1.6207283099e+29
8 5.40963373901e+12 1.62018371001e+29
8 5.41000455328e+12 1.61963891509e+29
8 5.41037536755e+12 1.61909392512e+29
8 5.41074618182e+12 1.61854874008e+29
8 5.41111699609e+12 1.61800335995e+29
8 5.41148781036e+12 1.6174577847e+29
8 5.41185862463e+12 1.61691201432e+29
8 5.4122294389e+12 1.61636604878e+29
8 5.41260025317e+12 1.61581988807e+29
8 5.41297106744e+12 1.61527353215e+29
8 5.41334188171e+12 1.61472698101e+29
8 5.41371269597e+12 1.61418023463e+29
8 5.41408351024e+12 1.61363376396e+29
8 5.41445432451e+12 1.61309123457e+29
8 5.41482513878e+12 1.61255245521e+29
8 5.41519595305e+12 1.61201383476e+29
8 5.41556676732e+12 1.61147502139e+29
8 5.41593758159e+12 1.61093601509e+29
8 5.41630839586e+12 1.61039681584e+29
8 5.41667921013e+12 1.60985742361e+29
8 5.4170500244e+12 1.60931783838e+29
8 5.41742083867e+12 1.60877806013e+29
8 5.41779165294e+12 1.60823808884e+29
8 5.41816246721e+12 1.60769792449e+29
8 5.41853328148e+12 1.60715756706e+29
8 5.41890409575e+12 1.60661701652e+29
8 5.41927491002e+12 1.60607627286e+29
8 5.41964572429e+12 1.60553533605e+29
8 5.42001653856e+12 1.60499420607e+29
8 5.42038735282e+12 1.6044528829e+29
8 5.42075816709e+12 1.60391136651e+29
8 5.42112898136e+12 1.6033696569e+29
8 5.42149979563e+12 1.60282775403e+29
8 5.4218706099e+12 1.60228565788e+29
8 5.42224142417e+12 1.60174336844e+29
8 5.42261223844e+12 1.60120088568e+29
8 5.42298305271e+12 1.60065820958e+29
8 5.42335386698e+12 1.60011534012e+29
8 5.42372468125e+12 1.59957227728e+29
8 5.42409549552e+12 1.59902902103e+29
8 5.42446630979e+12 1.59848557136e+29
8 5.42483712406e+12 1.59794192824e+29
8 5.42520793833e+12 1.59739809165e+29
8 5.4255787526e+12 1.59685406158e+29
8 5.42594956687e+12 1.59630983799e+29
8 5.42632038114e+12 1.59576542087e+29
8 5.42669119541e+12 1.5952208102e+29
8 5.42706200967e+12 1.59467600595e+29
8 5.42743282394e+12 1.59413100811e+29
8 5.42780363821e+12 1.59358581665e+29
8 5.42817445248e+12 1.59304043155e+29
8 5.42854526675e+12 1.59249485279e+29
8 5.42891608102e+12 1.59194908035e+29
8 5.42928689529e+12 1.5914031142e+29
8 5.42965770956e+12 1.59085695434e+29
8 5.43002852383e+12 1.59031060072e+29
8 5.4303993381e+12 1.58976405334e+29
8 5.43077015237e+12 1.58921731217e+29
8 5.43114096664e+12 1.58867037719e+29
8 5.43151178091e+12 1.58812324838e+29
8 5.43188259518e+12 1.58757592572e+29
8 5.43225340945e+12 1.58702840918e+29
8 5.43262422372e+12 1.58648070018e+29
8 5.43299503799e+12 1.58593518984e+29
8 5.43336585226e+12 1.58539411204e+29
8 5.43373666652e+12 1.58485437421e+29
8 5.43410748079e+12 1.58431444475e+29
8 5.43447829506e+12 1.58377432361e+29
8 5.43484910933e+12 1.58323401079e+29
8 5.4352199236e+12 1.58269350626e+29
8 5.43559073787e+12 1.58215281e+29
8 5.43596155214e+12 1.58161192199e+29
8 5.43633236641e+12 1.5810708422e+29
8 5.43670318068e+12 1.58052957062e+29
8 5.43707399495e+12 1.57998810723e+29
8 5.43744480922e+12 1.579446452e+29
8 5.43781562349e+12 1.57890460491e+29
8 5.43818643776e+12 1.57836256595e+29
8 5.43855725203e+12 1.57782033508e+29
8 5.4389280663e+12 1.5772779123e+29
8 5.43929888057e+12 1.57673529757e+29
8 5.43966969484e+12 1.57619249088e+29
8 5.44004050911e+12 1.57564949221e+29
8 5.44041132337e+12 1.57510630153e+29
8 5.44078213764e+12 1.57456291883e+29
8 5.44115295191e+12 1.57401934408e+29
8 5.44152376618e+12 1.57347557726e+29
8 5.44189458045e+12 1.57293161835e+29
8 5.44226539472e+12 1.57238746733e+29
8 5.44263620899e+12 1.57184312417e+29
8 5.44300702326e+12 1.57129858887e+29
8 5.44337783753e+12 1.57075386139e+29
8 5.4437486518e+12 1.57020894172e+29
8 5.44411946607e+12 1.56966382983e+29
8 5.44449028034e+12 1.5691185257e+29
8 5.44486109461e+12 1.56857302931e+29
8 5.44523190888e+12 1.56802734065e+29
8 5.44560272315e+12 1.56748145968e+29
8 5.44597353742e+12 1.56693538639e+29
8 5.44634435169e+12 1.56638912076e+29
8 5.44671516596e+12 1.56584266276e+29
8 5.44708598022e+12 1.56529601238e+29
8 5.44745679449e+12 1.56474916959e+29
8 5.44782760876e+12 1.56420213438e+29
8 5.44819842303e+12 1.56365490671e+29
8 5.4485692373e+12 1.56310748658e+29
8 5.44894005157e+12 1.56255987396e+29
8 5.44931086584e+12 1.56201206882e+29
8 5.44968168011e+12 1.56146407115e+29
8 5.45005249438e+12 1.56091588092e+29
8 5.45042330865e+12 1.56036749812e+29
8 5.45079412292e+12 1.55981892273e+29
8 5.45116493719e+12 1.5592701786e+29
8 5.45153575146e+12 1.55872395903e+29
8 5.45190656573e+12 1.55818185724e+29
8 5.45227738e+12 1.55764070312e+29
8 5.45264819427e+12 1.55709935852e+29
8 5.45301900854e+12 1.55655782343e+29
8 5.45338982281e+12 1.55601609783e+29
8 5.45376063707e+12 1.55547418168e+29
8 5.45413145134e+12 1.55493207498e+29
8 5.45450226561e+12 1.5543897777e+29
8 5.45487307988e+12 1.55384728982e+29
8 5.45524389415e+12 1.55330461132e+29
8 5.45561470842e+12 1.55276174218e+29
8 5.45598552269e+12 1.55221868238e+29
8 5.45635633696e+12 1.5516754319e+29
8 5.45672715123e+12 1.55113199071e+29
8 5.4570979655e+12 1.5505883588e+29
8 5.45746877977e+12 1.55004453614e+29
8 5.45783959404e+12 1.54950052271e+29
8 5.45821040831e+12 1.5489563185e+29
8 5.45858122258e+12 1.54841192348e+29
8 5.45895203685e+12 1.54786733763e+29
8 5.45932285112e+12 1.54732256092e+29
8 5.45969366539e+12 1.54677759335e+29
8 5.46006447966e+12 1.54623243489e+29
8 5.46043529392e+12 1.54568708551e+29
8 5.46080610819e+12 1.5451415452e+29
8 5.46117692246e+12 1.54459581394e+29
8 5.46154773673e+12 1.5440498917e+29
8 5.461918551e+12 1.54350377846e+29
8 5.46228936527e+12 1.54295747421e+29
8 5.46266017954e+12 1.54241097891e+29
8 5.46303099381e+12 1.54186429256e+29
8 5.46340180808e+12 1.54131741513e+29
8 5.46377262235e+12 1.5407703466e+29
8 5.46414343662e+12 1.54022308695e+29
8 5.46451425089e+12 1.53967563615e+29
8 5.46488506516e+12 1.53912799419e+29
8 5.46525587943e+12 1.53858016104e+29
8 5.4656266937e+12 1.53803213669e+29
8 5.46599750797e+12 1.53748392111e+29
8 5.46636832224e+12 1.53693551429e+29
8 5.46673913651e+12 1.5363869162e+29
8 5.46710995077e+12 1.53583812682e+29
8 5.46748076504e+12 1.53528914612e+29
8 5.46785157931e+12 1.5347399741e+29
8 5.46822239358e+12 1.53419061073e+29
8 5.46859320785e+12 1.53364105598e+29
8 5.46896402212e+12 1.53309130984e+29
8 5.46933483639e+12 1.53254137229e+29
8 5.46970565066e+12 1.53201038785e+29
8 5.47007646493e+12 1.53154933546e+29
8 5.4704472792e+12 1.53113133735e+29
8 5.47081809347e+12 1.53071341932e+29
8 5.47118890774e+12 1.53029534577e+29
8 5.47155972201e+12 1.52987711668e+29
8 5.47193053628e+12 1.52945873203e+29
8 5.47230135055e+12 1.52904019181e+29
8 5.47267216482e+12 1.52862149599e+29
8 5.47304297909e+12 1.52820264457e+29
8 5.47341379336e+12 1.52778363751e+29
8 5.47378460762e+12 1.52736447482e+29
8 5.47415542189e+12 1.52694515646e+29
8 5.47455994655e+12 1.67913628982e+29
8 5.47496447121e+12 1.67863270866e+29
8 5.47536899587e+12 1.67812892365e+29
8 5.47577352052e+12 1.67762493478e+29
8 5.47617804518e+12 1.67712074201e+29
8 5.47658256984e+12 1.67661634532e+29
8 5.4769870945e+12 1.67611174468e+29
8 5.47739161915e+12 1.67560694008e+29
8 5.47779614381e+12 1.67510193148e+29
8 5.47820066847e+12 1.67459671886e+29
8 5.47860519313e+12 1.6740913022e+29
8 5.47900971779e+12 1.67358568147e+29
8 5.47941424244e+12 1.67307985665e+29
8 5.4798187671e+12 1.67257382771e+29
8 5.48022329176e+12 1.67206759463e+29
8 5.48062781642e+12 1.67156115738e+29
8 5.48103234107e+12 1.67105451594e+29
8 5.48143686573e+12 1.67054767029e+29
8 5.48184139039e+12 1.67004062039e+29
8 5.48224591505e+12 1.66953336623e+29
8 5.4826504397e+12 1.66902590778e+29
8 5.48305496436e+12 1.66851824502e+29
8 5.48345948902e+12 1.66801037791e+29
8 5.48386401368e+12 1.66750230645e+29
8 5.48426853833e+12 1.66699403059e+29
8 5.48467306299e+12 1.66648555033e+29
8 5.48507758765e+12 1.66597686562e+29
8 5.48548211231e+12 1.66546797646e+29
8 5.48588663696e+12 1.66495888281e+29
8 5.48629116162e+12 1.66444958464e+29
8 5.48669568628e+12 1.66394008194e+29
8 5.48710021094e+12 1.66343037468e+29
8 5.48750473559e+12 1.66292046284e+29
8 5.48790926025e+12 1.66241034638e+29
8 5.48831378491e+12 1.66190002529e+29
8 5.48871830957e+12 1.66138949954e+29
8 5.48912283422e+12 1.66087876911e+29
8 5.48952735888e+12 1.66036783397e+29
8 5.48993188354e+12 1.6598566941e+29
8 5.4903364082e+12 1.65934534947e+29
8 5.49074093285e+12 1.65883380006e+29
8 5.49114545751e+12 1.65832204584e+29
8 5.49154998217e+12 1.65781008679e+29
8 5.49195450683e+12 1.65729792288e+29
8 5.49235903149e+12 1.65678555409e+29
8 5.49276355614e+12 1.6562729804e+29
8 5.4931680808e+12 1.65576020178e+29
8 5.49357260546e+12 1.6552472182e+29
8 5.49397713012e+12 1.65473402965e+29
8 5.49438165477e+12 1.65422063609e+29
8 5.49478617943e+12 1.6537070375e+29
8 5.49519070409e+12 1.65319323386e+29
8 5.49559522875e+12 1.65267922514e+29
8 5.4959997534e+12 1.65216501132e+29
8 5.49640427806e+12 1.65165059237e+29
8 5.49680880272e+12 1.65110725366e+29
8 5.49721332738e+12 1.65048902919e+29
8 5.49761785203e+12 1.64983573768e+29
8 5.49802237669e+12 1.64918220024e+29
8 5.49842690135e+12 1.64852841686e+29
8 5.49883142601e+12 1.64787438751e+29
8 5.49923595066e+12 1.64722011216e+29
8 5.49964047532e+12 1.64656559077e+29
8 5.50004499998e+12 1.64591082332e+29
8 5.50044952464e+12 1.64525580978e+29
8 5.50085404929e+12 1.64460055013e+29
8 5.50125857395e+12 1.64394504432e+29
8 5.50166309861e+12 1.64328929234e+29
8 5.50206762327e+12 1.64263329415e+29
8 5.50247214792e+12 1.64197704972e+29
8 5.50287667258e+12 1.64132055903e+29
8 5.50328119724e+12 1.64066382204e+29
8 5.5036857219e+12 1.64000683873e+29
8 5.50409024655e+12 1.63934960907e+29
8 5.50449477121e+12 1.63869213303e+29
8 5.50489929587e+12 1.63803441058e+29
8 5.50530382053e+12 1.63737644169e+29
8 5.50570834519e+12 1.63671822633e+29
8 5.50611286984e+12 1.63605976447e+29
8 5.5065173945e+12 1.63540105608e+29
8 5.50692191916e+12 1.63474210114e+29
8 5.50732644382e+12 1.63408289961e+29
8 5.50773096847e+12 1.63342345147e+29
8 5.50813549313e+12 1.63276375669e+29
8 5.50854001779e+12 1.63210381523e+29
8 5.50894454245e+12 1.63144362707e+29
8 5.5093490671e+12 1.63078319218e+29
8 5.50975359176e+12 1.63012251053e+29
8 5.51015811642e+12 1.62946158209e+29
8 5.51056264108e+12 1.62880040683e+29
8 5.51096716573e+12 1.62813898473e+29
8 5.51137169039e+12 1.62747731575e+29
8 5.51177621505e+12 1.62681539986e+29
8 5.51218073971e+12 1.62615323704e+29
8 5.51258526436e+12 1.62549082726e+29
8 5.51298978902e+12 1.62482817048e+29
8 5.51339431368e+12 1.62416526668e+29
8 5.51379883834e+12 1.62350211583e+29
8 5.51420336299e+12 1.6228387179e+29
8 5.51460788765e+12 1.62217507286e+29
8 5.51501241231e+12 1.62151118069e+29
8 5.51541693697e+12 1.62084704134e+29
8 5.51582146162e+12 1.6201826548e+29
8 5.51622598628e+12 1.61951802103e+29
8 5.51663051094e+12 1.61885314001e+29
8 5.5170350356e+12 1.6181880117e+29
8 5.51743956025e+12 1.61752263608e+29
8 5.51784408491e+12 1.61685701312e+29
8 5.51824860957e+12 1.61619114279e+29
8 5.51865313423e+12 1.61552502506e+29
8 5.51905765889e+12 1.61485865989e+29
8 5.51946218354e+12 1.61419204727e+29
8 5.5198667082e+12 1.61352518716e+29
8 5.52027123286e+12 1.61285807954e+29
8 5.52067575752e+12 1.61219072437e+29
8 5.52108028217e+12 1.61152312162e+29
8 5.52148480683e+12 1.61085527127e+29
8 5.52188933149e+12 1.61018717328e+29
8 5.52229385615e+12 1.60951882764e+29
8 5.5226983808e+12 1.6088502343e+29
8 5.52310290546e+12 1.60818139324e+29
8 5.52350743012e+12 1.60748287039e+29
8 5.52391195478e+12 1.60667151096e+29
8 5.52431647943e+12 1.60578712175e+29
8 5.52472100409e+12 1.60490144474e+29
8 5.52512552875e+12 1.60401545666e+29
8 5.52553005341e+12 1.60312915746e+29
8 5.52593457806e+12 1.60224254712e+29
8 5.52633910272e+12 1.6013556256e+29
8 5.52674362738e+12 1.60046839286e+29
8 5.52714815204e+12 1.59958084887e+29
8 5.52755267669e+12 1.59869299358e+29
8 5.52795720135e+12 1.59780482697e+29
8 5.52836172601e+12 1.596916349e+29
8 5.52876625067e+12 1.59602755962e+29
8 5.52917077532e+12 1.59513845882e+29
8 5.52957529998e+12 1.59424904654e+29
8 5.52997982464e+12 1.59335932276e+29
8 5.5303843493e+12 1.59246928743e+29
8 5.53078887395e+12 1.59157894053e+29
8 5.53119339861e+12 1.59068828201e+29
8 5.53159792327e+12 1.58979731184e+29
8 5.53200244793e+12 1.58890602998e+29
8 5.53240697259e+12 1.58801443641e+29
8 5.53281149724e+12 1.58712253107e+29
8 5.5332160219e+12 1.58623031393e+29
8 5.53362054656e+12 1.58533778497e+29
8 5.53402507122e+12 1.58444494414e+29
8 5.53442959587e+12 1.5835517914e+29
8 5.53483412053e+12 1.58265832673e+29
8 5.53523864519e+12 1.58176455008e+29
8 5.53564316985e+12 1.58087046142e+29
8 5.5360476945e+12 1.57997606071e+29
8 5.53645221916e+12 1.57908134792e+29
8 5.53685674382e+12 1.57818632301e+29
8 5.53726126848e+12 1.57729098595e+29
8 5.53766579313e+12 1.57639533669e+29
8 5.53807031779e+12 1.57549937521e+29
8 5.53847484245e+12 1.57460310146e+29
8 5.53887936711e+12 1.57370651541e+29
8 5.53928389176e+12 1.57280961702e+29
8 5.53968841642e+12 1.57191240627e+29
8 5.54009294108e+12 1.5710148831e+29
8 5.54049746574e+12 1.5701170475e+29
8 5.54090199039e+12 1.56922285365e+29
8 5.54130651505e+12 1.56842190874e+29
8 5.54171103971e+12 1.56773930073e+29
8 5.54211556437e+12 1.56707829767e+29
8 5.54252008902e+12 1.56641705149e+29
8 5.54292461368e+12 1.56575556216e+29
8 5.54332913834e+12 1.56509382966e+29
8 5.543733663e+12 1.56443185395e+29
8 5.54413818765e+12 1.563769635e+29
8 5.54454271231e+12 1.5631071728e+29
8 5.54494723697e+12 1.5624444673e+29
8 5.54535176163e+12 1.56178151849e+29
8 5.54575628629e+12 1.56111832632e+29
8 5.54616081094e+12 1.56045489079e+29
8 5.5465653356e+12 1.55979121184e+29
8 5.54696986026e+12 1.55912728947e+29
8 5.54737438492e+12 1.55846312363e+29
8 5.54777890957e+12 1.55779871431e+29
8 5.54818343423e+12 1.55713406146e+29
8 5.54858795889e+12 1.55646916507e+29
8 5.54899248355e+12 1.5558040251e+29
8 5.5493970082e+12 1.55513864153e+29
8 5.54980153286e+12 1.55447301433e+29
8 5.55020605752e+12 1.55380714347e+29
8 5.55061058218e+12 1.55314102892e+29
8 5.55101510683e+12 1.55247467065e+29
8 5.55141963149e+12 1.55180806864e+29
8 5.55182415615e+12 1.55114122285e+29
8 5.55222868081e+12 1.55047413326e+29
8 5.55263320546e+12 1.54980679984e+29
8 5.55303773012e+12 1.54913922256e+29
8 5.55344225478e+12 1.54847140139e+29
8 5.55384677944e+12 1.54780333631e+29
8 5.55425130409e+12 1.54713502728e+29
8 5.55465582875e+12 1.54646647427e+29
8 5.55506035341e+12 1.54579767727e+29
8 5.55546487807e+12 1.54512863623e+29
8 5.55586940272e+12 1.54445935114e+29
8 5.55627392738e+12 1.54378982196e+29
8 5.55667845204e+12 1.54312004866e+29
8 5.5570829767e+12 1.54245003123e+29
8 5.55748750135e+12 1.54177976961e+29
8 5.55789202601e+12 1.5411092638e+29
8 5.55829655067e+12 1.54043861994e+29
8 5.55870107533e+12 1.53977068492e+29
8 5.55910559999e+12 1.53910640585e+29
8 5.55951012464e+12 1.53844266657e+29
8 5.5599146493e+12 1.5377786852e+29
8 5.56031917396e+12 1.53711446172e+29
8 5.56072369862e+12 1.53644999608e+29
8 5.56112822327e+12 1.53578528828e+29
8 5.56153274793e+12 1.53512033827e+29
8 5.56193727259e+12 1.53445514603e+29
8 5.56234179725e+12 1.53378971153e+29
8 5.5627463219e+12 1.53312403474e+29
8 5.56315084656e+12 1.53245811564e+29
8 5.56355537122e+12 1.5317919542e+29
8 5.56395989588e+12 1.53112555039e+29
8 5.56436442053e+12 1.53045890417e+29
8 5.56476894519e+12 1.52979201553e+29
8 5.56517346985e+12 1.52912488443e+29
8 5.56557799451e+12 1.52845751085e+29
8 5.56598251916e+12 1.52778989475e+29
8 5.56638704382e+12 1.52712203611e+29
8 5.56682527887e+12 1.66516171898e+29
8 5.56726351391e+12 1.66437182228e+29
8 5.56770174896e+12 1.66358161494e+29
8 5.568139984e+12 1.66279109692e+29
8 5.56857821905e+12 1.66200026819e+29
8 5.5690164541e+12 1.6612091287e+29
8 5.56945468914e+12 1.66041767841e+29
8 5.56989292419e+12 1.65962591728e+29
8 5.57033115923e+12 1.65883384528e+29
8 5.57076939428e+12 1.65804146237e+29
8 5.57120762932e+12 1.6572487685e+29
8 5.57164586437e+12 1.65645576364e+29
8 5.57208409942e+12 1.65566244775e+29
8 5.57252233446e+12 1.65486882079e+29
8 5.57296056951e+12 1.65407488272e+29
8 5.57339880455e+12 1.6532806335e+29
8 5.5738370396e+12 1.6524860731e+29
8 5.57427527464e+12 1.65169120147e+29
8 5.57471350969e+12 1.65089601857e+29
8 5.57515174474e+12 1.65010052437e+29
8 5.57558997978e+12 1.64930513754e+29
8 5.57602821483e+12 1.64851346012e+29
8 5.57646644987e+12 1.64772553405e+29
8 5.57690468492e+12 1.64693775084e+29
8 5.57734291996e+12 1.64614965895e+29
8 5.57778115501e+12 1.64536125834e+29
8 5.57821939006e+12 1.64457254896e+29
8 5.5786576251e+12 1.64378353079e+29
8 5.57909586015e+12 1.64299420377e+29
8 5.57953409519e+12 1.64220456787e+29
8 5.57997233024e+12 1.64141462305e+29
8 5.58041056528e+12 1.64062436928e+29
8 5.58084880033e+12 1.63983380651e+29
8 5.58128703538e+12 1.6390429347e+29
8 5.58172527042e+12 1.63825175383e+29
8 5.58216350547e+12 1.63746026384e+29
8 5.58260174051e+12 1.6366684647e+29
8 5.58303997556e+12 1.63587635637e+29
8 5.5834782106e+12 1.63508393881e+29
8 5.58391644565e+12 1.63429121198e+29
8 5.5843546807e+12 1.63349817585e+29
8 5.58479291574e+12 1.63270483037e+29
8 5.58523115079e+12 1.63191117551e+29
8 5.58566938583e+12 1.63111721123e+29
8 5.58610762088e+12 1.63032293748e+29
8 5.58654585592e+12 1.62952835424e+29
8 5.58698409097e+12 1.62873346145e+29
8 5.58742232602e+12 1.62793825909e+29
8 5.58786056106e+12 1.62714274712e+29
8 5.58829879611e+12 1.62634692548e+29
8 5.58873703115e+12 1.62555079416e+29
8 5.5891752662e+12 1.6247543531e+29
8 5.58961350124e+12 1.62395760227e+29
8 5.59005173629e+12 1.62316054163e+29
8 5.59048997134e+12 1.62236317114e+29
8 5.59092820638e+12 1.62156549076e+29
8 5.59136644143e+12 1.62076750045e+29
8 5.59180467647e+12 1.61996920018e+29
8 5.59224291152e+12 1.61917058991e+29
8 5.59268114656e+12 1.61837217817e+29
8 5.59311938161e+12 1.61757753703e+29
8 5.59355761666e+12 1.61678647074e+29
8 5.5939958517e+12 1.61599544602e+29
8 5.59443408675e+12 1.61520411387e+29
8 5.59487232179e+12 1.61441247425e+29
8 5.59531055684e+12 1.61362052712e+29
8 5.59574879188e+12 1.61282827244e+29
8 5.59618702693e+12 1.61203571017e+29
8 5.59662526198e+12 1.61124284028e+29
8 5.59706349702e+12 1.61044966273e+29
8 5.59750173207e+12 1.60965617747e+29
8 5.59793996711e+12 1.60886238448e+29
8 5.59837820216e+12 1.6080682837e+29
8 5.5988164372e+12 1.60727387511e+29
8 5.59925467225e+12 1.60647915866e+29
8 5.5996929073e+12 1.60568413432e+29
8 5.60013114234e+12 1.60488880204e+29
8 5.60056937739e+12 1.60409316179e+29
8 5.60100761243e+12 1.60329721354e+29
8 5.60144584748e+12 1.60250095723e+29
8 5.60188408252e+12 1.60170439284e+29
8 5.60232231757e+12 1.60090752033e+29
8 5.60276055262e+12 1.60011033965e+29
8 5.60319878766e+12 1.59931285077e+29
8 5.60363702271e+12 1.59851505364e+29
8 5.60407525775e+12 1.59771694824e+29
8 5.6045134928e+12 1.59691853453e+29
8 5.60495172784e+12 1.59611981245e+29
8 5.60538996289e+12 1.59532078198e+29
8 5.60582819794e+12 1.59452144308e+29
8 5.60626643298e+12 1.59372179571e+29
8 5.60670466803e+12 1.59292183983e+29
8 5.60714290307e+12 1.5921215754e+29
8 5.60758113812e+12 1.59132100239e+29
8 5.60801937316e+12 1.59052012075e+29
8 5.60845760821e+12 1.58971893044e+29
8 5.60889584326e+12 1.58891743144e+29
8 5.6093340783e+12 1.58811562369e+29
8 5.60977231335e+12 1.58731532468e+29
8 5.61021054839e+12 1.5865194365e+29
8 5.61064878344e+12 1.58572549122e+29
8 5.61108701848e+12 1.58493123979e+29
8 5.61152525353e+12 1.58413668217e+29
8 5.61196348858e+12 1.58334181833e+29
8 5.61240172362e+12 1.58254664823e+29
8 5.61283995867e+12 1.58175117182e+29
8 5.61327819371e+12 1.58095538908e+29
8 5.61371642876e+12 1.58015929996e+29
8 5.6141546638e+12 1.57936290442e+29
8 5.61459289885e+12 1.57856620243e+29
8 5.61503113389e+12 1.57776919395e+29
8 5.61546936894e+12 1.57697187894e+29
8 5.61590760399e+12 1.57617425736e+29
8 5.61634583903e+12 1.57537632918e+29
8 5.61678407408e+12 1.57457809435e+29
8 5.61722230912e+12 1.57377955284e+29
8 5.61766054417e+12 1.57298070461e+29
8 5.61809877921e+12 1.57218154962e+29
8 5.61853701426e+12 1.57138208783e+29
8 5.61897524931e+12 1.57058231921e+29
8 5.61941348435e+12 1.56978224371e+29
8 5.6198517194e+12 1.56898186131e+29
8 5.62028995444e+12 1.56818117195e+29
8 5.62072818949e+12 1.56738017561e+29
8 5.62116642453e+12 1.56657887224e+29
8 5.62160465958e+12 1.56577726181e+29
8 5.62204289463e+12 1.56497534428e+29
8 5.62248112967e+12 1.5641731196e+29
8 5.62291936472e+12 1.56337058775e+29
8 5.62335759976e+12 1.56256774868e+29
8 5.62379583481e+12 1.56176460236e+29
8 5.62423406985e+12 1.56096114875e+29
8 5.6246723049e+12 1.5601573878e+29
8 5.62511053995e+12 1.55935331949e+29
8 5.62554877499e+12 1.55854894377e+29
8 5.62598701004e+12 1.5577442606e+29
8 5.62642524508e+12 1.55694026353e+29
8 5.62686348013e+12 1.556140454e+29
8 5.62730171517e+12 1.55534362048e+29
8 5.62773995022e+12 1.5545465818e+29
8 5.62817818527e+12 1.55374923825e+29
8 5.62861642031e+12 1.55295158978e+29
8 5.62905465536e+12 1.55215363637e+29
8 5.6294928904e+12 1.55135537798e+29
8 5.62993112545e+12 1.55055681456e+29
8 5.63036936049e+12 1.54975794608e+29
8 5.63080759554e+12 1.5489587725e+29
8 5.63124583059e+12 1.54815929378e+29
8 5.63168406563e+12 1.54735950989e+29
8 5.63212230068e+12 1.54655942079e+29
8 5.63256053572e+12 1.54575902644e+29
8 5.63299877077e+12 1.5449583268e+29
8 5.63343700581e+12 1.54415732184e+29
8 5.63387524086e+12 1.54335601151e+29
8 5.63431347591e+12 1.54255439578e+29
8 5.63475171095e+12 1.54175247461e+29
8 5.635189946e+12 1.54095024796e+29
8 5.63562818104e+12 1.5401477158e+29
8 5.63606641609e+12 1.53934487809e+29
8 5.63650465113e+12 1.53854173479e+29
8 5.63694288618e+12 1.53773828586e+29
8 5.63738112123e+12 1.53693453126e+29
8 5.63781935627e+12 1.53613047096e+29
8 5.63825759132e+12 1.53532610492e+29
8 5.63869582636e+12 1.5345214331e+29
8 5.63913406141e+12 1.53371645546e+29
8 5.63957229645e+12 1.53291117196e+29
8 5.6400105315e+12 1.53210558258e+29
8 5.64044876655e+12 1.53129968726e+29
8 5.64088700159e+12 1.53049348597e+29
8 5.64132523664e+12 1.52968697868e+29
8 5.64176347168e+12 1.52888016535e+29
8 5.64220170673e+12 1.52807304593e+29
8 5.64263994177e+12 1.52726562039e+29
8 5.64311188721e+12 1.65359741815e+29
8 5.64358383264e+12 1.65266232919e+29
8 5.64405577808e+12 1.65172976646e+29
8 5.64452772351e+12 1.65079682397e+29
8 5.64499966894e+12 1.64986350015e+29
8 5.64547161438e+12 1.64892979495e+29
8 5.64594355981e+12 1.64799570833e+29
8 5.64641550525e+12 1.64706124022e+29
8 5.64688745068e+12 1.64612639059e+29
8 5.64735939611e+12 1.64519115938e+29
8 5.64783134155e+12 1.64425554653e+29
8 5.64830328698e+12 1.64331955201e+29
8 5.64877523241e+12 1.64238317575e+29
8 5.64924717785e+12 1.64144641771e+29
8 5.64971912328e+12 1.64050927783e+29
8 5.65019106872e+12 1.63957175607e+29
8 5.65066301415e+12 1.63863385238e+29
8 5.65113495958e+12 1.6376955667e+29
8 5.65160690502e+12 1.63675689898e+29
8 5.65207885045e+12 1.63581784918e+29
8 5.65255079589e+12 1.63487841723e+29
8 5.65302274132e+12 1.6339386031e+29
8 5.65349468675e+12 1.63299840673e+29
8 5.65396663219e+12 1.63205782807e+29
8 5.65443857762e+12 1.63111686707e+29
8 5.65491052305e+12 1.63017552367e+29
8 5.65538246849e+12 1.62923379783e+29
8 5.65585441392e+12 1.6282916895e+29
8 5.65632635936e+12 1.62734919863e+29
8 5.65679830479e+12 1.62640632516e+29
8 5.65727025022e+12 1.62546306905e+29
8 5.65774219566e+12 1.62451943024e+29
8 5.65821414109e+12 1.62357540868e+29
8 5.65868608653e+12 1.62263100433e+29
8 5.65915803196e+12 1.62168621713e+29
8 5.65962997739e+12 1.62074387406e+29
8 5.66010192283e+12 1.61980700512e+29
8 5.66057386826e+12 1.61887203785e+29
8 5.66104581369e+12 1.61793669117e+29
8 5.66151775913e+12 1.61700096506e+29
8 5.66198970456e+12 1.61606485945e+29
8 5.66246165e+12 1.6151283743e+29
8 5.66293359543e+12 1.61419150955e+29
8 5.66340554086e+12 1.61325426516e+29
8 5.6638774863e+12 1.61231664107e+29
8 5.66434943173e+12 1.61137863724e+29
8 5.66482137716e+12 1.61044025361e+29
8 5.6652933226e+12 1.60950149014e+29
8 5.66576526803e+12 1.60856234677e+29
8 5.66623721347e+12 1.60762282346e+29
8 5.6667091589e+12 1.60668292015e+29
8 5.66718110433e+12 1.60574263679e+29
8 5.66765304977e+12 1.60480197333e+29
8 5.6681249952e+12 1.60386092973e+29
8 5.66859694064e+12 1.60291950593e+29
8 5.66906888607e+12 1.60197770188e+29
8 5.6695408315e+12 1.60103551754e+29
8 5.67001277694e+12 1.60009295284e+29
8 5.67048472237e+12 1.59915000775e+29
8 5.6709566678e+12 1.59820668221e+29
8 5.67142861324e+12 1.59726297617e+29
8 5.67190055867e+12 1.59631888958e+29
8 5.67237250411e+12 1.59537442239e+29
8 5.67284444954e+12 1.59442957455e+29
8 5.67331639497e+12 1.59348434601e+29
8 5.67378834041e+12 1.59253873672e+29
8 5.67426028584e+12 1.59159274663e+29
8 5.67473223128e+12 1.59064637568e+29
8 5.67520417671e+12 1.58969962384e+29
8 5.67567612214e+12 1.58872482058e+29
8 5.67614806758e+12 1.5874817342e+29
8 5.67662001301e+12 1.58596444081e+29
8 5.67709195844e+12 1.58441453152e+29
8 5.67756390388e+12 1.58286404104e+29
8 5.67803584931e+12 1.58131296931e+29
8 5.67850779475e+12 1.57976131624e+29
8 5.67897974018e+12 1.57820908176e+29
8 5.67945168561e+12 1.5766562658e+29
8 5.67992363105e+12 1.57510286828e+29
8 5.68039557648e+12 1.57354888913e+29
8 5.68086752192e+12 1.57199432826e+29
8 5.68133946735e+12 1.57043918561e+29
8 5.68181141278e+12 1.5688834611e+29
8 5.68228335822e+12 1.56732715465e+29
8 5.68275530365e+12 1.56577026619e+29
8 5.68322724908e+12 1.56421279564e+29
8 5.68369919452e+12 1.56267718784e+29
8 5.68417113995e+12 1.56141269188e+29
8 5.68464308539e+12 1.56044423148e+29
8 5.68511503082e+12 1.55951645385e+29
8 5.68558697625e+12 1.5585883036e+29
8 5.68605892169e+12 1.55765978068e+29
8 5.68653086712e+12 1.55673088504e+29
8 5.68700281256e+12 1.55580161663e+29
8 5.68747475799e+12 1.5548719754e+29
8 5.68794670342e+12 1.5539419613e+29
8 5.68841864886e+12 1.55301157428e+29
8 5.68889059429e+12 1.5520808143e+29
8 5.68936253972e+12 1.55114968131e+29
8 5.68983448516e+12 1.55021817524e+29
8 5.69030643059e+12 1.54928629607e+29
8 5.69077837603e+12 1.54835404373e+29
8 5.69125032146e+12 1.54742141818e+29
8 5.69172226689e+12 1.54648998183e+29
8 5.69219421233e+12 1.54565836033e+29
8 5.69266615776e+12 1.54497911598e+29
8 5.6931381032e+12 1.54434054196e+29
8 5.69361004863e+12 1.54370169247e+29
8 5.69408199406e+12 1.54306256748e+29
8 5.6945539395e+12 1.54242316694e+29
8 5.69502588493e+12 1.54178349082e+29
8 5.69549783036e+12 1.54114353909e+29
8 5.6959697758e+12 1.54050331171e+29
8 5.69644172123e+12 1.53986280864e+29
8 5.69691366667e+12 1.53922202984e+29
8 5.6973856121e+12 1.53858097529e+29
8 5.69785755753e+12 1.53793964493e+29
8 5.69832950297e+12 1.53729803873e+29
8 5.6988014484e+12 1.53665615666e+29
8 5.69927339384e+12 1.53601399868e+29
8 5.69974533927e+12 1.53537156476e+29
8 5.7002172847e+12 1.53472885485e+29
8 5.70068923014e+12 1.53408586891e+29
8 5.70116117557e+12 1.53344260692e+29
8 5.701633121e+12 1.53279906884e+29
8 5.70210506644e+12 1.53215525463e+29
8 5.70257701187e+12 1.53151116424e+29
8 5.70304895731e+12 1.53086679765e+29
8 5.70352090274e+12 1.53022215482e+29
8 5.70399284817e+12 1.52957723571e+29
8 5.70446479361e+12 1.52893204028e+29
8 5.70493673904e+12 1.5282865685e+29
8 5.70540868448e+12 1.52764082033e+29
8 5.70588062991e+12 1.52699479573e+29
8 5.70638628573e+12 1.64371018364e+29
8 5.70689194155e+12 1.64296409842e+29
8 5.70739759737e+12 1.64221767132e+29
8 5.7079032532e+12 1.64145084312e+29
8 5.70840890902e+12 1.6405293407e+29
8 5.70891456484e+12 1.63946175995e+29
8 5.70942022066e+12 1.6383799471e+29
8 5.70992587648e+12 1.63729767381e+29
8 5.71043153231e+12 1.63621494003e+29
8 5.71093718813e+12 1.63513174568e+29
8 5.71144284395e+12 1.6340480907e+29
8 5.71194849977e+12 1.63296397503e+29
8 5.71245415559e+12 1.6318793986e+29
8 5.71295981142e+12 1.63079436135e+29
8 5.71346546724e+12 1.62970886321e+29
8 5.71397112306e+12 1.62862290412e+29
8 5.71447677888e+12 1.62753648402e+29
8 5.7149824347e+12 1.62644960283e+29
8 5.71548809053e+12 1.6253622605e+29
8 5.71599374635e+12 1.62427445695e+29
8 5.71649940217e+12 1.62318619213e+29
8 5.71700505799e+12 1.62209746598e+29
8 5.71751071381e+12 1.62100827841e+29
8 5.71801636964e+12 1.61991862938e+29
8 5.71852202546e+12 1.61882851882e+29
8 5.71902768128e+12 1.61773794666e+29
8 5.7195333371e+12 1.61664691284e+29
8 5.72003899292e+12 1.61555541729e+29
8 5.72054464875e+12 1.61446345995e+29
8 5.72105030457e+12 1.61337104075e+29
8 5.72155596039e+12 1.61227815963e+29
8 5.72206161621e+12 1.61118481653e+29
8 5.72256727203e+12 1.61009101137e+29
8 5.72307292786e+12 1.60899674411e+29
8 5.72357858368e+12 1.6079020164e+29
8 5.7240842395e+12 1.60681109035e+29
8 5.72458989532e+12 1.60572801014e+29
8 5.72509555114e+12 1.60464755053e+29
8 5.72560120697e+12 1.60356663402e+29
8 5.72610686279e+12 1.60248526053e+29
8 5.72661251861e+12 1.60140343002e+29
8 5.72711817443e+12 1.6003211424e+29
8 5.72762383025e+12 1.59923839762e+29
8 5.72812948608e+12 1.59815519562e+29
8 5.7286351419e+12 1.59707153632e+29
8 5.72914079772e+12 1.59598741967e+29
8 5.72964645354e+12 1.59490284561e+29
8 5.73015210936e+12 1.59381781406e+29
8 5.73065776519e+12 1.59273232497e+29
8 5.73116342101e+12 1.59164637828e+29
8 5.73166907683e+12 1.5905599739e+29
8 5.73217473265e+12 1.5894731118e+29
8 5.73268038847e+12 1.58838579189e+29
8 5.7331860443e+12 1.58729801412e+29
8 5.73369170012e+12 1.58620977841e+29
8 5.73419735594e+12 1.58512108472e+29
8 5.73470301176e+12 1.58403193298e+29
8 5.73520866758e+12 1.58294232311e+29
8 5.73571432341e+12 1.58185225506e+29
8 5.73621997923e+12 1.58076172876e+29
8 5.73672563505e+12 1.57967074415e+29
8 5.73723129087e+12 1.57857930117e+29
8 5.73773694669e+12 1.57748739974e+29
8 5.73824260252e+12 1.57639503982e+29
8 5.73874825834e+12 1.57530222133e+29
8 5.73925391416e+12 1.57420894421e+29
8 5.73975956998e+12 1.57311799565e+29
8 5.7402652258e+12 1.57203523945e+29
8 5.74077088162e+12 1.57095708178e+29
8 5.74127653745e+12 1.56987849026e+29
8 5.74178219327e+12 1.56879944562e+29
8 5.74228784909e+12 1.56771994777e+29
8 5.74279350491e+12 1.56663999667e+29
8 5.74329916073e+12 1.56555959225e+29
8 5.74380481656e+12 1.56447873445e+29
8 5.74431047238e+12 1.5633974232e+29
8 5.7448161282e+12 1.56231565845e+29
8 5.74532178402e+12 1.56123344012e+29
8 5.74582743984e+12 1.56015076815e+29
8 5.74633309567e+12 1.55906764249e+29
8 5.74683875149e+12 1.55798406307e+29
8 5.74734440731e+12 1.55690002982e+29
8 5.74785006313e+12 1.55581554268e+29
8 5.74835571895e+12 1.5547306016e+29
8 5.74886137478e+12 1.5536452065e+29
8 5.7493670306e+12 1.55255935732e+29
8 5.74987268642e+12 1.551473054e+29
8 5.75037834224e+12 1.55038629648e+29
8 5.75088399806e+12 1.5492990847e+29
8 5.75138965389e+12 1.54821141858e+29
8 5.75189530971e+12 1.54712329808e+29
8 5.75240096553e+12 1.54603472312e+29
8 5.75290662135e+12 1.54494569364e+29
8 5.75341227717e+12 1.54385620957e+29
8 5.753917933e+12 1.54276627087e+29
8 5.75442358882e+12 1.54167587746e+29
8 5.75492924464e+12 1.54058502927e+29
8 5.75543490046e+12 1.53949686847e+29
8 5.75594055628e+12 1.53841742246e+29
8 5.75644621211e+12 1.53734260901e+29
8 5.75695186793e+12 1.53626735615e+29
8 5.75745752375e+12 1.53519165433e+29
8 5.75796317957e+12 1.53411550348e+29
8 5.75846883539e+12 1.53303890353e+29
8 5.75897449122e+12 1.53196185443e+29
8 5.75948014704e+12 1.53088435611e+29
8 5.75998580286e+12 1.52980640851e+29
8 5.76049145868e+12 1.52872801157e+29
8 5.7609971145e+12 1.52764916522e+29
8 5.76153648071e+12 1.63553345434e+29
8 5.76207584692e+12 1.63429940828e+29
8 5.76261521313e+12 1.63306481414e+29
8 5.76315457934e+12 1.63182967183e+29
8 5.76369394555e+12 1.63059398128e+29
8 5.76423331176e+12 1.6293577424e+29
8 5.76477267797e+12 1.62812095512e+29
8 5.76531204418e+12 1.62688361934e+29
8 5.76585141039e+12 1.625645735e+29
8 5.7663907766e+12 1.62440730201e+29
8 5.76693014281e+12 1.62316832028e+29
8 5.76746950902e+12 1.62192878975e+29
8 5.76800887524e+12 1.62068871031e+29
8 5.76854824145e+12 1.61944808191e+29
8 5.76908760766e+12 1.61820690445e+29
8 5.76962697387e+12 1.61696517785e+29
8 5.77016634008e+12 1.61572290204e+29
8 5.77070570629e+12 1.61445831614e+29
8 5.7712450725e+12 1.61287964085e+29
8 5.77178443871e+12 1.6109369957e+29
8 5.77232380492e+12 1.60893307555e+29
8 5.77286317113e+12 1.60692832195e+29
8 5.77340253734e+12 1.60492273481e+29
8 5.77394190355e+12 1.60291631399e+29
8 5.77448126976e+12 1.60090905937e+29
8 5.77502063597e+12 1.59890097084e+29
8 5.77556000218e+12 1.59689204828e+29
8 5.77609936839e+12 1.59488229155e+29
8 5.7766387346e+12 1.59287170055e+29
8 5.77717810081e+12 1.59086027515e+29
8 5.77771746702e+12 1.58884801523e+29
8 5.77825683323e+12 1.58683745722e+29
8 5.77879619944e+12 1.5850845249e+29
8 5.77933556565e+12 1.58374950536e+29
8 5.77987493186e+12 1.58254103439e+29
8 5.78041429807e+12 1.58133202955e+29
8 5.78095366428e+12 1.58012249075e+29
8 5.78149303049e+12 1.57891241791e+29
8 5.7820323967e+12 1.57770181096e+29
8 5.78257176291e+12 1.57649066982e+29
8 5.78311112912e+12 1.5752789944e+29
8 5.78365049533e+12 1.57406678464e+29
8 5.78418986154e+12 1.57285404044e+29
8 5.78472922775e+12 1.57164076174e+29
8 5.78526859396e+12 1.57042694846e+29
8 5.78580796017e+12 1.56921260051e+29
8 5.78634732638e+12 1.56805088807e+29
8 5.78688669259e+12 1.56708231142e+29
8 5.7874260588e+12 1.56624148045e+29
8 5.78796542501e+12 1.56540250952e+29
8 5.78850479122e+12 1.56456314423e+29
8 5.78904415743e+12 1.56372338451e+29
8 5.78958352364e+12 1.5628832303e+29
8 5.79012288985e+12 1.56204268156e+29
8 5.79066225606e+12 1.56120173821e+29
8 5.79120162227e+12 1.5603604002e+29
8 5.79174098848e+12 1.55951866747e+29
8 5.79228035469e+12 1.55867653997e+29
8 5.7928197209e+12 1.55783401762e+29
8 5.79335908711e+12 1.55699110039e+29
8 5.79389845332e+12 1.55614778819e+29
8 5.79443781953e+12 1.55530408098e+29
8 5.79497718574e+12 1.5544599787e+29
8 5.79551655195e+12 1.55361548129e+29
8 5.79605591816e+12 1.55277058869e+29
8 5.79659528437e+12 1.55192530084e+29
8 5.79713465058e+12 1.55107961767e+29
8 5.79767401679e+12 1.55023353915e+29
8 5.798213383e+12 1.54938706519e+29
8 5.79875274921e+12 1.54854019575e+29
8 5.79929211542e+12 1.54769293077e+29
8 5.79983148163e+12 1.54684527018e+29
8 5.80037084784e+12 1.54599721393e+29
8 5.80091021405e+12 1.54514876196e+29
8 5.80144958026e+12 1.54428912821e+29
8 5.80198894647e+12 1.54327979569e+29
8 5.80252831268e+12 1.54209869453e+29
8 5.80306767889e+12 1.54088916652e+29
8 5.8036070451e+12 1.53967910887e+29
8 5.80414641131e+12 1.53846852149e+29
8 5.80468577752e+12 1.5372574043e+29
8 5.80522514373e+12 1.53604575723e+29
8 5.80576450994e+12 1.53483358021e+29
8 5.80630387615e+12 1.53362087315e+29
8 5.80684324236e+12 1.53240763597e+29
8 5.80738260857e+12 1.5311938686e+29
8 5.80792197478e+12 1.52997957096e+29
8 5.80846134099e+12 1.52876474298e+29
8 5.8090007072e+12 1.52754938457e+29
8 5.8095737838e+12 1.62800797256e+29
8 5.8101468604e+12 1.62662930743e+29
8 5.810719937e+12 1.62525000328e+29
8 5.8112930136e+12 1.62387006002e+29
8 5.81186609019e+12 1.62248947756e+29
8 5.81243916679e+12 1.62110825578e+29
8 5.81301224339e+12 1.6197263946e+29
8 5.81358531999e+12 1.61834389391e+29
8 5.81415839659e+12 1.61696075361e+29
8 5.81473147319e+12 1.61557697361e+29
8 5.81530454978e+12 1.6141925538e+29
8 5.81587762638e+12 1.61280749409e+29
8 5.81645070298e+12 1.61142180067e+29
8 5.81702377958e+12 1.61004293148e+29
8 5.81759685618e+12 1.60867758872e+29
8 5.81816993277e+12 1.60731690297e+29
8 5.81874300937e+12 1.60595558743e+29
8 5.81931608597e+12 1.604593642e+29
8 5.81988916257e+12 1.60323106659e+29
8 5.82046223917e+12 1.6018678611e+29
8 5.82103531577e+12 1.60050402543e+29
8 5.82160839236e+12 1.59913955948e+29
8 5.82218146896e+12 1.59777446315e+29
8 5.82275454556e+12 1.59640873635e+29
8 5.82332762216e+12 1.59504237898e+29
8 5.82390069876e+12 1.59367539094e+29
8 5.82447377536e+12 1.59230777214e+29
8 5.82504685195e+12 1.59093952247e+29
8 5.82561992855e+12 1.58957064184e+29
8 5.82619300515e+12 1.58820113015e+29
8 5.82676608175e+12 1.58683098731e+29
8 5.82733915835e+12 1.58546021321e+29
8 5.82791223494e+12 1.58408880776e+29
8 5.82848531154e+12 1.58271677086e+29
8 5.82905838814e+12 1.58134410241e+29
8 5.82963146474e+12 1.57997080232e+29
8 5.83020454134e+12 1.57859687049e+29
8 5.83077761794e+12 1.57722230681e+29
8 5.83135069453e+12 1.5758471112e+29
8 5.83192377113e+12 1.5743711515e+29
8 5.83249684773e+12 1.57248664972e+29
8 5.83306992433e+12 1.57030915321e+29
8 5.83364300093e+12 1.56812209687e+29
8 5.83421607753e+12 1.56593409015e+29
8 5.83478915412e+12 1.56374513291e+29
8 5.83536223072e+12 1.56155522498e+29
8 5.83593530732e+12 1.55936436624e+29
8 5.83650838392e+12 1.55717255653e+29
8 5.83708146052e+12 1.55497979572e+29
8 5.83765453711e+12 1.55278608365e+29
8 5.83822761371e+12 1.55059142018e+29
8 5.83880069031e+12 1.54839580518e+29
8 5.83937376691e+12 1.54631355879e+29
8 5.83994684351e+12 1.54484617312e+29
8 5.84051992011e+12 1.5438887311e+29
8 5.8410929967e+12 1.54296109942e+29
8 5.8416660733e+12 1.54203301448e+29
8 5.8422391499e+12 1.54110447623e+29
8 5.8428122265e+12 1.54017548458e+29
8 5.8433853031e+12 1.53924603946e+29
8 5.84395837969e+12 1.53831614082e+29
8 5.84453145629e+12 1.53738578857e+29
8 5.84510453289e+12 1.53645498264e+29
8 5.84567760949e+12 1.53552372297e+29
8 5.84625068609e+12 1.53459200948e+29
8 5.84682376269e+12 1.53365984209e+29
8 5.84739683928e+12 1.53272722075e+29
8 5.84796991588e+12 1.53179414538e+29
8 5.84854299248e+12 1.5308606159e+29
8 5.84911606908e+12 1.52992663225e+29
8 5.84968914568e+12 1.52899219436e+29
8 5.85026222228e+12 1.52805730214e+29
8 5.85083529887e+12 1.52712195555e+29
8 5.85144208586e+12 1.62151427735e+29
8 5.85204887285e+12 1.62046094469e+29
8 5.85265565983e+12 1.61940707052e+29
8 5.85326244682e+12 1.61835265473e+29
8 5.85386923381e+12 1.61729769725e+29
8 5.85447602079e+12 1.61615247035e+29
8 5.85508280778e+12 1.61477548503e+29
8 5.85568959476e+12 1.61327874503e+29
8 5.85629638175e+12 1.61178123165e+29
8 5.85690316874e+12 1.61028299364e+29
8 5.85750995572e+12 1.6087840309e+29
8 5.85811674271e+12 1.60728434329e+29
8 5.8587235297e+12 1.60578393071e+29
8 5.85933031668e+12 1.60428279304e+29
8 5.85993710367e+12 1.60278093016e+29
8 5.86054389066e+12 1.60127834194e+29
8 5.86115067764e+12 1.59977502828e+29
8 5.86175746463e+12 1.59827098905e+29
8 5.86236425161e+12 1.59676622414e+29
8 5.8629710386e+12 1.59526073343e+29
8 5.86357782559e+12 1.5937545168e+29
8 5.86418461257e+12 1.59224757413e+29
8 5.86479139956e+12 1.59073990531e+29
8 5.86539818655e+12 1.58923151021e+29
8 5.86600497353e+12 1.58772238872e+29
8 5.86661176052e+12 1.58621254072e+29
8 5.86721854751e+12 1.5847019661e+29
8 5.86782533449e+12 1.58319066473e+29
8 5.86843212148e+12 1.58167863649e+29
8 5.86903890846e+12 1.58016751689e+29
8 5.86964569545e+12 1.57867041062e+29
8 5.87025248244e+12 1.57718758944e+29
8 5.87085926942e+12 1.57570590209e+29
8 5.87146605641e+12 1.57422350103e+29
8 5.8720728434e+12 1.57274038615e+29
8 5.87267963038e+12 1.57125655732e+29
8 5.87328641737e+12 1.56977201443e+29
8 5.87389320436e+12 1.56828675738e+29
8 5.87449999134e+12 1.56680078603e+29
8 5.87510677833e+12 1.56531410028e+29
8 5.87571356531e+12 1.56382670001e+29
8 5.8763203523e+12 1.5623385851e+29
8 5.87692713929e+12 1.56084975544e+29
8 5.87753392627e+12 1.5593602109e+29
8 5.87814071326e+12 1.55786995139e+29
8 5.87874750025e+12 1.55637897678e+29
8 5.87935428723e+12 1.55488728694e+29
8 5.87996107422e+12 1.55339488178e+29
8 5.88056786121e+12 1.55190176117e+29
8 5.88117464819e+12 1.550407925e+29
8 5.88178143518e+12 1.54891337314e+29
8 5.88238822216e+12 1.54741810549e+29
8 5.88299500915e+12 1.54592212193e+29
8 5.88360179614e+12 1.54442562616e+29
8 5.88420858312e+12 1.54293989563e+29
8 5.88481537011e+12 1.54147078512e+29
8 5.8854221571e+12 1.54000585414e+29
8 5.88602894408e+12 1.53854022066e+29
8 5.88663573107e+12 1.53707388456e+29
8 5.88724251806e+12 1.53560684573e+29
8 5.88784930504e+12 1.53413910405e+29
8 5.88845609203e+12 1.53267065942e+29
8 5.88906287901e+12 1.5312015117e+29
8 5.889669666e+12 1.52973166081e+29
8 5.89027645299e+12 1.52826110661e+29
8 5.89088323997e+12 1.526789849e+29
8 5.89152373735e+12 1.61495584828e+29
8 5.89216423472e+12 1.61330986328e+29
8 5.8928047321e+12 1.61166304801e+29
8 5.89344522947e+12 1.61001540233e+29
8 5.89408572685e+12 1.60836692611e+29
8 5.89472622422e+12 1.6067176192e+29
8 5.8953667216e+12 1.60506748147e+29
8 5.89600721897e+12 1.60341651276e+29
8 5.89664771634e+12 1.60176471294e+29
8 5.89728821372e+12 1.60011208187e+29
8 5.89792871109e+12 1.5984586194e+29
8 5.89856920847e+12 1.59667257083e+29
8 5.89920970584e+12 1.59439538144e+29
8 5.89985020322e+12 1.59177945445e+29
8 5.90049070059e+12 1.58915430505e+29
8 5.90113119797e+12 1.58652790318e+29
8 5.90177169534e+12 1.58390024863e+29
8 5.90241219271e+12 1.5812713412e+29
8 5.90305269009e+12 1.57864118066e+29
8 5.90369318746e+12 1.57600976682e+29
8 5.90433368484e+12 1.57337709946e+29
8 5.90497418221e+12 1.57074317837e+29
8 5.90561467959e+12 1.5681611151e+29
8 5.90625517696e+12 1.56604256882e+29
8 5.90689567434e+12 1.56439352264e+29
8 5.90753617171e+12 1.56280114184e+29
8 5.90817666909e+12 1.56120796005e+29
8 5.90881716646e+12 1.55961397713e+29
8 5.90945766383e+12 1.55801919295e+29
8 5.91009816121e+12 1.55642360737e+29
8 5.91073865858e+12 1.55482722026e+29
8 5.91137915596e+12 1.55323003147e+29
8 5.91201965333e+12 1.55163204088e+29
8 5.91266015071e+12 1.55003336504e+29
8 5.91330064808e+12 1.54856936499e+29
8 5.91394114546e+12 1.5473602869e+29
8 5.91458164283e+12 1.54624798037e+29
8 5.9152221402e+12 1.5451350831e+29
8 5.91586263758e+12 1.54402159498e+29
8 5.91650313495e+12 1.54290751593e+29
8 5.91714363233e+12 1.54179284582e+29
8 5.9177841297e+12 1.54067758456e+29
8 5.91842462708e+12 1.53956173206e+29
8 5.91906512445e+12 1.5384452882e+29
8 5.91970562183e+12 1.53732825289e+29
8 5.9203461192e+12 1.53621062602e+29
8 5.92098661658e+12 1.5350924075e+29
8 5.92162711395e+12 1.53397359721e+29
8 5.92226761132e+12 1.53285419507e+29
8 5.9229081087e+12 1.53173420096e+29
8 5.92354860607e+12 1.53061361478e+29
8 5.92418910345e+12 1.52949243644e+29
8 5.92482960082e+12 1.52837066583e+29
8 5.9254700982e+12 1.52724830285e+29
8 5.92614430596e+12 1.61084767449e+29
8 5.92681851372e+12 1.60959923581e+29
8 5.92749272148e+12 1.60829256945e+29
8 5.92816692925e+12 1.60673710087e+29
8 5.92884113701e+12 1.60499391822e+29
8 5.92951534477e+12 1.60324235751e+29
8 5.93018955253e+12 1.60148987558e+29
8 5.9308637603e+12 1.59973647227e+29
8 5.93153796806e+12 1.59798214741e+29
8 5.93221217582e+12 1.59622690085e+29
8 5.93288638359e+12 1.59447073241e+29
8 5.93356059135e+12 1.59271364194e+29
8 5.93423479911e+12 1.59095562926e+29
8 5.93490900687e+12 1.58919669422e+29
8 5.93558321464e+12 1.58743683665e+29
8 5.9362574224e+12 1.58567605638e+29
8 5.93693163016e+12 1.58391435326e+29
8 5.93760583792e+12 1.58215172711e+29
8 5.93828004569e+12 1.58038817778e+29
8 5.93895425345e+12 1.57862370509e+29
8 5.93962846121e+12 1.57685830889e+29
8 5.94030266897e+12 1.57509198901e+29
8 5.94097687674e+12 1.57332474529e+29
8 5.9416510845e+12 1.57155834188e+29
8 5.94232529226e+12 1.56980973107e+29
8 5.94299950002e+12 1.56808039437e+29
8 5.94367370779e+12 1.56635312121e+29
8 5.94434791555e+12 1.5646249432e+29
8 5.94502212331e+12 1.56289586017e+29
8 5.94569633108e+12 1.56116587197e+29
8 5.94637053884e+12 1.55943497843e+29
8 5.9470447466e+12 1.55770317939e+29
8 5.94771895436e+12 1.55597047469e+29
8 5.94839316213e+12 1.55423686418e+29
8 5.94906736989e+12 1.55250234768e+29
8 5.94974157765e+12 1.55076692504e+29
8 5.95041578541e+12 1.5490305961e+29
8 5.95108999318e+12 1.5472933607e+29
8 5.95176420094e+12 1.54555521867e+29
8 5.9524384087e+12 1.54381616986e+29
8 5.95311261646e+12 1.5420762141e+29
8 5.95378682423e+12 1.54033535124e+29
8 5.95446103199e+12 1.53859358111e+29
8 5.95513523975e+12 1.53685090355e+29
8 5.95580944751e+12 1.53510811495e+29
8 5.95648365528e+12 1.53338110358e+29
8 5.95715786304e+12 1.53167455723e+29
8 5.9578320708e+12 1.5299717463e+29
8 5.95850627857e+12 1.52826804684e+29
8 5.95921419672e+12 1.60681914893e+29
8 5.95992211487e+12 1.60493407431e+29
8 5.96063003302e+12 1.60304796794e+29
8 5.96133795117e+12 1.60116082963e+29
8 5.96204586932e+12 1.59927265919e+29
8 5.96275378747e+12 1.59738345643e+29
8 5.96346170562e+12 1.59549322115e+29
8 5.96416962377e+12 1.59360195317e+29
8 5.96487754192e+12 1.59170965229e+29
8 5.96558546007e+12 1.58981631832e+29
8 5.96629337822e+12 1.58792195106e+29
8 5.96700129637e+12 1.58602655033e+29
8 5.96770921453e+12 1.58413011594e+29
8 5.96841713268e+12 1.58223264769e+29
8 5.96912505083e+12 1.58033414538e+29
8 5.96983296898e+12 1.57843033704e+29
8 5.97054088713e+12 1.57617290501e+29
8 5.97124880528e+12 1.57335352252e+29
8 5.97195672343e+12 1.57035636586e+29
8 5.97266464158e+12 1.56735765529e+29
8 5.97337255973e+12 1.56435739052e+29
8 5.97408047788e+12 1.56135557127e+29
8 5.97478839603e+12 1.55835219725e+29
8 5.97549631418e+12 1.55534726818e+29
8 5.97620423233e+12 1.55234078378e+29
8 5.97691215049e+12 1.54935276079e+29
8 5.97762006864e+12 1.54681327559e+29
8 5.97832798679e+12 1.54485830503e+29
8 5.97903590494e+12 1.54303474088e+29
8 5.97974382309e+12 1.54121018306e+29
8 5.98045174124e+12 1.53938463139e+29
8 5.98115965939e+12 1.53755808569e+29
8 5.98186757754e+12 1.53573054576e+29
8 5.98257549569e+12 1.53390201142e+29
8 5.98328341384e+12 1.5320724825e+29
8 5.98399133199e+12 1.53025241471e+29
8 5.98469925014e+12 1.52864442129e+29
8 5.98540716829e+12 1.52730767094e+29
8 5.98614879683e+12 1.60226683773e+29
8 5.98689042537e+12 1.60085978826e+29
8 5.98763205391e+12 1.59945189399e+29
8 5.98837368245e+12 1.59804315474e+29
8 5.98911531099e+12 1.59663357037e+29
8 5.98985693953e+12 1.59522314069e+29
8 5.99059856807e+12 1.59381186555e+29
8 5.99134019661e+12 1.59239974477e+29
8 5.99208182514e+12 1.5909867782e+29
8 5.99282345368e+12 1.58957296566e+29
8 5.99356508222e+12 1.58815830698e+29
8 5.99430671076e+12 1.58674280201e+29
8 5.9950483393e+12 1.58532645058e+29
8 5.99578996784e+12 1.58390925252e+29
8 5.99653159638e+12 1.58249120766e+29
8 5.99727322492e+12 1.58107231584e+29
8 5.99801485346e+12 1.57963091759e+29
8 5.99875648199e+12 1.5779520402e+29
8 5.99949811053e+12 1.57601343128e+29
8 6.00023973907e+12 1.57403361466e+29
8 6.00098136761e+12 1.57205267467e+29
8 6.00172299615e+12 1.57007061107e+29
8 6.00246462469e+12 1.56808742365e+29
8 6.00320625323e+12 1.56610311221e+29
8 6.00394788177e+12 1.5641176765e+29
8 6.00468951031e+12 1.56213111633e+29
8 6.00543113884e+12 1.56014343148e+29
8 6.00617276738e+12 1.55815462172e+29
8 6.00691439592e+12 1.55616468684e+29
8 6.00765602446e+12 1.55417362662e+29
8 6.008397653e+12 1.55218144085e+29
8 6.00913928154e+12 1.5501881293e+29
8 6.00988091008e+12 1.54819369177e+29
8 6.01062253862e+12 1.54619812803e+29
8 6.01136416716e+12 1.54420143787e+29
8 6.01210579569e+12 1.54221005166e+29
8 6.01284742423e+12 1.54024353883e+29
8 6.01358905277e+12 1.53829500255e+29
8 6.01433068131e+12 1.53634603712e+29
8 6.01507230985e+12 1.53439596995e+29
8 6.01581393839e+12 1.5324448008e+29
8 6.01655556693e+12 1.53049252948e+29
8 6.01729719547e+12 1.52853915577e+29
8 6.01807253439e+12 1.59918607314e+29
8 6.01884787332e+12 1.59704416602e+29
8 6.01962321225e+12 1.59490099588e+29
8 6.02039855117e+12 1.59275656247e+29
8 6.0211738901e+12 1.59061086554e+29
8 6.02194922903e+12 1.58846390484e+29
8 6.02272456796e+12 1.58631568011e+29
8 6.02349990688e+12 1.5841661911e+29
8 6.02427524581e+12 1.58201543754e+29
8 6.02505058474e+12 1.5798634192e+29
8 6.02582592366e+12 1.57771605202e+29
8 6.02660126259e+12 1.57559518436e+29
8 6.02737660152e+12 1.57349521235e+29
8 6.02815194044e+12 1.57139519972e+29
8 6.02892727937e+12 1.56929395039e+29
8 6.0297026183e+12 1.56719146409e+29
8 6.03047795723e+12 1.56508774058e+29
8 6.03125329615e+12 1.56298277962e+29
8 6.03202863508e+12 1.56087658094e+29
8 6.03280397401e+12 1.55876914432e+29
8 6.03357931293e+12 1.55666046949e+29
8 6.03435465186e+12 1.55455055621e+29
8 6.03512999079e+12 1.55243940423e+29
8 6.03590532971e+12 1.5503270133e+29
8 6.03668066864e+12 1.54821338317e+29
8 6.03745600757e+12 1.5460985136e+29
8 6.0382313465e+12 1.54398240433e+29
8 6.03900668542e+12 1.54186505512e+29
8 6.03978202435e+12 1.53944163439e+29
8 6.04055736328e+12 1.53638940908e+29
8 6.0413327022e+12 1.53306419651e+29
8 6.04210804113e+12 1.52973712492e+29
8 6.04291709045e+12 1.59563899788e+29
8 6.04372613976e+12 1.59200527568e+29
8 6.04453518908e+12 1.588369436e+29
8 6.04534423839e+12 1.5847314784e+29
8 6.04615328771e+12 1.58118969709e+29
8 6.04696233702e+12 1.57830473869e+29
8 6.04777138634e+12 1.57603304252e+29
8 6.04858043565e+12 1.57382109627e+29
8 6.04938948497e+12 1.57160779725e+29
8 6.05019853428e+12 1.56939314516e+29
8 6.0510075836e+12 1.56717713971e+29
8 6.05181663291e+12 1.56495978064e+29
8 6.05262568223e+12 1.56274183209e+29
8 6.05343473154e+12 1.56071882775e+29
8 6.05424378086e+12 1.55903958884e+29
8 6.05505283017e+12 1.55748588751e+29
8 6.05586187949e+12 1.55593118868e+29
8 6.0566709288e+12 1.55437549214e+29
8 6.05747997812e+12 1.55281879767e+29
8 6.05828902743e+12 1.55126110506e+29
8 6.05909807675e+12 1.5497024141e+29
8 6.05990712606e+12 1.54814272459e+29
8 6.06071617538e+12 1.5465820363e+29
8 6.06152522469e+12 1.54502034904e+29
8 6.06233427401e+12 1.54345766258e+29
8 6.06314332332e+12 1.54189397672e+29
8 6.06395237264e+12 1.54032929124e+29
8 6.06476142196e+12 1.53876360594e+29
8 6.06557047127e+12 1.5371969206e+29
8 6.06637952059e+12 1.5356059185e+29
8 6.0671885699e+12 1.53375818547e+29
8 6.06799761922e+12 1.53162841743e+29
8 6.06880666853e+12 1.52945273877e+29
8 6.06961571785e+12 1.52727573648e+29
8 6.07045847755e+12 1.59131123472e+29
8 6.07130123725e+12 1.58894195953e+29
8 6.07214399696e+12 1.58657118471e+29
8 6.07298675666e+12 1.58419890992e+29
8 6.07382951636e+12 1.58182513483e+29
8 6.07467227607e+12 1.57944985913e+29
8 6.07551503577e+12 1.57707308248e+29
8 6.07635779547e+12 1.57469480456e+29
8 6.07720055518e+12 1.57231502505e+29
8 6.07804331488e+12 1.56993374362e+29
8 6.07888607458e+12 1.56755095995e+29
8 6.07972883429e+12 1.5651687374e+29
8 6.08057159399e+12 1.56281196487e+29
8 6.08141435369e+12 1.56048482e+29
8 6.0822571134e+12 1.55816182652e+29
8 6.0830998731e+12 1.55583736564e+29
8 6.0839426328e+12 1.55351143702e+29
8 6.08478539251e+12 1.55118404037e+29
8 6.08562815221e+12 1.54885517536e+29
8 6.08647091191e+12 1.54652484168e+29
8 6.08731367162e+12 1.544193039e+29
8 6.08815643132e+12 1.54185976702e+29
8 6.08899919102e+12 1.5395250254e+29
8 6.08984195073e+12 1.53718881384e+29
8 6.09068471043e+12 1.53485113202e+29
8 6.09152747013e+12 1.53251197962e+29
8 6.09237022983e+12 1.53017135632e+29
8 6.09321298954e+12 1.52783448001e+29
8 6.09408945963e+12 1.58899502945e+29
8 6.09496592972e+12 1.58652239966e+29
8 6.09584239981e+12 1.58405037361e+29
8 6.0967188699e+12 1.58157672888e+29
8 6.09759534e+12 1.57910146509e+29
8 6.09847181009e+12 1.5766245819e+29
8 6.09934828018e+12 1.57414607892e+29
8 6.10022475027e+12 1.57166595581e+29
8 6.10110122036e+12 1.56918421219e+29
8 6.10197769045e+12 1.5667008477e+29
8 6.10285416054e+12 1.56421586199e+29
8 6.10373063064e+12 1.56172925468e+29
8 6.10460710073e+12 1.55924102542e+29
8 6.10548357082e+12 1.55675117384e+29
8 6.10636004091e+12 1.55416963102e+29
8 6.107236511e+12 1.55094903029e+29
8 6.10811298109e+12 1.54711711279e+29
8 6.10898945118e+12 1.54321683002e+29
8 6.10986592128e+12 1.53931411762e+29
8 6.11074239137e+12 1.53540897504e+29
8 6.11161886146e+12 1.53150140175e+29
8 6.11249533155e+12 1.52759277754e+29
8 6.11340551203e+12 1.58498336134e+29
8 6.11431569251e+12 1.58211426238e+29
8 6.11522587299e+12 1.57954215693e+29
8 6.11613605347e+12 1.5769683097e+29
8 6.11704623395e+12 1.57439272026e+29
8 6.11795641443e+12 1.57181538823e+29
8 6.11886659491e+12 1.5692363132e+29
8 6.11977677539e+12 1.5667979818e+29
8 6.12068695587e+12 1.56475414607e+29
8 6.12159713634e+12 1.56294118276e+29
8 6.12250731682e+12 1.56112833756e+29
8 6.1234174973e+12 1.55931420697e+29
8 6.12432767778e+12 1.55749879068e+29
8 6.12523785826e+12 1.55568208839e+29
8 6.12614803874e+12 1.55386409979e+29
8 6.12705821922e+12 1.55204482459e+29
8 6.1279683997e+12 1.55022426248e+29
8 6.12887858018e+12 1.54840241315e+29
8 6.12978876066e+12 1.54657927632e+29
8 6.13069894114e+12 1.54475485167e+29
8 6.13160912162e+12 1.5429291389e+29
8 6.1325193021e+12 1.54105048124e+29
8 6.13342948258e+12 1.53884730762e+29
8 6.13433966306e+12 1.53634688957e+29
8 6.13524984354e+12 1.53381685906e+29
8 6.13616002402e+12 1.53128512414e+29
8 6.1370702045e+12 1.52875168443e+29
8 6.13801409536e+12 1.58481961461e+29
8 6.13895798623e+12 1.5820875197e+29
8 6.1399018771e+12 1.5793535195e+29
8 6.14084576797e+12 1.57661761356e+29
8 6.14178965884e+12 1.57387980142e+29
8 6.1427335497e+12 1.57114008262e+29
8 6.14367744057e+12 1.5683984567e+29
8 6.14462133144e+12 1.56565492321e+29
8 6.14556522231e+12 1.56291824945e+29
8 6.14650911317e+12 1.56021622477e+29
8 6.14745300404e+12 1.55754018946e+29
8 6.14839689491e+12 1.55486353324e+29
8 6.14934078578e+12 1.55218501291e+29
8 6.15028467664e+12 1.54950462802e+29
8 6.15122856751e+12 1.54682237812e+29
8 6.15217245838e+12 1.54413826278e+29
8 6.15311634925e+12 1.54145228153e+29
8 6.15406024012e+12 1.53876443393e+29
8 6.15500413098e+12 1.53607471955e+29
8 6.15594802185e+12 1.53338313793e+29
8 6.15689191272e+12 1.53068968862e+29
8 6.15783580359e+12 1.52799448913e+29
8 6.15881340484e+12 1.58171471537e+29
8 6.1597910061e+12 1.57888030738e+29
8 6.16076860735e+12 1.5760575388e+29
8 6.16174620861e+12 1.57323273978e+29
8 6.16272380986e+12 1.57040590979e+29
8 6.16370141112e+12 1.56757704835e+29
8 6.16467901238e+12 1.56474615495e+29
8 6.16565661363e+12 1.56191322909e+29
8 6.16663421489e+12 1.55907827027e+29
8 6.16761181614e+12 1.55624127797e+29
8 6.1685894174e+12 1.55340225171e+29
8 6.16956701866e+12 1.55056119098e+29
8 6.17054461991e+12 1.54771822821e+29
8 6.17152222117e+12 1.54489610625e+29
8 6.17249982242e+12 1.54211111933e+29
8 6.17347742368e+12 1.5393384396e+29
8 6.17445502493e+12 1.53656377136e+29
8 6.17543262619e+12 1.5337871141e+29
8 6.17641022745e+12 1.53100846735e+29
8 6.1773878287e+12 1.5282278306e+29
8 6.17839914035e+12 1.57982594959e+29
8 6.17941045199e+12 1.57684231973e+29
8 6.18042176363e+12 1.57385648255e+29
8 6.18143307528e+12 1.57086843748e+29
8 6.18244438692e+12 1.56787818396e+29
8 6.18345569857e+12 1.56488867798e+29
8 6.18446701021e+12 1.56193014767e+29
8 6.18547832185e+12 1.55900644747e+29
8 6.1864896335e+12 1.556086895e+29
8 6.18750094514e+12 1.55316518327e+29
8 6.18851225679e+12 1.55024131173e+29
8 6.18952356843e+12 1.54731527982e+29
8 6.19053488007e+12 1.54438708699e+29
8 6.19154619172e+12 1.5414567327e+29
8 6.19255750336e+12 1.5385242164e+29
8 6.19356881501e+12 1.53558953753e+29
8 6.19458012665e+12 1.53265269554e+29
8 6.19559143829e+12 1.52971368989e+29
8 6.19660274994e+12 1.52679137816e+29
8 6.19764777197e+12 1.57635605834e+29
8 6.198692794e+12 1.5732892144e+29
8 6.19973781603e+12 1.57022003324e+29
8 6.20078283807e+12 1.56714851424e+29
8 6.2018278601e+12 1.56407465679e+29
8 6.20287288213e+12 1.56099846028e+29
8 6.20391790416e+12 1.5579199241e+29
8 6.20496292619e+12 1.55483904762e+29
8 6.20600794823e+12 1.55175583024e+29
8 6.20705297026e+12 1.54867027134e+29
8 6.20809799229e+12 1.54558246038e+29
8 6.20914301432e+12 1.54251520115e+29
8 6.21018803635e+12 1.53948587677e+29
8 6.21123305839e+12 1.53646958159e+29
8 6.21227808042e+12 1.53345099473e+29
8 6.21332310245e+12 1.5304301156e+29
8 6.21436812448e+12 1.52740694359e+29
8 6.2154468569e+12 1.57509328065e+29
8 6.21652558932e+12 1.57186355202e+29
8 6.21760432174e+12 1.56863129674e+29
8 6.21868305416e+12 1.56539651413e+29
8 6.21976178658e+12 1.56215920349e+29
8 6.220840519e+12 1.55892374418e+29
8 6.22191925142e+12 1.55572114266e+29
8 6.22299798384e+12 1.55255181291e+29
8 6.22407671626e+12 1.54938472892e+29
8 6.22515544868e+12 1.54621516917e+29
8 6.2262341811e+12 1.54304313302e+29
8 6.22731291352e+12 1.53986861978e+29
8 6.22839164594e+12 1.5366916288e+29
8 6.22947037837e+12 1.53351215939e+29
8 6.23054911079e+12 1.53033021091e+29
8 6.23162784321e+12 1.52714578267e+29
8 6.23274028601e+12 1.57301650023e+29
8 6.23385272882e+12 1.5696489872e+29
8 6.23496517163e+12 1.56631985643e+29
8 6.23607761444e+12 1.56300086454e+29
8 6.23719005725e+12 1.55967920498e+29
8 6.23830250006e+12 1.556354877e+29
8 6.23941494286e+12 1.55302787987e+29
8 6.24052738567e+12 1.54969821284e+29
8 6.24163982848e+12 1.54636587517e+29
8 6.24275227129e+12 1.54303086613e+29
8 6.2438647141e+12 1.53969318498e+29
8 6.24497715691e+12 1.53635391905e+29
8 6.24608959971e+12 1.53304033288e+29
8 6.24720204252e+12 1.52976256842e+29
8 6.24834819572e+12 1.57409283785e+29
8 6.24949434892e+12 1.57061518547e+29
8 6.25064050211e+12 1.56713466386e+29
8 6.25178665531e+12 1.56365127219e+29
8 6.2529328085e+12 1.56016500965e+29
8 6.2540789617e+12 1.55667587542e+29
8 6.2552251149e+12 1.55318386869e+29
8 6.25637126809e+12 1.54968898862e+29
8 6.25751742129e+12 1.54620051867e+29
8 6.25866357449e+12 1.54274783496e+29
8 6.25980972768e+12 1.53932214459e+29
8 6.26095588088e+12 1.53589507844e+29
8 6.26210203408e+12 1.53246519292e+29
8 6.26324818727e+12 1.52903248724e+29
8 6.26442805086e+12 1.57172299257e+29
8 6.26560791444e+12 1.56807612733e+29
8 6.26678777803e+12 1.56442618037e+29
8 6.26796764161e+12 1.56077315076e+29
8 6.2691475052e+12 1.55712038776e+29
8 6.27032736878e+12 1.55349866066e+29
8 6.27150723236e+12 1.54991108567e+29
8 6.27268709595e+12 1.54632656926e+29
8 6.27386695953e+12 1.54273902651e+29
8 6.27504682312e+12 1.53914845655e+29
8 6.2762266867e+12 1.53555485848e+29
8 6.27740655029e+12 1.53195823142e+29
8 6.27858641387e+12 1.5283585745e+29
8 6.27979998785e+12 1.56949561163e+29
8 6.28101356182e+12 1.56568132098e+29
8 6.28222713579e+12 1.56189894156e+29
8 6.28344070976e+12 1.55815101955e+29
8 6.28465428374e+12 1.55440577403e+29
8 6.28586785771e+12 1.55065728664e+29
8 6.28708143168e+12 1.54690555639e+29
8 6.28829500565e+12 1.54315058231e+29
8 6.28950857963e+12 1.53939236344e+29
8 6.2907221536e+12 1.5356308988e+29
8 6.29193572757e+12 1.53186618741e+29
8 6.29314930155e+12 1.528108686e+29
8 6.29439658591e+12 1.56783567414e+29
8 6.29564387027e+12 1.56392876427e+29
8 6.29689115463e+12 1.56001948444e+29
8 6.29813843899e+12 1.55610673857e+29
8 6.29938572335e+12 1.5521905256e+29
8 6.30063300771e+12 1.54827084447e+29
8 6.30188029207e+12 1.54434769411e+29
8 6.30312757643e+12 1.54042107345e+29
8 6.30437486079e+12 1.53649363803e+29
8 6.30562214515e+12 1.53259603757e+29
8 6.30686942951e+12 1.52873348064e+29
8 6.30815042426e+12 1.56712519849e+29
8 6.30943141901e+12 1.56304843084e+29
8 6.31071241376e+12 1.55896796428e+29
8 6.31199340851e+12 1.55488379766e+29
8 6.31327440326e+12 1.5507959298e+29
8 6.31455539801e+12 1.54670435954e+29
8 6.31583639276e+12 1.54261068465e+29
8 6.31711738751e+12 1.53854491427e+29
8 6.31839838226e+12 1.53451617016e+29
8 6.319679377e+12 1.53049356535e+29
8 6.32099408214e+12 1.56761429343e+29
8 6.32230878728e+12 1.56336642359e+29
8 6.32362349242e+12 1.55911461314e+29
8 6.32493819755e+12 1.55485886082e+29
8 6.32625290269e+12 1.55059916534e+29
8 6.32756760783e+12 1.54634034796e+29
8 6.32888231296e+12 1.54211540126e+29
8 6.3301970181e+12 1.53792466527e+29
8 6.33151172324e+12 1.53373514114e+29
8 6.33282642838e+12 1.52954173887e+29
8 6.3341748439e+12 1.56537456007e+29
8 6.33552325943e+12 1.56095212683e+29
8 6.33687167495e+12 1.55652550254e+29
8 6.33822009048e+12 1.55209468583e+29
8 6.339568506e+12 1.54767882701e+29
8 6.34091692153e+12 1.5433039481e+29
8 6.34226533705e+12 1.53894893994e+29
8 6.34361375258e+12 1.53458982863e+29
8 6.3449621681e+12 1.53022659318e+29
8 6.34634429402e+12 1.56487175525e+29
8 6.34772641993e+12 1.56027592585e+29
8 6.34910854584e+12 1.55567564795e+29
8 6.35049067176e+12 1.55108028988e+29
8 6.35187279767e+12 1.54652417949e+29
8 6.35325492358e+12 1.54199966169e+29
8 6.3546370495e+12 1.53747314566e+29
8 6.35601917541e+12 1.53294225326e+29
8 6.35740130132e+12 1.52840698302e+29
8 6.35881713763e+12 1.56185043341e+29
8 6.36023297393e+12 1.55707903322e+29
8 6.36164881023e+12 1.55231132719e+29
8 6.36306464653e+12 1.54758359967e+29
8 6.36448048283e+12 1.54289023494e+29
8 6.36589631913e+12 1.53819550149e+29
8 6.36731215543e+12 1.53349613281e+29
8 6.36872799174e+12 1.52879212731e+29
8 6.37017753843e+12 1.56114131108e+29
8 6.37162708511e+12 1.55619793698e+29
8 6.3730766318e+12 1.55126548843e+29
8 6.37452617849e+12 1.54637816898e+29
8 6.37597572518e+12 1.54151934338e+29
8 6.37742527187e+12 1.5366563189e+29
8 6.37887481856e+12 1.53178839451e+29
8 6.38032436525e+12 1.52691556848e+29
8 6.38180762233e+12 1.55816060062e+29
8 6.38329087941e+12 1.55304656249e+29
8 6.38477413649e+12 1.54796456796e+29
8 6.38625739356e+12 1.54292919147e+29
8 6.38774065064e+12 1.53790319434e+29
8 6.38922390772e+12 1.53287202903e+29
8 6.3907071648e+12 1.52783569368e+29
8 6.39222413226e+12 1.5580906592e+29
8 6.39374109973e+12 1.55280906422e+29
8 6.3952580672e+12 1.54754379048e+29
8 6.39677503466e+12 1.54232854847e+29
8 6.39829200213e+12 1.53713965949e+29
8 6.39980896959e+12 1.53194546971e+29
8 6.40135964745e+12 1.56132632755e+29
8 6.4029103253e+12 1.55588446376e+29
8 6.40446100315e+12 1.55043677786e+29
8 6.40601168101e+12 1.54500136895e+29
8 6.40756235886e+12 1.53961676084e+29
8 6.40911303672e+12 1.53426412666e+29
8 6.41066371457e+12 1.52890656564e+29
8 6.41224810281e+12 1.55728050763e+29
8 6.41383249106e+12 1.55167268012e+29
8 6.4154168793e+12 1.5460587403e+29
8 6.41700126754e+12 1.54046291489e+29
8 6.41858565578e+12 1.53492036611e+29
8 6.42017004402e+12 1.52940487522e+29
8 6.42178814265e+12 1.55689123365e+29
8 6.42340624128e+12 1.5511232998e+29
8 6.42502433992e+12 1.54534896019e+29
8 6.42664243855e+12 1.53956973662e+29
8 6.42826053718e+12 1.53382707208e+29
8 6.42987863581e+12 1.52813747473e+29
8 6.43153044482e+12 1.55473002171e+29
8 6.43318225384e+12 1.54880234805e+29
8 6.43483406286e+12 1.54286797021e+29
8 6.43648587188e+12 1.53692688552e+29
8 6.4381376809e+12 1.53099660879e+29
8 6.4398232003e+12 1.55677305305e+29
8 6.44150871971e+12 1.55069201197e+29
8 6.44319423912e+12 1.54460548221e+29
8 6.44487975852e+12 1.53851194566e+29
8 6.44656527793e+12 1.53241139949e+29
8 6.44828450773e+12 1.55733657489e+29
8 6.45000373752e+12 1.55104086438e+29
8 6.45172296732e+12 1.54479695922e+29
8 6.45344219711e+12 1.53855323837e+29
8 6.4551614269e+12 1.532302205e+29
8 6.45691436709e+12 1.55643944329e+29
8 6.45866730727e+12 1.54992958144e+29
8 6.46042024745e+12 1.54347214976e+29
8 6.46217318764e+12 1.53707096731e+29
8 6.46392612782e+12 1.53067229118e+29
8 6.46571277839e+12 1.5540278238e+29
8 6.46749942896e+12 1.54736214841e+29
8 6.46928607953e+12 1.54069938764e+29
8 6.4710727301e+12 1.53409543823e+29
8 6.47285938067e+12 1.52754560105e+29
8 6.47467974163e+12 1.55011818858e+29
8 6.47650010259e+12 1.54330655861e+29
8 6.47832046355e+12 1.53648653411e+29
8 6.48014082451e+12 1.52968424175e+29
8 6.48199489586e+12 1.55155853563e+29
8 6.4838489672e+12 1.54461213727e+29
8 6.48570303855e+12 1.53765781555e+29
8 6.4875571099e+12 1.53069478271e+29
8 6.48944489163e+12 1.55181475316e+29
8 6.49133267337e+12 1.54464263919e+29
8 6.4932204551e+12 1.53754000295e+29
8 6.49510823684e+12 1.53044647655e+29
8 6.49702972896e+12 1.55091180936e+29
8 6.49895122109e+12 1.54354136926e+29
8 6.50087271321e+12 1.53620005053e+29
8 6.50279420533e+12 1.52893545634e+29
8 6.50474940785e+12 1.54875034065e+29
8 6.50670461036e+12 1.54125302502e+29
8 6.50865981287e+12 1.53374585693e+29
8 6.51064872577e+12 1.55289945663e+29
8 6.51263763867e+12 1.54522439651e+29
8 6.51462655157e+12 1.53760201004e+29
8 6.51661546447e+12 1.52997137133e+29
8 6.51863808776e+12 1.54844574863e+29
8 6.52066071104e+12 1.5405559072e+29
8 6.52268333433e+12 1.53274573053e+29
8 6.52473966801e+12 1.55070679761e+29
8 6.52679600168e+12 1.54268071379e+29
8 6.52885233536e+12 1.53464358937e+29
8 6.53094237942e+12 1.55194185396e+29
8 6.53303242349e+12 1.54374824999e+29
8 6.53512246755e+12 1.53560070659e+29
8 6.53721251162e+12 1.52744220795e+29
8 6.53933626607e+12 1.54404548856e+29
8 6.54146002052e+12 1.53566008694e+29
8 6.54358377497e+12 1.52735990165e+29
8 6.54574123981e+12 1.54344848572e+29
8 6.54789870465e+12 1.53489001367e+29
8 6.55008987988e+12 1.55042791191e+29
8 6.55228105511e+12 1.5416839535e+29
8 6.55447223034e+12 1.53301101134e+29
8 6.55669711596e+12 1.54801505618e+29
8 6.55892200157e+12 1.53905394072e+29
8 6.56114688719e+12 1.53014762661e+29
8 6.56340548319e+12 1.54460175933e+29
8 6.5656640792e+12 1.53553705622e+29
8 6.56795638559e+12 1.54944922159e+29
8 6.57024869198e+12 1.5401248299e+29
8 6.57254099838e+12 1.53089753382e+29
8 6.57486701516e+12 1.54429722355e+29
8 6.57719303194e+12 1.53483370097e+29
8 6.57955275911e+12 1.547679549e+29
8 6.58191248628e+12 1.53805368656e+29
8 6.58427221345e+12 1.52849724035e+29
8 6.586665651e+12 1.54080393661e+29
8 6.58905908856e+12 1.53097278271e+29
8 6.59148623651e+12 1.54283630136e+29
8 6.59391338445e+12 1.5329036033e+29
8 6.59637424279e+12 1.54426941071e+29
8 6.59883510112e+12 1.53407013416e+29
8 6.60132966984e+12 1.54500599245e+29
8 6.60382423856e+12 1.53470186636e+29
8 6.60635251767e+12 1.5451230667e+29
8 6.60888079678e+12 1.53457526787e+29
8 6.61144278628e+12 1.54459703779e+29
8 6.61400477578e+12 1.53392037568e+29
8 6.61660047567e+12 1.54340367511e+29
8 6.61919617555e+12 1.53252754395e+29
8 6.62182558583e+12 1.541637442e+29
8 6.6244549961e+12 1.53058592375e+29
8 6.62711811676e+12 1.53915769249e+29
8 6.62978123742e+12 1.5279700982e+29
8 6.63247806848e+12 1.53615078178e+29
8 6.63520860991e+12 1.54389229515e+29
8 6.63793915135e+12 1.53228819439e+29
8 6.64070340318e+12 1.53965618246e+29
8 6.64346765501e+12 1.52787068591e+29
8 6.64626561722e+12 1.53472445316e+29
8 6.64909728982e+12 1.54126346592e+29
8 6.65192896243e+12 1.52911714411e+29
8 6.65479434542e+12 1.53514024914e+29
8 6.6576934388e+12 1.54084957093e+29
8 6.66059253218e+12 1.52834433887e+29
8 6.66352533594e+12 1.53355157459e+29
8 6.6664918501e+12 1.5384451725e+29
8 6.66949207464e+12 1.54297274232e+29
8 6.67249229919e+12 1.5298463637e+29
8 6.67552623412e+12 1.53394532369e+29
8 6.67859387944e+12 1.53768168938e+29
8 6.68169523515e+12 1.5410138015e+29
8 6.68479659086e+12 1.52740781058e+29
8 6.68793165695e+12 1.53036355633e+29
8 6.69110043344e+12 1.53294328959e+29
8 6.69430292031e+12 1.53522486937e+29
8 6.69753911757e+12 1.53711075962e+29
8 6.70080902522e+12 1.53865761848e+29
8 6.70411264325e+12 1.5398930441e+29
8 6.70744997168e+12 1.54072489984e+29
8 6.71082101049e+12 1.54124724109e+29
8 6.71422575969e+12 1.54141822803e+29
8 6.71766421928e+12 1.54122627082e+29
8 6.72113638926e+12 1.54072688374e+29
8 6.72464226963e+12 1.53984045975e+29
8 6.72818186038e+12 1.53864111014e+29
8 6.73175516152e+12 1.53709400735e+29
8 6.73536217305e+12 1.53520330638e+29
8 6.73900289497e+12 1.53299565963e+29
8 6.74267732728e+12 1.53042579987e+29
8 6.74638546997e+12 1.52755059357e+29
8 6.75016103344e+12 1.53659991806e+29
8 6.7539703073e+12 1.5281597077e+29
8 6.75784700194e+12 1.53640324137e+29
8 6.76175740696e+12 1.53590321385e+29
8 6.76570152237e+12 1.53318707733e+29
8 6.76967934817e+12 1.52800054285e+29
8 6.77372459475e+12 1.53502407927e+29
8 6.77780355171e+12 1.52870402149e+29
8 6.78194992945e+12 1.53452855574e+29
8 6.78613001758e+12 1.5273457832e+29
8 6.79037752648e+12 1.53199306875e+29
8 6.79469245616e+12 1.53589850354e+29
8 6.79904109623e+12 1.52727698415e+29
8 6.80345715708e+12 1.53001154826e+29
8 6.8079406387e+12 1.53197638538e+29
8 6.8124915411e+12 1.53320675181e+29
8 6.81710986427e+12 1.53366499953e+29
8 6.82179560822e+12 1.53337930487e+29
8 6.82654877295e+12 1.53235093865e+29
8 6.83136935845e+12 1.53056638639e+29
8 6.83625736473e+12 1.52808403315e+29
8 6.84124650217e+12 1.53514997987e+29
8 6.84630306039e+12 1.53088945261e+29
8 6.85146074978e+12 1.53591151108e+29
8 6.85668585994e+12 1.52997535535e+29
8 6.86201210126e+12 1.53297454652e+29
8 6.86743947375e+12 1.53486338367e+29
8 6.8729679774e+12 1.53564645018e+29
8 6.87859761222e+12 1.53531450551e+29
8 6.8843283782e+12 1.53388241793e+29
8 6.89016027535e+12 1.53136137675e+29
8 6.89609330366e+12 1.52773397667e+29
8 6.90216117353e+12 1.53137154926e+29
8 6.90836388494e+12 1.53336449367e+29
8 6.91470143791e+12 1.53373163728e+29
8 6.92117383243e+12 1.53251276822e+29
8 6.92778106851e+12 1.52975897787e+29
8 6.93455685652e+12 1.53301391161e+29
8 6.94146748609e+12 1.52699334228e+29
8 6.94858037798e+12 1.53384337144e+29
8 6.95586182182e+12 1.53132075046e+29
8 6.9633118176e+12 1.52693804162e+29
8 6.9709640757e+12 1.52728227953e+29
8 6.97885230652e+12 1.53161247811e+29
8 6.98697651006e+12 1.5329830984e+29
8 6.99533668632e+12 1.53143126083e+29
8 7.00393283529e+12 1.52704255757e+29
8 7.01283237776e+12 1.53129390237e+29
8 7.02203531372e+12 1.53197462504e+29
8 7.03154164317e+12 1.52919857153e+29
8 7.04138507651e+12 1.52806835831e+29
8 7.05159932411e+12 1.52784655721e+29
8 7.06221809637e+12 1.52788767982e+29
8 7.07327510368e+12 1.52770294784e+29
8 7.08480405642e+12 1.52700606204e+29
8 7.09687237537e+12 1.52982948143e+29
8 7.10948006053e+12 1.52766916998e+29
8 7.12269453268e+12 1.52921380789e+29
8 7.13651579182e+12 1.52858801996e+29
8 7.15091012755e+12 1.52952713969e+29
8 7.16547301522e+12 1.52827612973e+29
8 7.17936169513e+12 1.52857586379e+29
8 7.1930818231e+12 1.53009398355e+29
8 7.20828520815e+12 1.5274804196e+29
8 7.22679221123e+12 1.52809631738e+29
