## fname ../data/sample_MESA_output/profile_wd3_1Msolar.data  masscut 0.95    N 8   mp (Ms) 1e-07   mp (g) 1.988e+26   RKstep 9.000e+03
#N    (ru+rl)/2 (cm)    M(g) contained in shell ru-rl   internal energy E (unlog)...ergs?
8 204785748.628 1.67312956645e+29 1.49898202253e+17
8 204808248.628 1.67237121802e+29 1.49844577576e+17
8 204830748.628 1.67161241514e+29 1.49790952898e+17
8 204853248.628 1.67085315772e+29 1.49737328221e+17
8 204875748.628 1.67009344567e+29 1.49683703544e+17
8 204898248.628 1.66933327892e+29 1.49630078866e+17
8 204920748.628 1.66857265738e+29 1.49576454189e+17
8 204943248.628 1.66781158097e+29 1.49522829512e+17
8 204965748.628 1.66705004961e+29 1.49469204834e+17
8 204988248.628 1.66628806322e+29 1.49415580157e+17
8 205010748.628 1.66552562172e+29 1.4936195548e+17
8 205033248.628 1.66476272503e+29 1.49308330802e+17
8 205055748.628 1.66399937306e+29 1.49254706125e+17
8 205078248.628 1.66323556573e+29 1.49201081448e+17
8 205100748.628 1.66247130296e+29 1.4914745677e+17
8 205123248.628 1.66170658467e+29 1.49093832093e+17
8 205145748.628 1.66094141078e+29 1.49040207416e+17
8 205168248.628 1.66017578121e+29 1.48986582738e+17
8 205190748.628 1.65940969587e+29 1.48932958061e+17
8 205213248.628 1.65864315468e+29 1.48879333384e+17
8 205235748.628 1.65787615757e+29 1.48825708707e+17
8 205258248.628 1.65710870445e+29 1.48772084029e+17
8 205280748.628 1.65634079523e+29 1.48718459352e+17
8 205303248.628 1.65557242984e+29 1.48664834675e+17
8 205325748.628 1.6548036082e+29 1.48611209997e+17
8 205348248.628 1.65403433022e+29 1.4855758532e+17
8 205370748.628 1.65326459583e+29 1.48503960643e+17
8 205393248.628 1.65249440493e+29 1.48450335965e+17
8 205415748.628 1.65176454123e+29 1.48398877912e+17
8 205438248.628 1.65112130369e+29 1.48351632626e+17
8 205460748.628 1.65049779323e+29 1.4830438734e+17
8 205483248.628 1.64987389079e+29 1.48257142055e+17
8 205505748.628 1.6492495963e+29 1.48209896769e+17
8 205528248.628 1.64862490969e+29 1.48162651483e+17
8 205550748.628 1.64799983088e+29 1.48115406197e+17
8 205573248.628 1.64737435981e+29 1.48068160912e+17
8 205595748.628 1.64674849641e+29 1.48020915626e+17
8 205618248.628 1.6461222406e+29 1.4797367034e+17
8 205640748.628 1.64549559231e+29 1.47926425054e+17
8 205663248.628 1.64486855148e+29 1.47879179769e+17
8 205685748.628 1.64424111803e+29 1.47831934483e+17
8 205708248.628 1.64361329188e+29 1.47784689197e+17
8 205730748.628 1.64298507298e+29 1.47737443911e+17
8 205753248.628 1.64235646125e+29 1.47690198626e+17
8 205775748.628 1.64172745661e+29 1.4764295334e+17
8 205798248.628 1.64109805901e+29 1.47595708054e+17
8 205820748.628 1.64046826836e+29 1.47548462768e+17
8 205843248.628 1.63983808459e+29 1.47501217483e+17
8 205865748.628 1.63920750764e+29 1.47453972197e+17
8 205888248.628 1.63857653743e+29 1.47406726911e+17
8 205910748.628 1.63794517389e+29 1.47359481625e+17
8 205933248.628 1.63731341696e+29 1.4731223634e+17
8 205955748.628 1.63668126656e+29 1.47264991054e+17
8 205978248.628 1.63604872261e+29 1.47217745768e+17
8 206000748.628 1.63541578506e+29 1.47170500483e+17
8 206023248.628 1.63478245382e+29 1.47123255197e+17
8 206045748.628 1.63414872883e+29 1.47076009911e+17
8 206068248.628 1.63351461002e+29 1.47028764625e+17
8 206090748.628 1.63288009732e+29 1.4698151934e+17
8 206113248.628 1.63224519064e+29 1.46934274054e+17
8 206135748.628 1.63160988994e+29 1.46887028768e+17
8 206158248.628 1.63097419512e+29 1.46839783482e+17
8 206180748.628 1.63033810613e+29 1.46792538197e+17
8 206203248.628 1.62970162288e+29 1.46745292911e+17
8 206225748.628 1.62906474532e+29 1.46698047625e+17
8 206248248.628 1.62842747337e+29 1.46650802339e+17
8 206270748.628 1.62778980695e+29 1.46603557054e+17
8 206293248.628 1.62715174601e+29 1.46556311768e+17
8 206315748.628 1.62651329045e+29 1.46509066482e+17
8 206338248.628 1.62587444023e+29 1.46461821196e+17
8 206360748.628 1.62523519526e+29 1.46414575911e+17
8 206383248.628 1.62459555547e+29 1.46367330625e+17
8 206405748.628 1.6239555208e+29 1.46320085339e+17
8 206428248.628 1.62331509117e+29 1.46272840053e+17
8 206450748.628 1.62267426651e+29 1.46225594768e+17
8 206473248.628 1.62203304675e+29 1.46178349482e+17
8 206495748.628 1.62139143182e+29 1.46131104196e+17
8 206518248.628 1.62060597334e+29 1.46076182624e+17
8 206540748.628 1.61943386925e+29 1.45996949417e+17
8 206563248.628 1.6181435371e+29 1.45917716209e+17
8 206585748.628 1.6168525274e+29 1.45838483002e+17
8 206608248.628 1.61556084002e+29 1.45759249794e+17
8 206630748.628 1.61426847484e+29 1.45680016587e+17
8 206653248.628 1.61297543176e+29 1.45600783379e+17
8 206675748.628 1.61168171065e+29 1.45521550172e+17
8 206698248.628 1.6103873114e+29 1.45442316964e+17
8 206720748.628 1.60909223389e+29 1.45363083757e+17
8 206743248.628 1.607796478e+29 1.45283850549e+17
8 206765748.628 1.60650004361e+29 1.45204617342e+17
8 206788248.628 1.60520293062e+29 1.45125384134e+17
8 206810748.628 1.6039051389e+29 1.45046150927e+17
8 206833248.628 1.60260666833e+29 1.44966917719e+17
8 206855748.628 1.6013075188e+29 1.44887684512e+17
8 206878248.628 1.60000769019e+29 1.44808451304e+17
8 206900748.628 1.59870718238e+29 1.44729218097e+17
8 206923248.628 1.59740599526e+29 1.44649984889e+17
8 206945748.628 1.59610412872e+29 1.44570751682e+17
8 206968248.628 1.59480158262e+29 1.44491518474e+17
8 206990748.628 1.59349835686e+29 1.44412285267e+17
8 207013248.628 1.59219445132e+29 1.44333052059e+17
8 207035748.628 1.59088986588e+29 1.44253818852e+17
8 207058248.628 1.58958460043e+29 1.44174585644e+17
8 207080748.628 1.58827865484e+29 1.44095352437e+17
8 207103248.628 1.58697202901e+29 1.44016119229e+17
8 207125748.628 1.58566472281e+29 1.43936886022e+17
8 207148248.628 1.58435673612e+29 1.43857652814e+17
8 207170748.628 1.58309239029e+29 1.43778419607e+17
8 207193248.628 1.58213419753e+29 1.43722707472e+17
8 207215748.628 1.58138458105e+29 1.4366964645e+17
8 207238248.628 1.58063690207e+29 1.43616585429e+17
8 207260748.628 1.57988878648e+29 1.43563524407e+17
8 207283248.628 1.57914023422e+29 1.43510463385e+17
8 207305748.628 1.5783912452e+29 1.43457402363e+17
8 207328248.628 1.57764181934e+29 1.43404341341e+17
8 207350748.628 1.57689195658e+29 1.43351280319e+17
8 207373248.628 1.57614165682e+29 1.43298219297e+17
8 207395748.628 1.57539092e+29 1.43245158275e+17
8 207418248.628 1.57463974604e+29 1.43192097254e+17
8 207440748.628 1.57388813486e+29 1.43139036232e+17
8 207463248.628 1.57313608638e+29 1.4308597521e+17
8 207485748.628 1.57238360053e+29 1.43032914188e+17
8 207508248.628 1.57163067723e+29 1.42979853166e+17
8 207530748.628 1.5708773164e+29 1.42926792144e+17
8 207553248.628 1.57012351796e+29 1.42873731122e+17
8 207575748.628 1.56936928184e+29 1.42820670101e+17
8 207598248.628 1.56861460796e+29 1.42767609079e+17
8 207620748.628 1.56785949624e+29 1.42714548057e+17
8 207643248.628 1.56710394661e+29 1.42661487035e+17
8 207665748.628 1.56634795899e+29 1.42608426013e+17
8 207688248.628 1.5655915333e+29 1.42555364991e+17
8 207710748.628 1.56483466947e+29 1.42502303969e+17
8 207733248.628 1.56407736741e+29 1.42449242947e+17
8 207755748.628 1.56331962705e+29 1.42396181926e+17
8 207778248.628 1.56256144831e+29 1.42343120904e+17
8 207800748.628 1.56180283112e+29 1.42290059882e+17
8 207823248.628 1.5610437754e+29 1.4223699886e+17
8 207845748.628 1.56028428107e+29 1.42183937838e+17
8 207868248.628 1.55952434805e+29 1.42130876816e+17
8 207890748.628 1.55876397627e+29 1.42077815794e+17
8 207913248.628 1.55800316565e+29 1.42024754772e+17
8 207935748.628 1.55724191611e+29 1.41971693751e+17
8 207958248.628 1.55648022758e+29 1.41918632729e+17
8 207980748.628 1.55571783952e+29 1.41865571707e+17
8 208003248.628 1.55492635144e+29 1.41810260742e+17
8 208025748.628 1.55408992151e+29 1.41752491471e+17
8 208048248.628 1.55324614537e+29 1.416947222e+17
8 208070748.628 1.55240189511e+29 1.4163695293e+17
8 208093248.628 1.55155717064e+29 1.41579183659e+17
8 208115748.628 1.55071197187e+29 1.41521414388e+17
8 208138248.628 1.54986629874e+29 1.41463645117e+17
8 208160748.628 1.54902015114e+29 1.41405875846e+17
8 208183248.628 1.548173529e+29 1.41348106575e+17
8 208205748.628 1.54732643224e+29 1.41290337304e+17
8 208228248.628 1.54647886078e+29 1.41232568033e+17
8 208250748.628 1.54563081452e+29 1.41174798762e+17
8 208273248.628 1.5447822934e+29 1.41117029491e+17
8 208295748.628 1.54393329732e+29 1.41059260221e+17
8 208318248.628 1.5430838262e+29 1.4100149095e+17
8 208340748.628 1.54223387996e+29 1.40943721679e+17
8 208363248.628 1.54138345852e+29 1.40885952408e+17
8 208385748.628 1.54053256179e+29 1.40828183137e+17
8 208408248.628 1.53968118969e+29 1.40770413866e+17
8 208430748.628 1.53882934215e+29 1.40712644595e+17
8 208453248.628 1.53797701907e+29 1.40654875324e+17
8 208475748.628 1.53712422037e+29 1.40597106053e+17
8 208498248.628 1.53627094597e+29 1.40539336782e+17
8 208520748.628 1.53541719579e+29 1.40481567511e+17
8 208543248.628 1.53456296974e+29 1.40423798241e+17
8 208565748.628 1.53370826775e+29 1.4036602897e+17
8 208588248.628 1.53285308972e+29 1.40308259699e+17
8 208610748.628 1.53199743558e+29 1.40250490428e+17
8 208633248.628 1.53114130525e+29 1.40192721157e+17
8 208655748.628 1.53028469863e+29 1.40134951886e+17
8 208678248.628 1.52942761566e+29 1.40077182615e+17
8 208700748.628 1.52857005623e+29 1.40019413344e+17
8 208723248.628 1.52771202028e+29 1.39961644073e+17
8 208745748.628 1.52685350772e+29 1.39903874802e+17
8 208772748.628 1.9072782935e+29 1.39834551677e+17
8 208799748.628 1.90598887987e+29 1.39765228552e+17
8 208826748.628 1.90469314946e+29 1.39695905427e+17
8 208853748.628 1.90336730006e+29 1.3962368201e+17
8 208880748.628 1.9020219282e+29 1.39551187733e+17
8 208907748.628 1.90067551741e+29 1.39478693456e+17
8 208934748.628 1.89932821982e+29 1.39406199179e+17
8 208961748.628 1.89798003523e+29 1.39333704902e+17
8 208988748.628 1.89663096347e+29 1.39261210625e+17
8 209015748.628 1.89528100436e+29 1.39188716348e+17
8 209042748.628 1.8939301577e+29 1.39116222071e+17
8 209069748.628 1.89257842331e+29 1.39043727793e+17
8 209096748.628 1.89122580102e+29 1.38971233516e+17
8 209123748.628 1.88987229063e+29 1.38898739239e+17
8 209150748.628 1.88851789196e+29 1.38826244962e+17
8 209177748.628 1.88716260483e+29 1.38753750685e+17
8 209204748.628 1.88580642905e+29 1.38681256408e+17
8 209231748.628 1.88444936444e+29 1.38608762131e+17
8 209258748.628 1.88309141081e+29 1.38536267854e+17
8 209285748.628 1.88173256798e+29 1.38463773577e+17
8 209312748.628 1.88037283577e+29 1.383912793e+17
8 209339748.628 1.87901221399e+29 1.38318785023e+17
8 209366748.628 1.87765070246e+29 1.38246290746e+17
8 209393748.628 1.87628830099e+29 1.38173796469e+17
8 209420748.628 1.8749250094e+29 1.38101302192e+17
8 209447748.628 1.8735608275e+29 1.38028807915e+17
8 209474748.628 1.87219575512e+29 1.37956313638e+17
8 209501748.628 1.87082979206e+29 1.37883819361e+17
8 209528748.628 1.86946293814e+29 1.37811325084e+17
8 209555748.628 1.86809519318e+29 1.37738830807e+17
8 209582748.628 1.86672642913e+29 1.3766633653e+17
8 209609748.628 1.86532253452e+29 1.37591898348e+17
8 209636748.628 1.86385805279e+29 1.37514139291e+17
8 209663748.628 1.86237978347e+29 1.37436380234e+17
8 209690748.628 1.86090056709e+29 1.37358621177e+17
8 209717748.628 1.85942040346e+29 1.3728086212e+17
8 209744748.628 1.8579392924e+29 1.37203103062e+17
8 209771748.628 1.8564572337e+29 1.37125344005e+17
8 209798748.628 1.85497422717e+29 1.37047584948e+17
8 209825748.628 1.85349027261e+29 1.36969825891e+17
8 209852748.628 1.85200536984e+29 1.36892066834e+17
8 209879748.628 1.85051951864e+29 1.36814307776e+17
8 209906748.628 1.84903271884e+29 1.36736548719e+17
8 209933748.628 1.84754497024e+29 1.36658789662e+17
8 209960748.628 1.84605627263e+29 1.36581030605e+17
8 209987748.628 1.84456662583e+29 1.36503271548e+17
8 210014748.628 1.84307602964e+29 1.3642551249e+17
8 210041748.628 1.84158448387e+29 1.36347753433e+17
8 210068748.628 1.84009198832e+29 1.36269994376e+17
8 210095748.628 1.83859854279e+29 1.36192235319e+17
8 210122748.628 1.8371041471e+29 1.36114476262e+17
8 210149748.628 1.83560880104e+29 1.36036717204e+17
8 210176748.628 1.83411250442e+29 1.35958958147e+17
8 210203748.628 1.83262311251e+29 1.3588119909e+17
8 210230748.628 1.83132890971e+29 1.35813374349e+17
8 210257748.628 1.8302662859e+29 1.3575308632e+17
8 210284748.628 1.82922893283e+29 1.35692798291e+17
8 210311748.628 1.82819086585e+29 1.35632510263e+17
8 210338748.628 1.82715208481e+29 1.35572222234e+17
8 210365748.628 1.82611258956e+29 1.35511934205e+17
8 210392748.628 1.82507237994e+29 1.35451646177e+17
8 210419748.628 1.82403145581e+29 1.35391358148e+17
8 210446748.628 1.82298981702e+29 1.35331070119e+17
8 210473748.628 1.82194746343e+29 1.35270782091e+17
8 210500748.628 1.82090439487e+29 1.35210494062e+17
8 210527748.628 1.81986061121e+29 1.35150206033e+17
8 210554748.628 1.81881611229e+29 1.35089918005e+17
8 210581748.628 1.81777089796e+29 1.35029629976e+17
8 210608748.628 1.81672496808e+29 1.34969341947e+17
8 210635748.628 1.8156783225e+29 1.34909053919e+17
8 210662748.628 1.81463096106e+29 1.3484876589e+17
8 210689748.628 1.81358288362e+29 1.34788477861e+17
8 210716748.628 1.81253409003e+29 1.34728189833e+17
8 210743748.628 1.81148458014e+29 1.34667901804e+17
8 210770748.628 1.8104343538e+29 1.34607613775e+17
8 210797748.628 1.80938341086e+29 1.34547325746e+17
8 210824748.628 1.80833175118e+29 1.34487037718e+17
8 210851748.628 1.80727937459e+29 1.34426749689e+17
8 210878748.628 1.80622628096e+29 1.3436646166e+17
8 210905748.628 1.80517247014e+29 1.34306173632e+17
8 210932748.628 1.80411794197e+29 1.34245885603e+17
8 210959748.628 1.80306269631e+29 1.34185597574e+17
8 210986748.628 1.802006733e+29 1.34125309546e+17
8 211013748.628 1.80094960768e+29 1.34065021517e+17
8 211040748.628 1.79986874609e+29 1.34003080584e+17
8 211067748.628 1.79875706099e+29 1.33939570519e+17
8 211094748.628 1.79764064862e+29 1.33876060454e+17
8 211121748.628 1.79652348841e+29 1.33812550389e+17
8 211148748.628 1.79540558021e+29 1.33749040325e+17
8 211175748.628 1.79428692385e+29 1.3368553026e+17
8 211202748.628 1.79316751919e+29 1.33622020195e+17
8 211229748.628 1.79204736607e+29 1.33558510131e+17
8 211256748.628 1.79092646434e+29 1.33495000066e+17
8 211283748.628 1.78980481383e+29 1.33431490001e+17
8 211310748.628 1.78868241441e+29 1.33367979937e+17
8 211337748.628 1.7875592659e+29 1.33304469872e+17
8 211364748.628 1.78643536816e+29 1.33240959807e+17
8 211391748.628 1.78531072103e+29 1.33177449742e+17
8 211418748.628 1.78418532436e+29 1.33113939678e+17
8 211445748.628 1.783059178e+29 1.33050429613e+17
8 211472748.628 1.78193228178e+29 1.32986919548e+17
8 211499748.628 1.78080463555e+29 1.32923409484e+17
8 211526748.628 1.77967623916e+29 1.32859899419e+17
8 211553748.628 1.77854709246e+29 1.32796389354e+17
8 211580748.628 1.77741719528e+29 1.3273287929e+17
8 211607748.628 1.77628654748e+29 1.32669369225e+17
8 211634748.628 1.77515514889e+29 1.3260585916e+17
8 211661748.628 1.77402299937e+29 1.32542349095e+17
8 211688748.628 1.77289009876e+29 1.32478839031e+17
8 211715748.628 1.7717564469e+29 1.32415328966e+17
8 211742748.628 1.77062204365e+29 1.32351818901e+17
8 211769748.628 1.76948688884e+29 1.32288308837e+17
8 211796748.628 1.76835098232e+29 1.32224798772e+17
8 211823748.628 1.76721432393e+29 1.32161288707e+17
8 211850748.628 1.76607691353e+29 1.32097778643e+17
8 211877748.628 1.76493875095e+29 1.32034268578e+17
8 211904748.628 1.76379983605e+29 1.31970758513e+17
8 211931748.628 1.76266016866e+29 1.31907248448e+17
8 211958748.628 1.76146839749e+29 1.31843738384e+17
8 211985748.628 1.75987343446e+29 1.31754034218e+17
8 212012748.628 1.75796238879e+29 1.31658075989e+17
8 212039748.628 1.7560425078e+29 1.3156211776e+17
8 212066748.628 1.75412147778e+29 1.31466159531e+17
8 212093748.628 1.7521992985e+29 1.31370201302e+17
8 212120748.628 1.75027596974e+29 1.31274243073e+17
8 212147748.628 1.74835149126e+29 1.31178284844e+17
8 212174748.628 1.74642586283e+29 1.31082326615e+17
8 212201748.628 1.74449908423e+29 1.30986368386e+17
8 212228748.628 1.74257115522e+29 1.30890410157e+17
8 212255748.628 1.74064207556e+29 1.30794451928e+17
8 212282748.628 1.73871184505e+29 1.30698493699e+17
8 212309748.628 1.73678046343e+29 1.3060253547e+17
8 212336748.628 1.73484793048e+29 1.3050657724e+17
8 212363748.628 1.73291424597e+29 1.30410619011e+17
8 212390748.628 1.73097940968e+29 1.30314660782e+17
8 212417748.628 1.72904342136e+29 1.30218702553e+17
8 212444748.628 1.72710628079e+29 1.30122744324e+17
8 212471748.628 1.72526457971e+29 1.30026786095e+17
8 212498748.628 1.72394085922e+29 1.29965185246e+17
8 212525748.628 1.72294766163e+29 1.29906826532e+17
8 212552748.628 1.72195652282e+29 1.29848467818e+17
8 212579748.628 1.72096471351e+29 1.29790109105e+17
8 212606748.628 1.71997223354e+29 1.29731750391e+17
8 212633748.628 1.7189790828e+29 1.29673391677e+17
8 212660748.628 1.71798526113e+29 1.29615032963e+17
8 212687748.628 1.7169907684e+29 1.29556674249e+17
8 212714748.628 1.71599560447e+29 1.29498315536e+17
8 212741748.628 1.71499976921e+29 1.29439956822e+17
8 212768748.628 1.71400326247e+29 1.29381598108e+17
8 212795748.628 1.71300608412e+29 1.29323239394e+17
8 212822748.628 1.71200823401e+29 1.29264880681e+17
8 212849748.628 1.71100971201e+29 1.29206521967e+17
8 212876748.628 1.71001051799e+29 1.29148163253e+17
8 212903748.628 1.7090106518e+29 1.29089804539e+17
8 212930748.628 1.7080101133e+29 1.29031445825e+17
8 212957748.628 1.70700890236e+29 1.28973087112e+17
8 212984748.628 1.70600701883e+29 1.28914728398e+17
8 213011748.628 1.70500446259e+29 1.28856369684e+17
8 213038748.628 1.70400123348e+29 1.2879801097e+17
8 213065748.628 1.70299733138e+29 1.28739652256e+17
8 213092748.628 1.70199275614e+29 1.28681293543e+17
8 213119748.628 1.70098750763e+29 1.28622934829e+17
8 213146748.628 1.69998158571e+29 1.28564576115e+17
8 213173748.628 1.69892441572e+29 1.28503704983e+17
8 213200748.628 1.69776869619e+29 1.28437548192e+17
8 213227748.628 1.69658842919e+29 1.28371391401e+17
8 213254748.628 1.69540740095e+29 1.2830523461e+17
8 213281748.628 1.69422561132e+29 1.28239077819e+17
8 213308748.628 1.69304306015e+29 1.28172921028e+17
8 213335748.628 1.69185974727e+29 1.28106764237e+17
8 213362748.628 1.69067567254e+29 1.28040607446e+17
8 213389748.628 1.6894908358e+29 1.27974450655e+17
8 213416748.628 1.68830523689e+29 1.27908293864e+17
8 213443748.628 1.68711887566e+29 1.27842137073e+17
8 213470748.628 1.68593175196e+29 1.27775980283e+17
8 213497748.628 1.68474386562e+29 1.27709823492e+17
8 213524748.628 1.6835552165e+29 1.27643666701e+17
8 213551748.628 1.68236580444e+29 1.2757750991e+17
8 213578748.628 1.68117562928e+29 1.27511353119e+17
8 213605748.628 1.67998469088e+29 1.27445196328e+17
8 213632748.628 1.67879298907e+29 1.27379039537e+17
8 213659748.628 1.67760052369e+29 1.27312882746e+17
8 213686748.628 1.67640729461e+29 1.27246725955e+17
8 213713748.628 1.67521330165e+29 1.27180569164e+17
8 213740748.628 1.67401854467e+29 1.27114412373e+17
8 213767748.628 1.67282302351e+29 1.27048255582e+17
8 213794748.628 1.67162673801e+29 1.26982098792e+17
8 213821748.628 1.67042968802e+29 1.26915942001e+17
8 213848748.628 1.66923187339e+29 1.2684978521e+17
8 213875748.628 1.66797325197e+29 1.26780945807e+17
8 213902748.628 1.66657786614e+29 1.26704219898e+17
8 213929748.628 1.66514209023e+29 1.26627493989e+17
8 213956748.628 1.6637054301e+29 1.2655076808e+17
8 213983748.628 1.66226788557e+29 1.26474042172e+17
8 214010748.628 1.66082945646e+29 1.26397316263e+17
8 214037748.628 1.65939014259e+29 1.26320590354e+17
8 214064748.628 1.65794994379e+29 1.26243864446e+17
8 214091748.628 1.65650885988e+29 1.26167138537e+17
8 214118748.628 1.65506689068e+29 1.26090412628e+17
8 214145748.628 1.65362403602e+29 1.2601368672e+17
8 214172748.628 1.65218029571e+29 1.25936960811e+17
8 214199748.628 1.65073566959e+29 1.25860234902e+17
8 214226748.628 1.64929015746e+29 1.25783508994e+17
8 214253748.628 1.64784375916e+29 1.25706783085e+17
8 214280748.628 1.64639647451e+29 1.25630057176e+17
8 214307748.628 1.64494830333e+29 1.25553331268e+17
8 214334748.628 1.64349924544e+29 1.25476605359e+17
8 214361748.628 1.64204930066e+29 1.2539987945e+17
8 214388748.628 1.64059888194e+29 1.25323153542e+17
8 214415748.628 1.63924151981e+29 1.25250639604e+17
8 214442748.628 1.63804462181e+29 1.25185112293e+17
8 214469748.628 1.6368810586e+29 1.25119584983e+17
8 214496748.628 1.63571675359e+29 1.25054057672e+17
8 214523748.628 1.63455170663e+29 1.24988530361e+17
8 214550748.628 1.63338591759e+29 1.2492300305e+17
8 214577748.628 1.6322193863e+29 1.2485747574e+17
8 214604748.628 1.63105211261e+29 1.24791948429e+17
8 214631748.628 1.62988409639e+29 1.24726421118e+17
8 214658748.628 1.62871533747e+29 1.24660893808e+17
8 214685748.628 1.62754583571e+29 1.24595366497e+17
8 214712748.628 1.62637559096e+29 1.24529839186e+17
8 214739748.628 1.62520460306e+29 1.24464311876e+17
8 214766748.628 1.62403287187e+29 1.24398784565e+17
8 214793748.628 1.62286039724e+29 1.24333257254e+17
8 214820748.628 1.62168717902e+29 1.24267729943e+17
8 214847748.628 1.62051321705e+29 1.24202202633e+17
8 214874748.628 1.6193385112e+29 1.24136675322e+17
8 214901748.628 1.6181630613e+29 1.24071148011e+17
8 214928748.628 1.61698686721e+29 1.24005620701e+17
8 214955748.628 1.61583898086e+29 1.2394104886e+17
8 214982748.628 1.61476447487e+29 1.23880124534e+17
8 215009748.628 1.61371313753e+29 1.23819200209e+17
8 215036748.628 1.61266111922e+29 1.23758275884e+17
8 215063748.628 1.61160841982e+29 1.23697351558e+17
8 215090748.628 1.61055503919e+29 1.23636427233e+17
8 215117748.628 1.60950097718e+29 1.23575502907e+17
8 215144748.628 1.60844623365e+29 1.23514578582e+17
8 215171748.628 1.60739080848e+29 1.23453654257e+17
8 215198748.628 1.60633470152e+29 1.23392729931e+17
8 215225748.628 1.60527791264e+29 1.23331805606e+17
8 215252748.628 1.60422044169e+29 1.2327088128e+17
8 215279748.628 1.60316228854e+29 1.23209956955e+17
8 215306748.628 1.60210345305e+29 1.2314903263e+17
8 215333748.628 1.60104393508e+29 1.23088108304e+17
8 215360748.628 1.5999837345e+29 1.23027183979e+17
8 215387748.628 1.59892285117e+29 1.22966259653e+17
8 215414748.628 1.59786128494e+29 1.22905335328e+17
8 215441748.628 1.59679903569e+29 1.22844411002e+17
8 215468748.628 1.59573610327e+29 1.22783486677e+17
8 215495748.628 1.59467248755e+29 1.22722562352e+17
8 215522748.628 1.59360818839e+29 1.22661638026e+17
8 215549748.628 1.59254320564e+29 1.22600713701e+17
8 215576748.628 1.59147527896e+29 1.22539789375e+17
8 215603748.628 1.59037307771e+29 1.22476391686e+17
8 215630748.628 1.58923576469e+29 1.2241167766e+17
8 215657748.628 1.58809506239e+29 1.22346963635e+17
8 215684748.628 1.58695363928e+29 1.22282249609e+17
8 215711748.628 1.58581149521e+29 1.22217535584e+17
8 215738748.628 1.58466863004e+29 1.22152821558e+17
8 215765748.628 1.58352504362e+29 1.22088107533e+17
8 215792748.628 1.58238073582e+29 1.22023393508e+17
8 215819748.628 1.58123570648e+29 1.21958679482e+17
8 215846748.628 1.58008995546e+29 1.21893965457e+17
8 215873748.628 1.57894348261e+29 1.21829251431e+17
8 215900748.628 1.57779628779e+29 1.21764537406e+17
8 215927748.628 1.57664837086e+29 1.2169982338e+17
8 215954748.628 1.57549973168e+29 1.21635109355e+17
8 215981748.628 1.57435037008e+29 1.2157039533e+17
8 216008748.628 1.57320028594e+29 1.21505681304e+17
8 216035748.628 1.57204947911e+29 1.21440967279e+17
8 216062748.628 1.57089794944e+29 1.21376253253e+17
8 216089748.628 1.56974569678e+29 1.21311539228e+17
8 216116748.628 1.568592721e+29 1.21246825202e+17
8 216143748.628 1.56743902195e+29 1.21182111177e+17
8 216170748.628 1.56628459948e+29 1.21117397151e+17
8 216197748.628 1.56512945344e+29 1.21052683126e+17
8 216224748.628 1.56396484494e+29 1.20987969101e+17
8 216251748.628 1.56268775664e+29 1.20915911772e+17
8 216278748.628 1.56130105075e+29 1.20840432496e+17
8 216305748.628 1.55990622779e+29 1.20764953221e+17
8 216332748.628 1.55851056234e+29 1.20689473945e+17
8 216359748.628 1.55711405424e+29 1.20613994669e+17
8 216386748.628 1.55571670333e+29 1.20538515394e+17
8 216413748.628 1.55431850943e+29 1.20463036118e+17
8 216440748.628 1.55291947238e+29 1.20387556842e+17
8 216467748.628 1.55151959201e+29 1.20312077567e+17
8 216494748.628 1.55011886815e+29 1.20236598291e+17
8 216521748.628 1.54871730064e+29 1.20161119016e+17
8 216548748.628 1.54731488931e+29 1.2008563974e+17
8 216575748.628 1.54591163399e+29 1.20010160464e+17
8 216602748.628 1.54450753453e+29 1.19934681189e+17
8 216629748.628 1.54310259074e+29 1.19859201913e+17
8 216656748.628 1.54169680246e+29 1.19783722638e+17
8 216683748.628 1.54029016953e+29 1.19708243362e+17
8 216710748.628 1.53888829406e+29 1.19632764086e+17
8 216737748.628 1.53760816159e+29 1.19563907895e+17
8 216764748.628 1.53646843e+29 1.1949975134e+17
8 216791748.628 1.53534288671e+29 1.19435594785e+17
8 216818748.628 1.53421663961e+29 1.1937143823e+17
8 216845748.628 1.53308968858e+29 1.19307281675e+17
8 216872748.628 1.53196203347e+29 1.1924312512e+17
8 216899748.628 1.53083367413e+29 1.19178968565e+17
8 216926748.628 1.52970461044e+29 1.1911481201e+17
8 216953748.628 1.52857484225e+29 1.19050655455e+17
8 216980748.628 1.52744436942e+29 1.189864989e+17
8 217012248.628 1.83134946933e+29 1.18911649586e+17
8 217043748.628 1.82976458701e+29 1.18836800272e+17
8 217075248.628 1.82817855302e+29 1.18761950957e+17
8 217106748.628 1.82659136709e+29 1.18687101643e+17
8 217138248.628 1.82500302894e+29 1.18612252329e+17
8 217169748.628 1.82341353831e+29 1.18537403015e+17
8 217201248.628 1.82182327704e+29 1.18462553701e+17
8 217232748.628 1.82024388939e+29 1.18387879319e+17
8 217264248.628 1.81867878575e+29 1.18313386044e+17
8 217295748.628 1.81711483697e+29 1.18238892769e+17
8 217327248.628 1.81554975186e+29 1.18164399494e+17
8 217358748.628 1.81398353014e+29 1.18089906219e+17
8 217390248.628 1.81241617157e+29 1.18015412944e+17
8 217421748.628 1.81084767587e+29 1.17940919669e+17
8 217453248.628 1.80927804277e+29 1.17866426394e+17
8 217484748.628 1.80770727203e+29 1.1779193312e+17
8 217516248.628 1.80613536336e+29 1.17717439845e+17
8 217547748.628 1.80456231652e+29 1.1764294657e+17
8 217579248.628 1.80298813123e+29 1.17568453295e+17
8 217610748.628 1.80141280723e+29 1.1749396002e+17
8 217642248.628 1.79983634426e+29 1.17419466745e+17
8 217673748.628 1.79825874205e+29 1.1734497347e+17
8 217705248.628 1.79668062024e+29 1.17270480195e+17
8 217736748.628 1.79511416654e+29 1.17196183857e+17
8 217768248.628 1.79356168257e+29 1.17122050447e+17
8 217799748.628 1.79200986316e+29 1.17047917038e+17
8 217831248.628 1.79045692074e+29 1.16973783628e+17
8 217862748.628 1.78890285506e+29 1.16899650218e+17
8 217894248.628 1.78734766585e+29 1.16825516809e+17
8 217925748.628 1.78579135285e+29 1.16751383399e+17
8 217957248.628 1.78423391582e+29 1.1667724999e+17
8 217988748.628 1.78267535447e+29 1.1660311658e+17
8 218020248.628 1.78111566857e+29 1.1652898317e+17
8 218051748.628 1.77955485784e+29 1.16454849761e+17
8 218083248.628 1.77799292202e+29 1.16380716351e+17
8 218114748.628 1.77642986086e+29 1.16306582941e+17
8 218146248.628 1.7748656741e+29 1.16232449532e+17
8 218177748.628 1.77330036147e+29 1.16158316122e+17
8 218209248.628 1.77173399899e+29 1.16084182712e+17
8 218240748.628 1.77017694973e+29 1.16010185996e+17
8 218272248.628 1.76863528593e+29 1.15936416393e+17
8 218303748.628 1.76709599936e+29 1.15862646791e+17
8 218335248.628 1.76555560325e+29 1.15788877188e+17
8 218366748.628 1.76401409733e+29 1.15715107586e+17
8 218398248.628 1.76247148136e+29 1.15641337983e+17
8 218429748.628 1.76092775508e+29 1.1556756838e+17
8 218461248.628 1.75938291823e+29 1.15493798778e+17
8 218492748.628 1.75783697056e+29 1.15420029175e+17
8 218524248.628 1.7562899118e+29 1.15346259573e+17
8 218555748.628 1.75474174171e+29 1.1527248997e+17
8 218587248.628 1.75319246003e+29 1.15198720367e+17
8 218618748.628 1.75164206649e+29 1.15124950765e+17
8 218650248.628 1.75009056086e+29 1.15051181162e+17
8 218681748.628 1.74853794286e+29 1.1497741156e+17
8 218713248.628 1.74698421224e+29 1.14903641957e+17
8 218744748.628 1.7454335291e+29 1.14829872354e+17
8 218776248.628 1.74389879881e+29 1.147564591e+17
8 218807748.628 1.74237242644e+29 1.1468305739e+17
8 218839248.628 1.74084498487e+29 1.14609655681e+17
8 218870748.628 1.7393164471e+29 1.14536253971e+17
8 218902248.628 1.73778681288e+29 1.14462852261e+17
8 218933748.628 1.73625608195e+29 1.14389450551e+17
8 218965248.628 1.73472425406e+29 1.14316048841e+17
8 218996748.628 1.73319132896e+29 1.14242647131e+17
8 219028248.628 1.7316573064e+29 1.14169245421e+17
8 219059748.628 1.73012218612e+29 1.14095843711e+17
8 219091248.628 1.72858596787e+29 1.14022442002e+17
8 219122748.628 1.7270486514e+29 1.13949040292e+17
8 219154248.628 1.72551023646e+29 1.13875638582e+17
8 219185748.628 1.72397072279e+29 1.13802236872e+17
8 219217248.628 1.72243011015e+29 1.13728835162e+17
8 219248748.628 1.72088811314e+29 1.13655433452e+17
8 219280248.628 1.71924488775e+29 1.13578058546e+17
8 219311748.628 1.71741993181e+29 1.134921352e+17
8 219343248.628 1.71554969632e+29 1.13406211854e+17
8 219374748.628 1.7136781738e+29 1.13320288509e+17
8 219406248.628 1.71180536395e+29 1.13234365163e+17
8 219437748.628 1.70993126649e+29 1.13148441817e+17
8 219469248.628 1.70805588111e+29 1.13062518472e+17
8 219500748.628 1.70617920754e+29 1.12976595126e+17
8 219532248.628 1.70430124547e+29 1.1289067178e+17
8 219563748.628 1.70242199462e+29 1.12804748435e+17
8 219595248.628 1.70054145468e+29 1.12718825089e+17
8 219626748.628 1.69865962538e+29 1.12632901744e+17
8 219658248.628 1.69680954554e+29 1.12546978398e+17
8 219689748.628 1.69515445649e+29 1.12471905013e+17
8 219721248.628 1.69364233536e+29 1.12399007771e+17
8 219752748.628 1.69213189597e+29 1.1232611053e+17
8 219784248.628 1.69062038159e+29 1.12253213288e+17
8 219815748.628 1.68910779197e+29 1.12180316047e+17
8 219847248.628 1.68759412687e+29 1.12107418805e+17
8 219878748.628 1.68607938605e+29 1.12034521564e+17
8 219910248.628 1.68456356925e+29 1.11961624322e+17
8 219941748.628 1.68304667623e+29 1.11888727081e+17
8 219973248.628 1.68152870675e+29 1.11815829839e+17
8 220004748.628 1.68000966056e+29 1.11742932598e+17
8 220036248.628 1.67848953741e+29 1.11670035356e+17
8 220067748.628 1.67697405572e+29 1.11597195534e+17
8 220099248.628 1.67547061883e+29 1.11524577076e+17
8 220130748.628 1.6739703772e+29 1.11451958619e+17
8 220162248.628 1.67246907087e+29 1.11379340162e+17
8 220193748.628 1.67096669958e+29 1.11306721704e+17
8 220225248.628 1.66946326308e+29 1.11234103247e+17
8 220256748.628 1.66795876114e+29 1.11161484789e+17
8 220288248.628 1.66645319352e+29 1.11088866332e+17
8 220319748.628 1.66494655997e+29 1.11016247875e+17
8 220351248.628 1.66343886024e+29 1.10943629417e+17
8 220382748.628 1.66193009409e+29 1.1087101096e+17
8 220414248.628 1.66042026129e+29 1.10798392503e+17
8 220445748.628 1.65890946573e+29 1.10725774045e+17
8 220477248.628 1.65740630106e+29 1.10653277187e+17
8 220508748.628 1.6559143092e+29 1.10580940017e+17
8 220540248.628 1.65442344739e+29 1.10508602846e+17
8 220571748.628 1.65293153098e+29 1.10436265675e+17
8 220603248.628 1.65143855973e+29 1.10363928504e+17
8 220634748.628 1.6499445334e+29 1.10291591334e+17
8 220666248.628 1.64844945175e+29 1.10219254163e+17
8 220697748.628 1.64695331453e+29 1.10146916992e+17
8 220729248.628 1.64545612151e+29 1.10074579821e+17
8 220760748.628 1.64395787245e+29 1.10002242651e+17
8 220792248.628 1.6424585671e+29 1.0992990548e+17
8 220823748.628 1.64095820523e+29 1.09857568309e+17
8 220855248.628 1.63945713572e+29 1.09785231138e+17
8 220886748.628 1.63796448827e+29 1.09713038079e+17
8 220918248.628 1.63648265108e+29 1.09640984771e+17
8 220949748.628 1.63500142844e+29 1.09568931462e+17
8 220981248.628 1.6335191614e+29 1.09496878153e+17
8 221012748.628 1.63203584971e+29 1.09424824844e+17
8 221044248.628 1.63055149315e+29 1.09352771536e+17
8 221075748.628 1.62906609147e+29 1.09280718227e+17
8 221107248.628 1.62757964444e+29 1.09208664918e+17
8 221138748.628 1.62609215182e+29 1.09136611609e+17
8 221170248.628 1.62460361337e+29 1.090645583e+17
8 221201748.628 1.62311402885e+29 1.08992504992e+17
8 221233248.628 1.62162339803e+29 1.08920451683e+17
8 221264748.628 1.62013230342e+29 1.08848398374e+17
8 221296248.628 1.61869522594e+29 1.0877843557e+17
8 221327748.628 1.61733519547e+29 1.08711270596e+17
8 221359248.628 1.6159883255e+29 1.08644105621e+17
8 221390748.628 1.61464049224e+29 1.08576940647e+17
8 221422248.628 1.61329169547e+29 1.08509775673e+17
8 221453748.628 1.61194193496e+29 1.08442610699e+17
8 221485248.628 1.61059121051e+29 1.08375445725e+17
8 221516748.628 1.60923952188e+29 1.08308280751e+17
8 221548248.628 1.60788686886e+29 1.08241115777e+17
8 221579748.628 1.60653325123e+29 1.08173950803e+17
8 221611248.628 1.60517866877e+29 1.08106785828e+17
8 221642748.628 1.60382312126e+29 1.08039620854e+17
8 221674248.628 1.60246660848e+29 1.0797245588e+17
8 221705748.628 1.60110913021e+29 1.07905290906e+17
8 221737248.628 1.59975068623e+29 1.07838125932e+17
8 221768748.628 1.59841951861e+29 1.07771752739e+17
8 221800248.628 1.59714796847e+29 1.07707926787e+17
8 221831748.628 1.59589366558e+29 1.07644100836e+17
8 221863248.628 1.5946384569e+29 1.07580274885e+17
8 221894748.628 1.59338234221e+29 1.07516448934e+17
8 221926248.628 1.5921253213e+29 1.07452622983e+17
8 221957748.628 1.59086739399e+29 1.07388797032e+17
8 221989248.628 1.58960856004e+29 1.0732497108e+17
8 222020748.628 1.58834881927e+29 1.07261145129e+17
8 222052248.628 1.58708817146e+29 1.07197319178e+17
8 222083748.628 1.58582661641e+29 1.07133493227e+17
8 222115248.628 1.5845641539e+29 1.07069667276e+17
8 222146748.628 1.58330078374e+29 1.07005841325e+17
8 222178248.628 1.58203650572e+29 1.06942015373e+17
8 222209748.628 1.58077131962e+29 1.06878189422e+17
8 222241248.628 1.57950522525e+29 1.06814363471e+17
8 222272748.628 1.57823822239e+29 1.0675053752e+17
8 222304248.628 1.57697031084e+29 1.06686711569e+17
8 222335748.628 1.5757014904e+29 1.06622885618e+17
8 222367248.628 1.57442389833e+29 1.06559059666e+17
8 222398748.628 1.57306526229e+29 1.06490398721e+17
8 222430248.628 1.57163243538e+29 1.06419593992e+17
8 222461748.628 1.57019396462e+29 1.06348789263e+17
8 222493248.628 1.56875448993e+29 1.06277984534e+17
8 222524748.628 1.56731401107e+29 1.06207179806e+17
8 222556248.628 1.56587252782e+29 1.06136375077e+17
8 222587748.628 1.56443003996e+29 1.06065570348e+17
8 222619248.628 1.56298654726e+29 1.05994765619e+17
8 222650748.628 1.56154204949e+29 1.05923960891e+17
8 222682248.628 1.56009654642e+29 1.05853156162e+17
8 222713748.628 1.55865003783e+29 1.05782351433e+17
8 222745248.628 1.55720252349e+29 1.05711546704e+17
8 222776748.628 1.55575400317e+29 1.05640741975e+17
8 222808248.628 1.55430447666e+29 1.05569937247e+17
8 222839748.628 1.55285394371e+29 1.05499132518e+17
8 222871248.628 1.55140240411e+29 1.05428327789e+17
8 222902748.628 1.54994985763e+29 1.0535752306e+17
8 222934248.628 1.54849630404e+29 1.05286718332e+17
8 222965748.628 1.54704174312e+29 1.05215913603e+17
8 222997248.628 1.54559311703e+29 1.05145108874e+17
8 223028748.628 1.54419213885e+29 1.05076431276e+17
8 223060248.628 1.5428287552e+29 1.05008341966e+17
8 223091748.628 1.5414657749e+29 1.04940252656e+17
8 223123248.628 1.54010184012e+29 1.04872163346e+17
8 223154748.628 1.53873695064e+29 1.04804074036e+17
8 223186248.628 1.53737110625e+29 1.04735984726e+17
8 223217748.628 1.53600430673e+29 1.04667895416e+17
8 223249248.628 1.53463655187e+29 1.04599806107e+17
8 223280748.628 1.53326784146e+29 1.04531716797e+17
8 223312248.628 1.53189817527e+29 1.04463627487e+17
8 223343748.628 1.5305275531e+29 1.04395538177e+17
8 223375248.628 1.52915597472e+29 1.04327448867e+17
8 223406748.628 1.52778343993e+29 1.04259359557e+17
8 223442748.628 1.78058255086e+29 1.04181543203e+17
8 223478748.628 1.77874967972e+29 1.04103726849e+17
8 223514748.628 1.77691535011e+29 1.04025910495e+17
8 223550748.628 1.77507956164e+29 1.03948094141e+17
8 223586748.628 1.77324231395e+29 1.03870277787e+17
8 223622748.628 1.77140360666e+29 1.03792461433e+17
8 223658748.628 1.7695634394e+29 1.03714645078e+17
8 223694748.628 1.76771426833e+29 1.03636431912e+17
8 223730748.628 1.76584722981e+29 1.03556605745e+17
8 223766748.628 1.76397329663e+29 1.03476779577e+17
8 223802748.628 1.76209788307e+29 1.0339695341e+17
8 223838748.628 1.76022098874e+29 1.03317127243e+17
8 223874748.628 1.75834261328e+29 1.03237301076e+17
8 223910748.628 1.75646275631e+29 1.03157474909e+17
8 223946748.628 1.75458141743e+29 1.03077648741e+17
8 223982748.628 1.75269859628e+29 1.02997822574e+17
8 224018748.628 1.75081429248e+29 1.02917996407e+17
8 224054748.628 1.74892850563e+29 1.0283817024e+17
8 224090748.628 1.74704123538e+29 1.02758344072e+17
8 224126748.628 1.74515248133e+29 1.02678517905e+17
8 224162748.628 1.74326224311e+29 1.02598691738e+17
8 224198748.628 1.74137052034e+29 1.02518865571e+17
8 224234748.628 1.73947731263e+29 1.02439039404e+17
8 224270748.628 1.73758261962e+29 1.02359213236e+17
8 224306748.628 1.73568644091e+29 1.02279387069e+17
8 224342748.628 1.73378877614e+29 1.02199560902e+17
8 224378748.628 1.73178565945e+29 1.02119734735e+17
8 224414748.628 1.7291803802e+29 1.02008151316e+17
8 224450748.628 1.72612436492e+29 1.01888987408e+17
8 224486748.628 1.72305324745e+29 1.01769823501e+17
8 224522748.628 1.71997989333e+29 1.01650659594e+17
8 224558748.628 1.716904302e+29 1.01531495687e+17
8 224594748.628 1.71382647291e+29 1.01412331779e+17
8 224630748.628 1.71074640548e+29 1.01293167872e+17
8 224666748.628 1.70766409917e+29 1.01174003965e+17
8 224702748.628 1.70457955342e+29 1.01054840058e+17
8 224738748.628 1.70166823111e+29 1.0093567615e+17
8 224774748.628 1.6994280655e+29 1.00854437811e+17
8 224810748.628 1.69756926881e+29 1.0077500575e+17
8 224846748.628 1.69571035501e+29 1.0069557369e+17
8 224882748.628 1.69384998937e+29 1.00616141629e+17
8 224918748.628 1.69198817153e+29 1.00536709568e+17
8 224954748.628 1.69012490113e+29 1.00457277507e+17
8 224990748.628 1.68826017778e+29 1.00377845447e+17
8 225026748.628 1.68639400112e+29 1.00298413386e+17
8 225062748.628 1.68452637079e+29 1.00218981325e+17
8 225098748.628 1.6825981964e+29 1.00139549264e+17
8 225134748.628 1.68046173149e+29 1.00047242178e+17
8 225170748.628 1.67821522476e+29 9.99548438122e+16
8 225206748.628 1.67596696062e+29 9.98624454461e+16
8 225242748.628 1.67371700138e+29 9.977004708e+16
8 225278748.628 1.6714653466e+29 9.96776487139e+16
8 225314748.628 1.66921199587e+29 9.95852503478e+16
8 225350748.628 1.66696885827e+29 9.94928519817e+16
8 225386748.628 1.66511746745e+29 9.9415346171e+16
8 225422748.628 1.66378612508e+29 9.93561505466e+16
8 225458748.628 1.66254241385e+29 9.92969549222e+16
8 225494748.628 1.66129765357e+29 9.92377592979e+16
8 225530748.628 1.66005184398e+29 9.91785636735e+16
8 225566748.628 1.6588049848e+29 9.91193680491e+16
8 225602748.628 1.65755707575e+29 9.90601724247e+16
8 225638748.628 1.65630811658e+29 9.90009768003e+16
8 225674748.628 1.65505810701e+29 9.89417811759e+16
8 225710748.628 1.65380704676e+29 9.88825855515e+16
8 225746748.628 1.65255493556e+29 9.88233899271e+16
8 225782748.628 1.65130177315e+29 9.87641943027e+16
8 225818748.628 1.65004755924e+29 9.87049986783e+16
8 225854748.628 1.64879229358e+29 9.86458030539e+16
8 225890748.628 1.64753597589e+29 9.85866074295e+16
8 225926748.628 1.64618675309e+29 9.85251788311e+16
8 225962748.628 1.64462111663e+29 9.84525170593e+16
8 225998748.628 1.64297800665e+29 9.83798552874e+16
8 226034748.628 1.64133359915e+29 9.83071935155e+16
8 226070748.628 1.63968789379e+29 9.82345317437e+16
8 226106748.628 1.63804089025e+29 9.81618699718e+16
8 226142748.628 1.63639258819e+29 9.80892081999e+16
8 226178748.628 1.6347429873e+29 9.8016546428e+16
8 226214748.628 1.63309208723e+29 9.79438846562e+16
8 226250748.628 1.63143988766e+29 9.78712228843e+16
8 226286748.628 1.62978638825e+29 9.77985611124e+16
8 226322748.628 1.62813158868e+29 9.77258993406e+16
8 226358748.628 1.62647548862e+29 9.76532375687e+16
8 226394748.628 1.62481808774e+29 9.75805757968e+16
8 226430748.628 1.6231593857e+29 9.75079140249e+16
8 226466748.628 1.62149938218e+29 9.74352522531e+16
8 226502748.628 1.61983807685e+29 9.73625904812e+16
8 226538748.628 1.61817546938e+29 9.72899287093e+16
8 226574748.628 1.61649233712e+29 9.72172669375e+16
8 226610748.628 1.6147411488e+29 9.71396107506e+16
8 226646748.628 1.6129538829e+29 9.70619369426e+16
8 226682748.628 1.61116522672e+29 9.69842631345e+16
8 226718748.628 1.60937519001e+29 9.69065893265e+16
8 226754748.628 1.60758377243e+29 9.68289155185e+16
8 226790748.628 1.60579097362e+29 9.67512417105e+16
8 226826748.628 1.60399679324e+29 9.66735679025e+16
8 226862748.628 1.60220123094e+29 9.65958940945e+16
8 226898748.628 1.60040428637e+29 9.65182202865e+16
8 226934748.628 1.59860595919e+29 9.64405464785e+16
8 226970748.628 1.59680624904e+29 9.63628726704e+16
8 227006748.628 1.59500515558e+29 9.62851988624e+16
8 227042748.628 1.59320267845e+29 9.62075250544e+16
8 227078748.628 1.59139881732e+29 9.61298512464e+16
8 227114748.628 1.58959357183e+29 9.60521774384e+16
8 227150748.628 1.58778694163e+29 9.59745036304e+16
8 227186748.628 1.58597892638e+29 9.58968298224e+16
8 227222748.628 1.58416494296e+29 9.58191560144e+16
8 227258748.628 1.58219055906e+29 9.57348211025e+16
8 227294748.628 1.58000203412e+29 9.56421188216e+16
8 227330748.628 1.57777511918e+29 9.55494165407e+16
8 227366748.628 1.57554655566e+29 9.54567142598e+16
8 227402748.628 1.57331634316e+29 9.53640119789e+16
8 227438748.628 1.57108448126e+29 9.5271309698e+16
8 227474748.628 1.56885096956e+29 9.51786074171e+16
8 227510748.628 1.56661580764e+29 9.50859051362e+16
8 227546748.628 1.56437899509e+29 9.49932028552e+16
8 227582748.628 1.56214053151e+29 9.49005005743e+16
8 227618748.628 1.55990041648e+29 9.48077982934e+16
8 227654748.628 1.55765864958e+29 9.47150960125e+16
8 227690748.628 1.55541523043e+29 9.46223937316e+16
8 227726748.628 1.55319827398e+29 9.45296914507e+16
8 227762748.628 1.55109045575e+29 9.44426496473e+16
8 227798748.628 1.54904543575e+29 9.43559417585e+16
8 227834748.628 1.54699916039e+29 9.42692338698e+16
8 227870748.628 1.54495135946e+29 9.4182525981e+16
8 227906748.628 1.54290203256e+29 9.40958180922e+16
8 227942748.628 1.54085117932e+29 9.40091102035e+16
8 227978748.628 1.53879879936e+29 9.39224023147e+16
8 228014748.628 1.5367448923e+29 9.38356944259e+16
8 228050748.628 1.53468945775e+29 9.37489865371e+16
8 228086748.628 1.53263249535e+29 9.36622786484e+16
8 228122748.628 1.53057832282e+29 9.35755707596e+16
8 228158748.628 1.52853780219e+29 9.34890948738e+16
8 228199248.628 1.74428495417e+29 9.33918118596e+16
8 228239748.628 1.74166745006e+29 9.32945288453e+16
8 228280248.628 1.73904775823e+29 9.31972458311e+16
8 228320748.628 1.73642587807e+29 9.30999628168e+16
8 228361248.628 1.73380180898e+29 9.30026798026e+16
8 228401748.628 1.73117555034e+29 9.29053967883e+16
8 228442248.628 1.7286389953e+29 9.28081137741e+16
8 228482748.628 1.72640161661e+29 9.27266232698e+16
8 228523248.628 1.7243165142e+29 9.2645176157e+16
8 228563748.628 1.7222296393e+29 9.25637290442e+16
8 228604248.628 1.72014096015e+29 9.24822819314e+16
8 228644748.628 1.71805047624e+29 9.24008348186e+16
8 228685248.628 1.71595818707e+29 9.23193877058e+16
8 228725748.628 1.71386409213e+29 9.2237940593e+16
8 228766248.628 1.71176819091e+29 9.21564934802e+16
8 228806748.628 1.70979259973e+29 9.20754677401e+16
8 228847248.628 1.70819157064e+29 9.20139576139e+16
8 228887748.628 1.70677260201e+29 9.19524474877e+16
8 228928248.628 1.70535230796e+29 9.18909373614e+16
8 228968748.628 1.7039306881e+29 9.18294272352e+16
8 229009248.628 1.70250774206e+29 9.1767917109e+16
8 229049748.628 1.70108346945e+29 9.17064069828e+16
8 229090248.628 1.69965786989e+29 9.16448968566e+16
8 229130748.628 1.698230943e+29 9.15833867304e+16
8 229171248.628 1.69680268841e+29 9.15218766042e+16
8 229211748.628 1.69537310573e+29 9.1460366478e+16
8 229252248.628 1.69394219458e+29 9.13988563517e+16
8 229292748.628 1.69250995458e+29 9.13373462255e+16
8 229333248.628 1.69107638536e+29 9.12758360993e+16
8 229373748.628 1.68964148652e+29 9.12143259731e+16
8 229414248.628 1.6882052577e+29 9.11528158469e+16
8 229454748.628 1.68676769851e+29 9.10913057207e+16
8 229495248.628 1.68532880857e+29 9.10297955945e+16
8 229535748.628 1.68388858751e+29 9.09682854683e+16
8 229576248.628 1.68244703493e+29 9.09067753421e+16
8 229616748.628 1.68100415046e+29 9.08452652158e+16
8 229657248.628 1.67907791238e+29 9.07817064992e+16
8 229697748.628 1.67567919104e+29 9.06379804646e+16
8 229738248.628 1.67156589027e+29 9.049425443e+16
8 229778748.628 1.66744937612e+29 9.03505283953e+16
8 229819248.628 1.6633296477e+29 9.02068023607e+16
8 229859748.628 1.65920670415e+29 9.00630763261e+16
8 229900248.628 1.65508054458e+29 8.99193502915e+16
8 229940748.628 1.65095116812e+29 8.97756242568e+16
8 229981248.628 1.64681857389e+29 8.96318982222e+16
8 230021748.628 1.64311290941e+29 8.9491991043e+16
8 230062248.628 1.64061399295e+29 8.94140543392e+16
8 230102748.628 1.63865930257e+29 8.93361176353e+16
8 230143248.628 1.63670293082e+29 8.92581809315e+16
8 230183748.628 1.63474487721e+29 8.91802442276e+16
8 230224248.628 1.63278514129e+29 8.91023075238e+16
8 230264748.628 1.63082372257e+29 8.90243708199e+16
8 230305248.628 1.62886062058e+29 8.89464341161e+16
8 230345748.628 1.62689583486e+29 8.88684974122e+16
8 230386248.628 1.62492936493e+29 8.87905607084e+16
8 230426748.628 1.62296121033e+29 8.87126240045e+16
8 230467248.628 1.62094178405e+29 8.86334526521e+16
8 230507748.628 1.61881645478e+29 8.85489911731e+16
8 230548248.628 1.61665446775e+29 8.84645296941e+16
8 230588748.628 1.61449066154e+29 8.83800682151e+16
8 230629248.628 1.61232503564e+29 8.82956067361e+16
8 230669748.628 1.61015758955e+29 8.82111452571e+16
8 230710248.628 1.60798832276e+29 8.81266837781e+16
8 230750748.628 1.60581723476e+29 8.80422222991e+16
8 230791248.628 1.60364432505e+29 8.79577608201e+16
8 230831748.628 1.60146959312e+29 8.78732993411e+16
8 230872248.628 1.59929303847e+29 8.77888378621e+16
8 230912748.628 1.59712389278e+29 8.77044352922e+16
8 230953248.628 1.59497368705e+29 8.76203483451e+16
8 230993748.628 1.59282918141e+29 8.75362613979e+16
8 231034248.628 1.59068287734e+29 8.74521744507e+16
8 231074748.628 1.58853477433e+29 8.73680875036e+16
8 231115248.628 1.58638487189e+29 8.72840005564e+16
8 231155748.628 1.58423316952e+29 8.71999136093e+16
8 231196248.628 1.58207966671e+29 8.71158266621e+16
8 231236748.628 1.57992436298e+29 8.7031739715e+16
8 231277248.628 1.57776725782e+29 8.69476527678e+16
8 231317748.628 1.57560835072e+29 8.68635658206e+16
8 231358248.628 1.57345336973e+29 8.67794788735e+16
8 231398748.628 1.57131710268e+29 8.66957545695e+16
8 231439248.628 1.56919057405e+29 8.66120469437e+16
8 231479748.628 1.56706230258e+29 8.65283393179e+16
8 231520248.628 1.56493225316e+29 8.64446316921e+16
8 231560748.628 1.56280042531e+29 8.63609240664e+16
8 231601248.628 1.56066681853e+29 8.62772164406e+16
8 231641748.628 1.55853143234e+29 8.61935088148e+16
8 231682248.628 1.55639426623e+29 8.6109801189e+16
8 231722748.628 1.55425531972e+29 8.60260935632e+16
8 231763248.628 1.55211459232e+29 8.59423859374e+16
8 231803748.628 1.54998805002e+29 8.58586783116e+16
8 231844248.628 1.54806123954e+29 8.57826629233e+16
8 231884748.628 1.54634340417e+29 8.57122437688e+16
8 231925248.628 1.54464672274e+29 8.56418246142e+16
8 231965748.628 1.542948573e+29 8.55714054597e+16
8 232006248.628 1.54124895457e+29 8.55009863052e+16
8 232046748.628 1.53954786702e+29 8.54305671506e+16
8 232087248.628 1.53784530995e+29 8.53601479961e+16
8 232127748.628 1.53614128294e+29 8.52897288415e+16
8 232168248.628 1.5344357856e+29 8.5219309687e+16
8 232208748.628 1.5327288175e+29 8.51488905325e+16
8 232249248.628 1.53102037825e+29 8.50784713779e+16
8 232289748.628 1.52931046742e+29 8.50080522234e+16
8 232330248.628 1.52759908462e+29 8.49376330688e+16
8 232375248.628 1.71640774098e+29 8.48593895638e+16
8 232420248.628 1.71426452409e+29 8.47811460588e+16
8 232465248.628 1.71211914698e+29 8.47029025537e+16
8 232510248.628 1.70993270783e+29 8.46234839798e+16
8 232555248.628 1.70767499039e+29 8.45405001546e+16
8 232600248.628 1.70539490293e+29 8.44575163294e+16
8 232645248.628 1.70311266714e+29 8.43745325043e+16
8 232690248.628 1.70082828236e+29 8.42915486791e+16
8 232735248.628 1.69854174793e+29 8.42085648539e+16
8 232780248.628 1.69625306318e+29 8.41255810287e+16
8 232825248.628 1.69396222745e+29 8.40425972035e+16
8 232870248.628 1.69166924009e+29 8.39596133783e+16
8 232915248.628 1.68937410044e+29 8.38766295531e+16
8 232960248.628 1.68707680783e+29 8.37936457279e+16
8 233005248.628 1.6847773616e+29 8.37106619027e+16
8 233050248.628 1.6824757611e+29 8.36276780775e+16
8 233095248.628 1.68017200566e+29 8.35446942523e+16
8 233140248.628 1.67786609462e+29 8.34617104271e+16
8 233185248.628 1.67555802732e+29 8.33787266019e+16
8 233230248.628 1.6732478031e+29 8.32957427768e+16
8 233275248.628 1.6709354213e+29 8.32127589516e+16
8 233320248.628 1.66862014105e+29 8.31297751264e+16
8 233365248.628 1.66577323268e+29 8.30349691148e+16
8 233410248.628 1.66193313389e+29 8.28986991874e+16
8 233455248.628 1.65778151768e+29 8.27624292601e+16
8 233500248.628 1.65362632946e+29 8.26261593327e+16
8 233545248.628 1.64946756813e+29 8.24898894054e+16
8 233590248.628 1.64530523265e+29 8.2353619478e+16
8 233635248.628 1.64113932193e+29 8.22173495507e+16
8 233680248.628 1.63696983492e+29 8.20810796234e+16
8 233725248.628 1.63279677054e+29 8.1944809696e+16
8 233770248.628 1.62865731512e+29 8.18085397687e+16
8 233815248.628 1.62519601728e+29 8.16944913778e+16
8 233860248.628 1.62253446213e+29 8.16036354036e+16
8 233905248.628 1.61998838378e+29 8.15127794293e+16
8 233950248.628 1.61743998541e+29 8.1421923455e+16
8 233995248.628 1.61488926632e+29 8.13310674808e+16
8 234040248.628 1.6123362258e+29 8.12402115065e+16
8 234085248.628 1.60978086316e+29 8.11493555322e+16
8 234130248.628 1.60722317768e+29 8.1058499558e+16
8 234175248.628 1.60466316867e+29 8.09676435837e+16
8 234220248.628 1.60210283403e+29 8.08767876094e+16
8 234265248.628 1.59956037663e+29 8.07861761606e+16
8 234310248.628 1.59703572357e+29 8.06957256726e+16
8 234355248.628 1.59451071655e+29 8.06052751846e+16
8 234400248.628 1.5919834165e+29 8.05148246965e+16
8 234445248.628 1.58945382271e+29 8.04243742085e+16
8 234490248.628 1.58692193449e+29 8.03339237205e+16
8 234535248.628 1.58438775115e+29 8.02434732325e+16
8 234580248.628 1.581851272e+29 8.01530227444e+16
8 234625248.628 1.57931249633e+29 8.00625722564e+16
8 234670248.628 1.57677301538e+29 7.99721217684e+16
8 234715248.628 1.57425090149e+29 7.98819002335e+16
8 234760248.628 1.57174745479e+29 7.97918608815e+16
8 234805248.628 1.56924419002e+29 7.97018215295e+16
8 234850248.628 1.56673865952e+29 7.96117821775e+16
8 234895248.628 1.56423086261e+29 7.95217428255e+16
8 234940248.628 1.56172079861e+29 7.94317034735e+16
8 234985248.628 1.55920846683e+29 7.93416641215e+16
8 235030248.628 1.55669386659e+29 7.92516247695e+16
8 235075248.628 1.5541769972e+29 7.91615854175e+16
8 235120248.628 1.55166246015e+29 7.90715460655e+16
8 235165248.628 1.54941807126e+29 7.89889208138e+16
8 235210248.628 1.54757605941e+29 7.8920419495e+16
8 235255248.628 1.54582491277e+29 7.88519181763e+16
8 235300248.628 1.54407208624e+29 7.87834168576e+16
8 235345248.628 1.54231757931e+29 7.87149155389e+16
8 235390248.628 1.54056139147e+29 7.86464142201e+16
8 235435248.628 1.53880352219e+29 7.85779129014e+16
8 235480248.628 1.53704397097e+29 7.85094115827e+16
8 235525248.628 1.53528273729e+29 7.84409102639e+16
8 235570248.628 1.53351982063e+29 7.83724089452e+16
8 235615248.628 1.53175522048e+29 7.83039076265e+16
8 235660248.628 1.52998893634e+29 7.82354063078e+16
8 235705248.628 1.52822096767e+29 7.8166904989e+16
8 235754748.628 1.69586022503e+29 7.80915535384e+16
8 235804248.628 1.69369494574e+29 7.80162020878e+16
8 235853748.628 1.6915273995e+29 7.79408506372e+16
8 235903248.628 1.68935758555e+29 7.78654991866e+16
8 235952748.628 1.68718550312e+29 7.7790147736e+16
8 236002248.628 1.68497996065e+29 7.77147962854e+16
8 236051748.628 1.68179065087e+29 7.76121670271e+16
8 236101248.628 1.67727017185e+29 7.74665521401e+16
8 236150748.628 1.67247712792e+29 7.7320937253e+16
8 236200248.628 1.66767962241e+29 7.71753223659e+16
8 236249748.628 1.66287765386e+29 7.70297074789e+16
8 236299248.628 1.65807122084e+29 7.68840925918e+16
8 236348748.628 1.65326032189e+29 7.67384777048e+16
8 236398248.628 1.64844495555e+29 7.65928628177e+16
8 236447748.628 1.64362625068e+29 7.64472479306e+16
8 236497248.628 1.63935438766e+29 7.63121643483e+16
8 236546748.628 1.6360851238e+29 7.62148556291e+16
8 236596248.628 1.63312814568e+29 7.61175469099e+16
8 236645748.628 1.63016826276e+29 7.60202381907e+16
8 236695248.628 1.6272054741e+29 7.59229294715e+16
8 236744748.628 1.62423977873e+29 7.58256207523e+16
8 236794248.628 1.62127117571e+29 7.5728312033e+16
8 236843748.628 1.61829966406e+29 7.56310033138e+16
8 236893248.628 1.61532524285e+29 7.55336945946e+16
8 236942748.628 1.61222968408e+29 7.54363858754e+16
8 236992248.628 1.60868104169e+29 7.53177971643e+16
8 237041748.628 1.60484420484e+29 7.51965817731e+16
8 237091248.628 1.60100109165e+29 7.50753663819e+16
8 237140748.628 1.59715434868e+29 7.49541509908e+16
8 237190248.628 1.59330397475e+29 7.48329355996e+16
8 237239748.628 1.58946470971e+29 7.47117202084e+16
8 237289248.628 1.58577284025e+29 7.45952489246e+16
8 237338748.628 1.58223096027e+29 7.44822064666e+16
8 237388248.628 1.57870197984e+29 7.43691640086e+16
8 237437748.628 1.57516964264e+29 7.42561215505e+16
8 237487248.628 1.57169922796e+29 7.41430790925e+16
8 237536748.628 1.5685443884e+29 7.40430533457e+16
8 237586248.628 1.56562012708e+29 7.39463044283e+16
8 237635748.628 1.56270010946e+29 7.38495555109e+16
8 237685248.628 1.55977725078e+29 7.37528065936e+16
8 237734748.628 1.55693336752e+29 7.36560576762e+16
8 237784248.628 1.5543421915e+29 7.35713366995e+16
8 237833748.628 1.55188536494e+29 7.34869370259e+16
8 237883248.628 1.54942629442e+29 7.34025373522e+16
8 237932748.628 1.5469647735e+29 7.33181376785e+16
8 237982248.628 1.54450080138e+29 7.32337380049e+16
8 238031748.628 1.54204746828e+29 7.31493383312e+16
8 238081248.628 1.53982794218e+29 7.30719849347e+16
8 238130748.628 1.53788606931e+29 7.30025238273e+16
8 238180248.628 1.53598632281e+29 7.29330627198e+16
8 238229748.628 1.53408459813e+29 7.28636016124e+16
8 238279248.628 1.5321808946e+29 7.27941405049e+16
8 238328748.628 1.53027521158e+29 7.27246793975e+16
8 238378248.628 1.5283675484e+29 7.265521829e+16
8 238432248.628 1.67891255933e+29 7.25794425365e+16
8 238486248.628 1.67661828445e+29 7.25036667829e+16
8 238540248.628 1.67432141461e+29 7.24278910293e+16
8 238594248.628 1.67202194889e+29 7.23521152757e+16
8 238648248.628 1.66971988634e+29 7.22763395221e+16
8 238702248.628 1.66741522603e+29 7.22005637686e+16
8 238756248.628 1.6650525529e+29 7.2124788015e+16
8 238810248.628 1.66162737305e+29 7.20193320702e+16
8 238864248.628 1.65690680481e+29 7.18768201705e+16
8 238918248.628 1.65196039625e+29 7.17343082708e+16
8 238972248.628 1.64700900707e+29 7.15917963711e+16
8 239026248.628 1.64205263554e+29 7.14492844714e+16
8 239080248.628 1.6370912799e+29 7.13067725718e+16
8 239134248.628 1.6321249384e+29 7.11642606721e+16
8 239188248.628 1.62719663605e+29 7.10217487724e+16
8 239242248.628 1.62268202423e+29 7.08919228276e+16
8 239296248.628 1.61858195496e+29 7.07711855049e+16
8 239350248.628 1.61452104939e+29 7.06504481823e+16
8 239404248.628 1.61045598405e+29 7.05297108596e+16
8 239458248.628 1.60638675746e+29 7.0408973537e+16
8 239512248.628 1.60229815868e+29 7.02882362143e+16
8 239566248.628 1.59806811096e+29 7.01624227424e+16
8 239620248.628 1.59369944999e+29 7.00332100423e+16
8 239674248.628 1.58931327046e+29 6.99039973423e+16
8 239728248.628 1.58499791556e+29 6.97747846423e+16
8 239782248.628 1.58145277236e+29 6.96700852809e+16
8 239836248.628 1.57869659568e+29 6.95841047548e+16
8 239890248.628 1.5760256079e+29 6.94981242286e+16
8 239944248.628 1.57335173462e+29 6.94121437025e+16
8 239998248.628 1.5706749748e+29 6.93261631764e+16
8 240052248.628 1.56800405353e+29 6.92401826502e+16
8 240106248.628 1.56548796959e+29 6.91583595084e+16
8 240160248.628 1.5631590251e+29 6.90815531132e+16
8 240214248.628 1.56085920728e+29 6.9004746718e+16
8 240268248.628 1.55855684701e+29 6.89279403227e+16
8 240322248.628 1.55625194337e+29 6.88511339275e+16
8 240376248.628 1.55394449546e+29 6.87743275323e+16
8 240430248.628 1.55163450236e+29 6.8697521137e+16
8 240484248.628 1.54932196316e+29 6.86207147418e+16
8 240538248.628 1.54700687695e+29 6.85439083466e+16
8 240592248.628 1.54468924283e+29 6.84671019513e+16
8 240646248.628 1.54236905988e+29 6.83902955561e+16
8 240700248.628 1.54004632719e+29 6.83134891609e+16
8 240754248.628 1.53737801759e+29 6.82366827656e+16
8 240808248.628 1.53368550681e+29 6.81108889044e+16
8 240862248.628 1.52944725583e+29 6.79840153829e+16
8 240920748.628 1.66347296349e+29 6.78465690679e+16
8 240979248.628 1.65845267336e+29 6.77091227529e+16
8 241037748.628 1.65342691915e+29 6.75716764379e+16
8 241096248.628 1.6483956988e+29 6.74342301229e+16
8 241154748.628 1.64335901026e+29 6.72967838079e+16
8 241213248.628 1.63811857174e+29 6.7159337493e+16
8 241271748.628 1.63228911752e+29 6.6995198367e+16
8 241330248.628 1.62614054267e+29 6.68302774979e+16
8 241388748.628 1.61998499647e+29 6.66653566288e+16
8 241447248.628 1.61426467553e+29 6.65004357598e+16
8 241505748.628 1.60979312605e+29 6.63898062881e+16
8 241564248.628 1.60596585196e+29 6.62798207028e+16
8 241622748.628 1.60213468528e+29 6.61698351174e+16
8 241681248.628 1.59830565594e+29 6.6059849532e+16
8 241739748.628 1.59449142644e+29 6.59501164249e+16
8 241798248.628 1.59068327974e+29 6.58403920457e+16
8 241856748.628 1.58687090354e+29 6.57306676665e+16
8 241915248.628 1.58323379712e+29 6.56209432873e+16
8 241973748.628 1.58020742738e+29 6.55361012514e+16
8 242032248.628 1.57755273086e+29 6.5453855228e+16
8 242090748.628 1.57489759545e+29 6.53716092045e+16
8 242149248.628 1.57223934029e+29 6.5289363181e+16
8 242207748.628 1.56957796418e+29 6.52071171576e+16
8 242266248.628 1.56691346594e+29 6.51248711341e+16
8 242324748.628 1.56424584436e+29 6.50426251106e+16
8 242383248.628 1.56149675044e+29 6.49603790872e+16
8 242441748.628 1.5583503466e+29 6.48629755716e+16
8 242500248.628 1.55489504591e+29 6.47607513553e+16
8 242558748.628 1.55142361793e+29 6.46585271389e+16
8 242617248.628 1.54794829761e+29 6.45563029226e+16
8 242675748.628 1.54446908346e+29 6.44540787063e+16
8 242734248.628 1.54098597401e+29 6.435185449e+16
8 242792748.628 1.5374989678e+29 6.42496302737e+16
8 242851248.628 1.53400806334e+29 6.41474060573e+16
8 242909748.628 1.53050115508e+29 6.4045181841e+16
8 242972748.628 1.65350386442e+29 6.39244021827e+16
8 243035748.628 1.64844612265e+29 6.37890064381e+16
8 243098748.628 1.64328662304e+29 6.36536106934e+16
8 243161748.628 1.63812110959e+29 6.35182149487e+16
8 243224748.628 1.63294957987e+29 6.33828192041e+16
8 243287748.628 1.62777203145e+29 6.32474234594e+16
8 243350748.628 1.62255235329e+29 6.31120277147e+16
8 243413748.628 1.6171480928e+29 6.29694908659e+16
8 243476748.628 1.61159938135e+29 6.28246263075e+16
8 243539748.628 1.60603840766e+29 6.2679761749e+16
8 243602748.628 1.60047408291e+29 6.25348971906e+16
8 243665748.628 1.59527229806e+29 6.23961203456e+16
8 243728748.628 1.59066811077e+29 6.22764903749e+16
8 243791748.628 1.58623758501e+29 6.21568604043e+16
8 243854748.628 1.58180184117e+29 6.20372304337e+16
8 243917748.628 1.57736695254e+29 6.19176004631e+16
8 243980748.628 1.57294474606e+29 6.17979790618e+16
8 244043748.628 1.56852716071e+29 6.16783580202e+16
8 244106748.628 1.56410440126e+29 6.15587369786e+16
8 244169748.628 1.55984892517e+29 6.14391159371e+16
8 244232748.628 1.55614905732e+29 6.13412726576e+16
8 244295748.628 1.55277766401e+29 6.12453727794e+16
8 244358748.628 1.5494038683e+29 6.11494729011e+16
8 244421748.628 1.54602597317e+29 6.10535730229e+16
8 244484748.628 1.54264397694e+29 6.09576731446e+16
8 244547748.628 1.53925110383e+29 6.08617732663e+16
8 244610748.628 1.53582205292e+29 6.07640365932e+16
8 244673748.628 1.53236462209e+29 6.06657527298e+16
8 244736748.628 1.528902119e+29 6.05674688663e+16
8 244804248.628 1.6425096853e+29 6.04621647269e+16
8 244871748.628 1.63850433543e+29 6.03568605874e+16
8 244939248.628 1.63449381922e+29 6.0251556448e+16
8 245006748.628 1.63047813443e+29 6.01462523086e+16
8 245074248.628 1.62642128658e+29 6.00409481691e+16
8 245141748.628 1.62181857111e+29 5.99221980367e+16
8 245209248.628 1.6165810767e+29 5.97873097739e+16
8 245276748.628 1.61123246918e+29 5.96524215111e+16
8 245344248.628 1.60587723798e+29 5.95175332482e+16
8 245411748.628 1.60051538028e+29 5.93826449854e+16
8 245479248.628 1.59514689323e+29 5.92477567226e+16
8 245546748.628 1.58980583688e+29 5.91128684597e+16
8 245614248.628 1.5846990711e+29 5.89840709293e+16
8 245681748.628 1.57980699986e+29 5.88588490857e+16
8 245749248.628 1.57492777336e+29 5.87336272421e+16
8 245816748.628 1.57004246976e+29 5.86084053985e+16
8 245884248.628 1.56515108648e+29 5.84831835549e+16
8 245951748.628 1.56025362091e+29 5.83579617113e+16
8 246019248.628 1.55504958651e+29 5.82299753776e+16
8 246086748.628 1.54920028934e+29 5.80771798582e+16
8 246154248.628 1.54308356898e+29 5.79243843387e+16
8 246221748.628 1.53695943895e+29 5.77715888193e+16
8 246289248.628 1.53106388547e+29 5.76187932998e+16
8 246361248.628 1.6350325582e+29 5.74959684641e+16
8 246433248.628 1.63056745058e+29 5.73850291059e+16
8 246505248.628 1.62613268817e+29 5.72740897478e+16
8 246577248.628 1.62169190846e+29 5.71631503897e+16
8 246649248.628 1.61724510871e+29 5.70522110316e+16
8 246721248.628 1.61285761118e+29 5.69415622986e+16
8 246793248.628 1.60861243722e+29 5.68352208479e+16
8 246865248.628 1.6044266404e+29 5.67288793972e+16
8 246937248.628 1.60023513799e+29 5.66225379466e+16
8 247009248.628 1.59603792738e+29 5.65161964959e+16
8 247081248.628 1.59183500595e+29 5.64098550452e+16
8 247153248.628 1.58762637109e+29 5.63035135945e+16
8 247225248.628 1.58341202017e+29 5.61971721438e+16
8 247297248.628 1.57916844402e+29 5.60908306931e+16
8 247369248.628 1.57382281162e+29 5.59648412271e+16
8 247441248.628 1.56686414766e+29 5.57913392249e+16
8 247513248.628 1.55947664818e+29 5.56178372227e+16
8 247585248.628 1.55207975537e+29 5.54443352206e+16
8 247657248.628 1.54467346508e+29 5.52708332184e+16
8 247729248.628 1.5374490779e+29 5.50990012121e+16
8 247801248.628 1.53059519858e+29 5.49388585997e+16
8 247877748.628 1.62502281298e+29 5.4768707074e+16
8 247954248.628 1.61777230602e+29 5.45985555482e+16
8 248030748.628 1.61194642167e+29 5.44734430851e+16
8 248107248.628 1.60710892959e+29 5.43581234862e+16
8 248183748.628 1.60228776191e+29 5.42428038872e+16
8 248260248.628 1.59745707226e+29 5.41274842882e+16
8 248336748.628 1.59234493002e+29 5.40080987034e+16
8 248413248.628 1.58677924965e+29 5.38746302862e+16
8 248489748.628 1.58106810522e+29 5.3741161869e+16
8 248566248.628 1.57534902372e+29 5.36076934518e+16
8 248642748.628 1.56962486194e+29 5.34742250346e+16
8 248719248.628 1.56392188713e+29 5.33408228711e+16
8 248795748.628 1.55824162183e+29 5.32074818096e+16
8 248872248.628 1.55255756559e+29 5.3074140748e+16
8 248948748.628 1.54686563536e+29 5.29407996865e+16
8 249025248.628 1.54106185397e+29 5.2807458625e+16
8 249101748.628 1.53474205819e+29 5.2657964826e+16
8 249178248.628 1.5280123638e+29 5.25025904174e+16
8 249259248.628 1.61591477257e+29 5.23380763377e+16
8 249340248.628 1.60903641721e+29 5.21823869192e+16
8 249421248.628 1.60336797157e+29 5.2061512418e+16
8 249502248.628 1.59808784106e+29 5.19406379168e+16
8 249583248.628 1.592799838e+29 5.18197634155e+16
8 249664248.628 1.58742416386e+29 5.16988889143e+16
8 249745248.628 1.58028807851e+29 5.15453071699e+16
8 249826248.628 1.57088342667e+29 5.13354795202e+16
8 249907248.628 1.56197290669e+29 5.11256518705e+16
8 249988248.628 1.55606139775e+29 5.10169690113e+16
8 250069248.628 1.55192754029e+29 5.09177174126e+16
8 250150248.628 1.54779896889e+29 5.08184658138e+16
8 250231248.628 1.54366407214e+29 5.0719214215e+16
8 250312248.628 1.5395228468e+29 5.06199626163e+16
8 250393248.628 1.53495757536e+29 5.05202828819e+16
8 250474248.628 1.52935933868e+29 5.03819987714e+16
8 250559748.628 1.61249097705e+29 5.02360322104e+16
8 250645248.628 1.60565001309e+29 5.00900656494e+16
8 250730748.628 1.59879858642e+29 4.99440990883e+16
8 250816248.628 1.59193221218e+29 4.97981325273e+16
8 250901748.628 1.58468690032e+29 4.96469916845e+16
8 250987248.628 1.57684487721e+29 4.94781448882e+16
8 251072748.628 1.56881108587e+29 4.93092980919e+16
8 251158248.628 1.56076525125e+29 4.91404512956e+16
8 251243748.628 1.5530167251e+29 4.89716044993e+16
8 251329248.628 1.54649503318e+29 4.88378566025e+16
8 251414748.628 1.54085145938e+29 4.87131232698e+16
8 251500248.628 1.53522640873e+29 4.85883899371e+16
8 251585748.628 1.52959263824e+29 4.84636566044e+16
8 251675748.628 1.60830015558e+29 4.83323583595e+16
8 251765748.628 1.60173765536e+29 4.82010601145e+16
8 251855748.628 1.59346071446e+29 4.80271013397e+16
8 251945748.628 1.58366766564e+29 4.78297903657e+16
8 252035748.628 1.57374109188e+29 4.76324793918e+16
8 252125748.628 1.56401245962e+29 4.74351684178e+16
8 252215748.628 1.5550148547e+29 4.72584538234e+16
8 252305748.628 1.54649979486e+29 4.70855378129e+16
8 252395748.628 1.53827908837e+29 4.69126218024e+16
8 252485748.628 1.53112566266e+29 4.67705204155e+16
8 252580248.628 1.60460528482e+29 4.6627950631e+16
8 252674748.628 1.59750420743e+29 4.64853808466e+16
8 252769248.628 1.58986760146e+29 4.63385409642e+16
8 252863748.628 1.58124049246e+29 4.61622904827e+16
8 252958248.628 1.57222299845e+29 4.59860400013e+16
8 253052748.628 1.5627017864e+29 4.58065242899e+16
8 253147248.628 1.55222310049e+29 4.55966824409e+16
8 253241748.628 1.54299709698e+29 4.5407826804e+16
8 253336248.628 1.53628275142e+29 4.52833710579e+16
8 253430748.628 1.53029890869e+29 4.51589153117e+16
8 253529748.628 1.59964073617e+29 4.50264973473e+16
8 253628748.628 1.59119507665e+29 4.48548718108e+16
8 253727748.628 1.58216383314e+29 4.46832462743e+16
8 253826748.628 1.57293395092e+29 4.45097558285e+16
8 253925748.628 1.56336885958e+29 4.43264328979e+16
8 254024748.628 1.55403333118e+29 4.41431099673e+16
8 254123748.628 1.54610530359e+29 4.39965494874e+16
8 254222748.628 1.53919572633e+29 4.38600090513e+16
8 254321748.628 1.5323027104e+29 4.37234686153e+16
8 254425248.628 1.59686642905e+29 4.35713562228e+16
8 254528748.628 1.58716228527e+29 4.3386223269e+16
8 254632248.628 1.5770372716e+29 4.32010903153e+16
8 254735748.628 1.56682150674e+29 4.30147252765e+16
8 254839248.628 1.55647742489e+29 4.28244581647e+16
8 254942748.628 1.54643612729e+29 4.26341910528e+16
8 255046248.628 1.53771081469e+29 4.24776902571e+16
8 255149748.628 1.52991578725e+29 4.23296177301e+16
8 255257748.628 1.59081672824e+29 4.21751072671e+16
8 255365748.628 1.58097858971e+29 4.19968244059e+16
8 255473748.628 1.56995718497e+29 4.17993124777e+16
8 255581748.628 1.55900482798e+29 4.16018005496e+16
8 255689748.628 1.54861805942e+29 4.14199921775e+16
8 255797748.628 1.53863934787e+29 4.12388275034e+16
8 255905748.628 1.52975314575e+29 4.10770236331e+16
8 256018248.628 1.587892165e+29 4.09298902359e+16
8 256130748.628 1.57969128688e+29 4.07827568387e+16
8 256243248.628 1.57113837986e+29 4.06356234416e+16
8 256355748.628 1.55980505329e+29 4.04361577699e+16
8 256468248.628 1.54568434095e+29 4.0191199068e+16
8 256580748.628 1.53292741484e+29 3.9961729245e+16
8 256697748.628 1.58610042065e+29 3.97952275368e+16
8 256814748.628 1.57638343418e+29 3.96287258285e+16
8 256931748.628 1.56534345252e+29 3.94502758398e+16
8 257048748.628 1.55216207868e+29 3.92198942175e+16
8 257165748.628 1.53971827679e+29 3.89976663956e+16
8 257282748.628 1.53004936633e+29 3.88471563314e+16
8 257404248.628 1.58201293216e+29 3.86908574187e+16
8 257525748.628 1.57213328373e+29 3.8534558506e+16
8 257647248.628 1.55939654739e+29 3.83159548327e+16
8 257768748.628 1.54458003148e+29 3.80724887836e+16
8 257890248.628 1.53171604765e+29 3.78624605324e+16
8 258016248.628 1.5792200695e+29 3.7683413033e+16
8 258142248.628 1.56797371401e+29 3.75043655336e+16
8 258268248.628 1.55576110211e+29 3.7305050761e+16
8 258394248.628 1.5427337666e+29 3.70960138339e+16
8 258520248.628 1.52987489321e+29 3.68881079048e+16
8 258650748.628 1.57320478658e+29 3.66829734223e+16
8 258781248.628 1.56014393765e+29 3.64778389398e+16
8 258911748.628 1.54780105268e+29 3.62845141704e+16
8 259042248.628 1.5361527706e+29 3.61003934628e+16
8 259177248.628 1.57848657755e+29 3.59099237652e+16
8 259312248.628 1.56428718428e+29 3.56968668889e+16
8 259447248.628 1.54807327111e+29 3.5447657295e+16
8 259582248.628 1.53171630144e+29 3.51991418847e+16
8 259721748.628 1.56769061518e+29 3.49560106729e+16
8 259861248.628 1.55196581973e+29 3.47194586366e+16
8 260000748.628 1.5375870653e+29 3.45105515473e+16
8 260144748.628 1.57487260914e+29 3.43014417571e+16
8 260288748.628 1.56231856922e+29 3.41210041801e+16
8 260432748.628 1.5502239589e+29 3.39405666031e+16
8 260576748.628 1.53683260411e+29 3.37601290261e+16
8 260725248.628 1.56869754821e+29 3.34916979985e+16
8 260873748.628 1.54931365789e+29 3.32195665921e+16
8 261022248.628 1.53069890112e+29 3.29598456331e+16
8 261175248.628 1.55997736807e+29 3.26993094999e+16
8 261328248.628 1.5434730238e+29 3.24761116363e+16
8 261481248.628 1.52817783855e+29 3.22651973966e+16
8 261638748.628 1.5536975744e+29 3.19915829481e+16
8 261796248.628 1.53081005799e+29 3.16586853108e+16
8 261958248.628 1.55475716359e+29 3.14092198396e+16
8 262120248.628 1.53650176428e+29 3.11394440158e+16
8 262286748.628 1.56511565284e+29 3.09574779547e+16
8 262453248.628 1.54619464551e+29 3.07187454551e+16
8 262624248.628 1.56747476239e+29 3.04089301469e+16
8 262795248.628 1.55154222427e+29 3.02224948073e+16
8 262966248.628 1.53363672844e+29 3.00360594677e+16
8 263141748.628 1.54824044665e+29 2.96234823167e+16
8 263321748.628 1.56173884162e+29 2.93369492464e+16
8 263501748.628 1.53824696365e+29 2.9029054731e+16
8 263686248.628 1.55605487272e+29 2.87731544483e+16
8 263870748.628 1.53638130198e+29 2.85457119009e+16
8 264059748.628 1.55260645128e+29 2.82652647784e+16
8 264248748.628 1.5306282892e+29 2.80075289145e+16
8 264442248.628 1.54377111762e+29 2.77274064822e+16
8 264640248.628 1.55414722987e+29 2.74101611559e+16
8 264838248.628 1.52962028838e+29 2.71382380803e+16
8 265040748.628 1.53983960208e+29 2.68487012507e+16
8 265247748.628 1.54646835497e+29 2.65380754546e+16
8 265459248.628 1.55043196737e+29 2.61929156334e+16
8 265675248.628 1.55392893625e+29 2.58786643417e+16
8 265895748.628 1.55630294831e+29 2.55488945343e+16
8 266120748.628 1.55775349797e+29 2.52221206196e+16
8 266345748.628 1.52799653569e+29 2.49212700668e+16
8 266579748.628 1.5548179903e+29 2.45295400426e+16
8 266818248.628 1.55137336592e+29 2.42194278246e+16
8 267061248.628 1.54714685248e+29 2.38671195148e+16
8 267308748.628 1.54195090465e+29 2.35310352104e+16
8 267560748.628 1.53345758126e+29 2.32196088389e+16
8 267821748.628 1.54351094714e+29 2.27304336289e+16
8 268087248.628 1.52818136681e+29 2.23549962919e+16
8 268361748.628 1.53839622469e+29 2.19683538138e+16
8 268645248.628 1.5441614219e+29 2.15706518055e+16
8 268937748.628 1.54457796145e+29 2.11254683848e+16
8 269239248.628 1.54199445472e+29 2.07048489955e+16
8 269549748.628 1.53714072097e+29 2.02741659234e+16
8 269869248.628 1.53374804018e+29 1.98629912935e+16
8 270202248.628 1.54125435161e+29 1.94689547905e+16
8 270548748.628 1.53242750379e+29 1.88556848887e+16
8 270913248.628 1.54415911306e+29 1.83581040555e+16
8 271291248.628 1.53256893448e+29 1.7865821981e+16
8 271687248.628 1.52848604355e+29 1.72895757149e+16
8 272105748.628 1.53399184398e+29 1.67556427013e+16
8 272551248.628 1.53923997507e+29 1.61600542249e+16
8 273023748.628 1.52937615911e+29 1.54873789997e+16
8 273532248.628 1.53211219101e+29 1.48110363563e+16
8 274085748.628 1.53454437698e+29 1.40911479114e+16
8 274693248.628 1.53146274241e+29 1.32932700402e+16
8 275372748.628 1.53181435518e+29 1.24130943465e+16
8 276151248.628 1.52895612581e+29 1.1458645384e+16
8 277087248.628 1.52939155976e+29 1.02586940624e+16
8 278315748.628 1.52797335235e+29 8.72689794803e+15
8 280633248.628 1.52713497894e+29 6.03018260003e+15
#
#
# runtime:  7481.52640796  seconds
