## fname ../data/profile140.data  masscut 0.95    N 16   mp 1.988e+25   RKstep 3547817749.95    outer_step 3547817749.95
16 6.18521138723e+12 2.03257286935e+29
16 6.18875920498e+12 2.0289184177e+29
16 6.19230702273e+12 2.02525156656e+29
16 6.19585484048e+12 2.02157230412e+29
16 6.19940265823e+12 2.01788061857e+29
16 6.20295047598e+12 2.01417649808e+29
16 6.20649829373e+12 2.01030495659e+29
16 6.21004611148e+12 2.00438357172e+29
16 6.21359392923e+12 1.99780278022e+29
16 6.21714174698e+12 1.99120302276e+29
16 6.22068956473e+12 1.98599557847e+29
16 6.22423738248e+12 1.98235804539e+29
16 6.22778520023e+12 1.9787276051e+29
16 6.23133301798e+12 1.97530416845e+29
16 6.23488083573e+12 1.97305417432e+29
16 6.23842865348e+12 1.97090258465e+29
16 6.24197647123e+12 1.96874226239e+29
16 6.24552428898e+12 1.966573199e+29
16 6.24907210673e+12 1.96439538593e+29
16 6.25261992448e+12 1.96220881466e+29
16 6.25616774223e+12 1.95956491719e+29
16 6.25971555998e+12 1.95608520011e+29
16 6.26326337773e+12 1.95255187885e+29
16 6.26681119548e+12 1.94900677504e+29
16 6.27035901323e+12 1.9454498776e+29
16 6.27390683098e+12 1.94188117545e+29
16 6.27745464873e+12 1.9383006575e+29
16 6.28100246648e+12 1.93476633646e+29
16 6.28455028423e+12 1.93128607456e+29
16 6.28809810198e+12 1.9277950994e+29
16 6.29164591973e+12 1.92429254617e+29
16 6.29519373748e+12 1.92077840403e+29
16 6.29874155523e+12 1.91725266215e+29
16 6.30228937298e+12 1.91371574798e+29
16 6.30583719073e+12 1.91023116295e+29
16 6.30938500848e+12 1.90679513823e+29
16 6.31293282623e+12 1.90334775063e+29
16 6.31648064398e+12 1.89988898957e+29
16 6.32002846173e+12 1.89641884444e+29
16 6.32357627948e+12 1.89293730462e+29
16 6.32712409723e+12 1.88944435953e+29
16 6.33067191498e+12 1.88598668113e+29
16 6.33421973273e+12 1.8825652842e+29
16 6.33776755048e+12 1.87913276016e+29
16 6.34131536823e+12 1.87568900031e+29
16 6.34486318598e+12 1.87223399424e+29
16 6.34841100373e+12 1.86876773151e+29
16 6.35195882148e+12 1.8652902017e+29
16 6.35550663923e+12 1.86062144216e+29
16 6.35905445698e+12 1.8545729899e+29
16 6.36260227473e+12 1.84848699067e+29
16 6.36615009248e+12 1.84256723761e+29
16 6.36969791023e+12 1.83875136527e+29
16 6.37324572798e+12 1.83539383864e+29
16 6.37679354573e+12 1.83202540714e+29
16 6.38034136348e+12 1.82913549447e+29
16 6.38388918123e+12 1.82710940997e+29
16 6.38743699898e+12 1.82511810024e+29
16 6.39098481673e+12 1.82311897614e+29
16 6.39453263448e+12 1.8211120302e+29
16 6.39808045223e+12 1.81909725498e+29
16 6.40162826998e+12 1.81707464303e+29
16 6.40517608773e+12 1.81485287738e+29
16 6.40872390548e+12 1.81168152826e+29
16 6.41227172323e+12 1.8084164448e+29
16 6.41581954098e+12 1.80514079812e+29
16 6.41936735873e+12 1.80185457852e+29
16 6.42291517648e+12 1.79855777631e+29
16 6.42646299423e+12 1.7952503818e+29
16 6.43001081198e+12 1.79182140051e+29
16 6.43355862973e+12 1.7866674409e+29
16 6.43710644748e+12 1.78078361915e+29
16 6.44065426523e+12 1.77488355697e+29
16 6.44420208298e+12 1.76942356575e+29
16 6.44774990073e+12 1.76602256265e+29
16 6.45129771848e+12 1.76279068514e+29
16 6.45484553623e+12 1.75954848447e+29
16 6.45839335398e+12 1.75687512714e+29
16 6.46194117173e+12 1.754939519e+29
16 6.46548898948e+12 1.75301506524e+29
16 6.46903680723e+12 1.75108320935e+29
16 6.47258462498e+12 1.74914394438e+29
16 6.47613244273e+12 1.74719726336e+29
16 6.47968026048e+12 1.74524315934e+29
16 6.48322807823e+12 1.74319001042e+29
16 6.48677589598e+12 1.74017842234e+29
16 6.49032371373e+12 1.7370312172e+29
16 6.49387153148e+12 1.73387400186e+29
16 6.49741934923e+12 1.73070676727e+29
16 6.50096716698e+12 1.72752950436e+29
16 6.50451498473e+12 1.72434220407e+29
16 6.50806280248e+12 1.72114485734e+29
16 6.51161062023e+12 1.71690207187e+29
16 6.51515843798e+12 1.71132569778e+29
16 6.51870625573e+12 1.70570241187e+29
16 6.52225407348e+12 1.70010846318e+29
16 6.52580189123e+12 1.6959493846e+29
16 6.52934970898e+12 1.69282716098e+29
16 6.53289752673e+12 1.68969513843e+29
16 6.53644534448e+12 1.68660921604e+29
16 6.53999316223e+12 1.68437533883e+29
16 6.54354097998e+12 1.68249217376e+29
16 6.54708879773e+12 1.68060194664e+29
16 6.55063661548e+12 1.67870465092e+29
16 6.55418443323e+12 1.67680028005e+29
16 6.55773225098e+12 1.67488882747e+29
16 6.56128006873e+12 1.67297028665e+29
16 6.56482788648e+12 1.67051293572e+29
16 6.56837570423e+12 1.66527808257e+29
16 6.57192352198e+12 1.65978027259e+29
16 6.57547133973e+12 1.65426766773e+29
16 6.57901915748e+12 1.64935218149e+29
16 6.58256697523e+12 1.64616379033e+29
16 6.58611479297e+12 1.64309107104e+29
16 6.58966261072e+12 1.64000885659e+29
16 6.59321042847e+12 1.63731980547e+29
16 6.59675824622e+12 1.63543132005e+29
16 6.60030606397e+12 1.63358108835e+29
16 6.60385388172e+12 1.63172403659e+29
16 6.60740169947e+12 1.62986015852e+29
16 6.61094951722e+12 1.62798944788e+29
16 6.61449733497e+12 1.62611189841e+29
16 6.61804515272e+12 1.62422750383e+29
16 6.62159297047e+12 1.62190172891e+29
16 6.62514078822e+12 1.6189226219e+29
16 6.62868860597e+12 1.6159109105e+29
16 6.63223642372e+12 1.61288996088e+29
16 6.63578424147e+12 1.60985976488e+29
16 6.63933205922e+12 1.60682031433e+29
16 6.64287987697e+12 1.60377160108e+29
16 6.64642769472e+12 1.60071361696e+29
16 6.64997551247e+12 1.5967999187e+29
16 6.65352333022e+12 1.59147365574e+29
16 6.65707114797e+12 1.5860716602e+29
16 6.66061896572e+12 1.58065542632e+29
16 6.66416678347e+12 1.57608260828e+29
16 6.66771460122e+12 1.57301004056e+29
16 6.67126241897e+12 1.57000100061e+29
16 6.67481023672e+12 1.56698288283e+29
16 6.67835805447e+12 1.56433153642e+29
16 6.68190587222e+12 1.56246421824e+29
16 6.68545368997e+12 1.56063655162e+29
16 6.68900150772e+12 1.55880235901e+29
16 6.69254932547e+12 1.55696163453e+29
16 6.69609714322e+12 1.55511437227e+29
16 6.69964496097e+12 1.55326056634e+29
16 6.70319277872e+12 1.55140021084e+29
16 6.70674059647e+12 1.54937766675e+29
16 6.71028841422e+12 1.54651136237e+29
16 6.71383623197e+12 1.543560668e+29
16 6.71738404972e+12 1.54060113812e+29
16 6.72093186747e+12 1.53763276505e+29
16 6.72447968522e+12 1.5346555411e+29
16 6.72802750297e+12 1.53166945857e+29
16 6.73157532072e+12 1.52867450979e+29
16 6.73512313847e+12 1.52558158981e+29
16 6.73867095622e+12 1.52103010267e+29
16 6.74221877397e+12 1.51581884527e+29
16 6.74576659172e+12 1.51059408224e+29
16 6.74931440947e+12 1.50536649021e+29
16 6.75286222722e+12 1.50132470648e+29
16 6.75641004497e+12 1.49837577037e+29
16 6.75995786272e+12 1.4954181493e+29
16 6.76350568047e+12 1.49245183577e+29
16 6.76705349822e+12 1.48984042565e+29
16 6.77060131597e+12 1.48797763197e+29
16 6.77414913372e+12 1.48615213086e+29
16 6.77769695147e+12 1.48432035078e+29
16 6.78124476922e+12 1.48248228617e+29
16 6.78479258697e+12 1.48063793143e+29
16 6.78834040472e+12 1.478787281e+29
16 6.79188822247e+12 1.4769303293e+29
16 6.79543604022e+12 1.4749292624e+29
16 6.79898385797e+12 1.47074563679e+29
16 6.80253167572e+12 1.4656151988e+29
16 6.80607949347e+12 1.46047164815e+29
16 6.80962731122e+12 1.45531497396e+29
16 6.81317512897e+12 1.45116140603e+29
16 6.81672294672e+12 1.44822150307e+29
16 6.82027076447e+12 1.44529620968e+29
16 6.82381858222e+12 1.44236247137e+29
16 6.82736639997e+12 1.43959661586e+29
16 6.83091421772e+12 1.43771287773e+29
16 6.83446203547e+12 1.43590223901e+29
16 6.83800985322e+12 1.43408551051e+29
16 6.84155767097e+12 1.43226268688e+29
16 6.84510548872e+12 1.43043376279e+29
16 6.84865330647e+12 1.42859873287e+29
16 6.85220112422e+12 1.42675759179e+29
16 6.85574894197e+12 1.4249103342e+29
16 6.85929675972e+12 1.42197849874e+29
16 6.86284457747e+12 1.41703680479e+29
16 6.86639239522e+12 1.41198007066e+29
16 6.86994021297e+12 1.40691060664e+29
16 6.87348803072e+12 1.40196026808e+29
16 6.87703584847e+12 1.39863284229e+29
16 6.88058366622e+12 1.39574457609e+29
16 6.88413148397e+12 1.39284811516e+29
16 6.88767930172e+12 1.38994345256e+29
16 6.89122711947e+12 1.38704819844e+29
16 6.89477493722e+12 1.38417151266e+29
16 6.89832275497e+12 1.38128770957e+29
16 6.90187057272e+12 1.37839577074e+29
16 6.90541839047e+12 1.37549822018e+29
16 6.90896620822e+12 1.37262553722e+29
16 6.91251402597e+12 1.36975499978e+29
16 6.91606184372e+12 1.36687639334e+29
16 6.91960966147e+12 1.36398971112e+29
16 6.92315747922e+12 1.3614241383e+29
16 6.92670529697e+12 1.35959281576e+29
16 6.93025311472e+12 1.35780142268e+29
16 6.93380093247e+12 1.35600421827e+29
16 6.93734875022e+12 1.3542011975e+29
16 6.94089656797e+12 1.35239235538e+29
16 6.94444438572e+12 1.35057768689e+29
16 6.94799220347e+12 1.34875718702e+29
16 6.95154002122e+12 1.34693085076e+29
16 6.95508783897e+12 1.34486117639e+29
16 6.95863565672e+12 1.34028908917e+29
16 6.96218347447e+12 1.33534784882e+29
16 6.96573129222e+12 1.33039443998e+29
16 6.96927910997e+12 1.32542885282e+29
16 6.97282692772e+12 1.3211185621e+29
16 6.97637474547e+12 1.31821080638e+29
16 6.97992256322e+12 1.31537794952e+29
16 6.98347038097e+12 1.31253728354e+29
16 6.98701819872e+12 1.30968905801e+29
16 6.99056601647e+12 1.30685863426e+29
16 6.99411383422e+12 1.30404376827e+29
16 6.99766165197e+12 1.30122116724e+29
16 7.00120946972e+12 1.29839082479e+29
16 7.00475728747e+12 1.29555476042e+29
16 7.00830510522e+12 1.29274413215e+29
16 7.01185292297e+12 1.28994076814e+29
16 7.01540074072e+12 1.28712973878e+29
16 7.01894855847e+12 1.28431103776e+29
16 7.02249637622e+12 1.28148655335e+29
16 7.02604419397e+12 1.27867608993e+29
16 7.02959201172e+12 1.27586262793e+29
16 7.03313982947e+12 1.27304152609e+29
16 7.03668764722e+12 1.27021277813e+29
16 7.04023546497e+12 1.2673865418e+29
16 7.04378328272e+12 1.26461116407e+29
16 7.04733110047e+12 1.26183363216e+29
16 7.05087891822e+12 1.25904857837e+29
16 7.05442673597e+12 1.25625599655e+29
16 7.05797455372e+12 1.25369913357e+29
16 7.06152237147e+12 1.25189895914e+29
16 7.06507018922e+12 1.25015110735e+29
16 7.06861800697e+12 1.24839784599e+29
16 7.07216582472e+12 1.2466391705e+29
16 7.07571364247e+12 1.24487507632e+29
16 7.07926146022e+12 1.24310555891e+29
16 7.08280927797e+12 1.24133061373e+29
16 7.08635709572e+12 1.2395502362e+29
16 7.08990491347e+12 1.23776442179e+29
16 7.09345273122e+12 1.23518461506e+29
16 7.09700054897e+12 1.23064044385e+29
16 7.10054836672e+12 1.22595545237e+29
16 7.10409618447e+12 1.22125924653e+29
16 7.10764400222e+12 1.21655181747e+29
16 7.11119181997e+12 1.21229094217e+29
16 7.11473963772e+12 1.20947368314e+29
16 7.11828745547e+12 1.20675969804e+29
16 7.12183527322e+12 1.20403849416e+29
16 7.12538309097e+12 1.20131006565e+29
16 7.12893090872e+12 1.19858138918e+29
16 7.13247872647e+12 1.19588842775e+29
16 7.13602654422e+12 1.19319232009e+29
16 7.13957436197e+12 1.19048907184e+29
16 7.14312217972e+12 1.18777867723e+29
16 7.14666999747e+12 1.18506455539e+29
16 7.15021781522e+12 1.18238413829e+29
16 7.15376563297e+12 1.17970666803e+29
16 7.15731345072e+12 1.17702213624e+29
16 7.16086126847e+12 1.17433053724e+29
16 7.16440908622e+12 1.17163264102e+29
16 7.16795690397e+12 1.16894747065e+29
16 7.17150472172e+12 1.16626808339e+29
16 7.17505253947e+12 1.16358167235e+29
16 7.17860035722e+12 1.16088823189e+29
16 7.18214817497e+12 1.15818775639e+29
16 7.18569599272e+12 1.15551165536e+29
16 7.18924381047e+12 1.15287202376e+29
16 7.19279162822e+12 1.15022682414e+29
16 7.19633944597e+12 1.14757471759e+29
16 7.19988726372e+12 1.14491569861e+29
16 7.20343508147e+12 1.14196764207e+29
16 7.20698289922e+12 1.13759552124e+29
16 7.21053071697e+12 1.13308702874e+29
16 7.21407853472e+12 1.12936979506e+29
16 7.21762635247e+12 1.12671381216e+29
16 7.22117417022e+12 1.1241143567e+29
16 7.22472198797e+12 1.1221238085e+29
16 7.22826980572e+12 1.12044092877e+29
16 7.23181762347e+12 1.11875311903e+29
16 7.23536544122e+12 1.11706037528e+29
16 7.23891325897e+12 1.11536269347e+29
16 7.24246107672e+12 1.11339570656e+29
16 7.24600889447e+12 1.11085201285e+29
16 7.24955671222e+12 1.10826763521e+29
16 7.25310452997e+12 1.10567659747e+29
16 7.25665234772e+12 1.10307889434e+29
16 7.26020016547e+12 1.10047693923e+29
16 7.26374798322e+12 1.09790711326e+29
16 7.26729580097e+12 1.0953477187e+29
16 7.27084361872e+12 1.09278175155e+29
16 7.27439143647e+12 1.09020920659e+29
16 7.27793925422e+12 1.08763007865e+29
16 7.28148707197e+12 1.08505717265e+29
16 7.28503488972e+12 1.08252057928e+29
16 7.28858270747e+12 1.07998083788e+29
16 7.29213052522e+12 1.07743460785e+29
16 7.29567834297e+12 1.07488188409e+29
16 7.29922616072e+12 1.07232266148e+29
16 7.30277397847e+12 1.06978662538e+29
16 7.30632179622e+12 1.06727417735e+29
16 7.30986961397e+12 1.06475536793e+29
16 7.31341743172e+12 1.06223015551e+29
16 7.31696524947e+12 1.05969853506e+29
16 7.32051306722e+12 1.05716222186e+29
16 7.32406088497e+12 1.05464669131e+29
16 7.32760870272e+12 1.05213650812e+29
16 7.33115652047e+12 1.04961997559e+29
16 7.33470433822e+12 1.04709708875e+29
16 7.33825215597e+12 1.04456784263e+29
16 7.34179997371e+12 1.04203884869e+29
16 7.34534779146e+12 1.03956996831e+29
16 7.34889560921e+12 1.03710175168e+29
16 7.35244342696e+12 1.03462731061e+29
16 7.35599124471e+12 1.03214664022e+29
16 7.35953906246e+12 1.02965973567e+29
16 7.36308688021e+12 1.02680959598e+29
16 7.36663469796e+12 1.02274126082e+29
16 7.37018251571e+12 1.01856871305e+29
16 7.37373033346e+12 1.01483347561e+29
16 7.37727815121e+12 1.01230466439e+29
16 7.38082596896e+12 1.00985494925e+29
16 7.38437378671e+12 1.00764616994e+29
16 7.38792160446e+12 1.00603100389e+29
16 7.39146942221e+12 1.00445047358e+29
16 7.39501723996e+12 1.0028655146e+29
16 7.39856505771e+12 1.00127612343e+29
16 7.40211287546e+12 9.9968229653e+28
16 7.40566069321e+12 9.97871132024e+28
16 7.40920851096e+12 9.95518611564e+28
16 7.41275632871e+12 9.93124249244e+28
16 7.41630414646e+12 9.90723930657e+28
16 7.41985196421e+12 9.88317651198e+28
16 7.42339978196e+12 9.85905406265e+28
16 7.42694759971e+12 9.83498888722e+28
16 7.43049541746e+12 9.81132932406e+28
16 7.43404323521e+12 9.78764977597e+28
16 7.43759105296e+12 9.76391157623e+28
16 7.44113887071e+12 9.74011467964e+28
16 7.44468668846e+12 9.71625904102e+28
16 7.44823450621e+12 9.69238964664e+28
16 7.45178232396e+12 9.66895303277e+28
16 7.45533014171e+12 9.64554466193e+28
16 7.45887795946e+12 9.62207855541e+28
16 7.46242577721e+12 9.59855466887e+28
16 7.46597359496e+12 9.57497295796e+28
16 7.46952141271e+12 9.55134854005e+28
16 7.47306923046e+12 9.52803876246e+28
16 7.47661704821e+12 9.50490791532e+28
16 7.48016486596e+12 9.48172025202e+28
16 7.48371268371e+12 9.45847572904e+28
16 7.48726050146e+12 9.43517430289e+28
16 7.49080831921e+12 9.41181593007e+28
16 7.49435613696e+12 9.38853374105e+28
16 7.49790395471e+12 9.36549010051e+28
16 7.50145177246e+12 9.34240821131e+28
16 7.50499959021e+12 9.31927004784e+28
16 7.50854740796e+12 9.29607556718e+28
16 7.51209522571e+12 9.27282472645e+28
16 7.51564304346e+12 9.24867212734e+28
16 7.51919086121e+12 9.21360392708e+28
16 7.52273867896e+12 9.17520946146e+28
16 7.52628649671e+12 9.13697279341e+28
16 7.52983431446e+12 9.10761244988e+28
16 7.53338213221e+12 9.08496528807e+28
16 7.53692994996e+12 9.06226330676e+28
16 7.54047776771e+12 9.04231909067e+28
16 7.54402558546e+12 9.02737889627e+28
16 7.54757340321e+12 9.01264749369e+28
16 7.55112122096e+12 8.99787639459e+28
16 7.55466903871e+12 8.98306556818e+28
16 7.55821685646e+12 8.96821498364e+28
16 7.56176467421e+12 8.9531080286e+28
16 7.56531249196e+12 8.93355707074e+28
16 7.56886030971e+12 8.91150246262e+28
16 7.57240812746e+12 8.88939469008e+28
16 7.57595594521e+12 8.86723371295e+28
16 7.57950376296e+12 8.84501949111e+28
16 7.58305158071e+12 8.8227519844e+28
16 7.58659939846e+12 8.79937741673e+28
16 7.59014721621e+12 8.76451780476e+28
16 7.59369503396e+12 8.72763874004e+28
16 7.59724285171e+12 8.69073576913e+28
16 7.60079066946e+12 8.66164137717e+28
16 7.60433848721e+12 8.63986571621e+28
16 7.60788630496e+12 8.61803807024e+28
16 7.61143412271e+12 8.59729967655e+28
16 7.61498194046e+12 8.58260930509e+28
16 7.61852975821e+12 8.56843126067e+28
16 7.62207757596e+12 8.55421561109e+28
16 7.62562539371e+12 8.53996232746e+28
16 7.62917321146e+12 8.52567138092e+28
16 7.63272102921e+12 8.5113427426e+28
16 7.63626884696e+12 8.49590959114e+28
16 7.63981666471e+12 8.47526194603e+28
16 7.64336448246e+12 8.45410833373e+28
16 7.64691230021e+12 8.43290445632e+28
16 7.65046011796e+12 8.41165027625e+28
16 7.65400793571e+12 8.39034575598e+28
16 7.65755575346e+12 8.36899085797e+28
16 7.66110357121e+12 8.34649165101e+28
16 7.66465138896e+12 8.31271867054e+28
16 7.66819920671e+12 8.27750001632e+28
16 7.67174702446e+12 8.24220546261e+28
16 7.67529484221e+12 8.21261651452e+28
16 7.67884265996e+12 8.19149018459e+28
16 7.68239047771e+12 8.17061916224e+28
16 7.68593829546e+12 8.14989306952e+28
16 7.68948611321e+12 8.13235734229e+28
16 7.69303393096e+12 8.11627202618e+28
16 7.69658174871e+12 8.10014663202e+28
16 7.70012956646e+12 8.08398112968e+28
16 7.70367738421e+12 8.06777548904e+28
16 7.70722520196e+12 8.05020931997e+28
16 7.71077301971e+12 8.03001043599e+28
16 7.71432083746e+12 8.00962306262e+28
16 7.71786865521e+12 7.98918796283e+28
16 7.72141647296e+12 7.96870510132e+28
16 7.72496429071e+12 7.9481966785e+28
16 7.72851210846e+12 7.92797798094e+28
16 7.73205992621e+12 7.90784946128e+28
16 7.73560774396e+12 7.8876739525e+28
16 7.73915556171e+12 7.86745141995e+28
16 7.74270337946e+12 7.84718182899e+28
16 7.74625119721e+12 7.8269751275e+28
16 7.74979901496e+12 7.80708056096e+28
16 7.75334683271e+12 7.78716737267e+28
16 7.75689465046e+12 7.76720789821e+28
16 7.76044246821e+12 7.74720210356e+28
16 7.76399028596e+12 7.72714995469e+28
16 7.76753810371e+12 7.70729073364e+28
16 7.77108592146e+12 7.68763944229e+28
16 7.77463373921e+12 7.66794420293e+28
16 7.77818155696e+12 7.64820337848e+28
16 7.78172937471e+12 7.62841693553e+28
16 7.78527719246e+12 7.60860205655e+28
16 7.78882501021e+12 7.58905663346e+28
16 7.79237282796e+12 7.56962628864e+28
16 7.79592064571e+12 7.55015108982e+28
16 7.79946846346e+12 7.53063100424e+28
16 7.80301628121e+12 7.51106599909e+28
16 7.80656409896e+12 7.49148476547e+28
16 7.81011191671e+12 7.47221920382e+28
16 7.81365973446e+12 7.45301136213e+28
16 7.81720755221e+12 7.43375936343e+28
16 7.82075536996e+12 7.41446317554e+28
16 7.82430318771e+12 7.39512276628e+28
16 7.82785100546e+12 7.37577112099e+28
16 7.83139882321e+12 7.35675471348e+28
16 7.83494664096e+12 7.33777695186e+28
16 7.83849445871e+12 7.31875573753e+28
16 7.84204227646e+12 7.29969103892e+28
16 7.84559009421e+12 7.28058282447e+28
16 7.84913791196e+12 7.2607078587e+28
16 7.85268572971e+12 7.23179286671e+28
16 7.85623354746e+12 7.20033194316e+28
16 7.85978136521e+12 7.16944281034e+28
16 7.86332918296e+12 7.14748596152e+28
16 7.86687700071e+12 7.12873930174e+28
16 7.87042481846e+12 7.11018228373e+28
16 7.87397263621e+12 7.09578458697e+28
16 7.87752045396e+12 7.08346417073e+28
16 7.88106827171e+12 7.07111290205e+28
16 7.88461608946e+12 7.05873075815e+28
16 7.88816390721e+12 7.04631771624e+28
16 7.89171172496e+12 7.03387375353e+28
16 7.89525954271e+12 7.01870510884e+28
16 7.89880736046e+12 7.00053722517e+28
16 7.90235517821e+12 6.98229837836e+28
16 7.90590299596e+12 6.96401828533e+28
16 7.90945081371e+12 6.94569691639e+28
16 7.91299863146e+12 6.92733424186e+28
16 7.91654644921e+12 6.90902951397e+28
16 7.92009426696e+12 6.89109404022e+28
16 7.92364208471e+12 6.87315266847e+28
16 7.92718990246e+12 6.85517084892e+28
16 7.93073772021e+12 6.83714855257e+28
16 7.93428553796e+12 6.81908575037e+28
16 7.93783335571e+12 6.80099704336e+28
16 7.94138117346e+12 6.78319999955e+28
16 7.94492899121e+12 6.76556357171e+28
16 7.94847680896e+12 6.74788750089e+28
16 7.95202462671e+12 6.73017175873e+28
16 7.95557244446e+12 6.71241631686e+28
16 7.95912026221e+12 6.6946211469e+28
16 7.96266807996e+12 6.67502606525e+28
16 7.96621589771e+12 6.64673595457e+28
16 7.96976371546e+12 6.61762146066e+28
16 7.97331153321e+12 6.58896274049e+28
16 7.97685935096e+12 6.56826521078e+28
16 7.98040716871e+12 6.55090299206e+28
16 7.98395498646e+12 6.53350208573e+28
16 7.98750280421e+12 6.51858532934e+28
16 7.99105062196e+12 6.50706038241e+28
16 7.99459843971e+12 6.49560747558e+28
16 7.99814625746e+12 6.48412653042e+28
16 8.00169407521e+12 6.47261752655e+28
16 8.00524189296e+12 6.4610804436e+28
16 8.00878971071e+12 6.44943693729e+28
16 8.01233752846e+12 6.43485223914e+28
16 8.01588534621e+12 6.41802510276e+28
16 8.01943316396e+12 6.40116058922e+28
16 8.02298098171e+12 6.38425867203e+28
16 8.02652879946e+12 6.36731932469e+28
16 8.03007661721e+12 6.35034252072e+28
16 8.03362443496e+12 6.33319254282e+28
16 8.03717225271e+12 6.3128102318e+28
16 8.04072007046e+12 6.2904105333e+28
16 8.04426788821e+12 6.26796389973e+28
16 8.04781570596e+12 6.24547029839e+28
16 8.05136352371e+12 6.22354922049e+28
16 8.05491134146e+12 6.20657270118e+28
16 8.05845915921e+12 6.19004485061e+28
16 8.06200697696e+12 6.1734806534e+28
16 8.06555479471e+12 6.15688008394e+28
16 8.06910261246e+12 6.1403637224e+28
16 8.07265043021e+12 6.12401644902e+28
16 8.07619824796e+12 6.10764270687e+28
16 8.08151997458e+12 1.21660251863e+29
16 8.08684170121e+12 1.21170184595e+29
16 8.09216342783e+12 1.20684281011e+29
16 8.09748515446e+12 1.2019701904e+29
16 8.10280688108e+12 1.19710916276e+29
16 8.1081286077e+12 1.19229696372e+29
16 8.11345033433e+12 1.18747838454e+29
16 8.11877206095e+12 1.1826580252e+29
16 8.12409378758e+12 1.17788880286e+29
16 8.1294155142e+12 1.17312533725e+29
16 8.13473724083e+12 1.1683489248e+29
16 8.14005896745e+12 1.16361720528e+29
16 8.14538069408e+12 1.15890978938e+29
16 8.1507024207e+12 1.15418736446e+29
16 8.15602414733e+12 1.14948496448e+29
16 8.16134587395e+12 1.14483198523e+29
16 8.16666760058e+12 1.14016857688e+29
16 8.1719893272e+12 1.13550385375e+29
16 8.17731105383e+12 1.13089423324e+29
16 8.18263278045e+12 1.1262935444e+29
16 8.18795450708e+12 1.12167929485e+29
16 8.1932762337e+12 1.11710199368e+29
16 8.19859796033e+12 1.11256639822e+29
16 8.20391968695e+12 1.10801799537e+29
16 8.20924141358e+12 1.10347355719e+29
16 8.2145631402e+12 1.09899089493e+29
16 8.21988486683e+12 1.09451375058e+29
16 8.22520659345e+12 1.09002341514e+29
16 8.23052832008e+12 1.08557168278e+29
16 8.2358500467e+12 1.08116682539e+29
16 8.24117177333e+12 1.07674993564e+29
16 8.24649349995e+12 1.07233199347e+29
16 8.25181522658e+12 1.06797575814e+29
16 8.2571369532e+12 1.06363435599e+29
16 8.26245867983e+12 1.05927908941e+29
16 8.26778040645e+12 1.05494399735e+29
16 8.27310213308e+12 1.0506668998e+29
16 8.2784238597e+12 1.04638444893e+29
16 8.28374558633e+12 1.04204465963e+29
16 8.28906731295e+12 1.03633157976e+29
16 8.29438903958e+12 1.02943637304e+29
16 8.2997107662e+12 1.02420055571e+29
16 8.30503249283e+12 1.02008700962e+29
16 8.31035421945e+12 1.01686133731e+29
16 8.31567594608e+12 1.01405021144e+29
16 8.3209976727e+12 1.01122938263e+29
16 8.32631939933e+12 1.00820370346e+29
16 8.33164112595e+12 1.0043144186e+29
16 8.33696285258e+12 1.00016909026e+29
16 8.3422845792e+12 9.96010712437e+28
16 8.34760630583e+12 9.91870651286e+28
16 8.35292803245e+12 9.87800719429e+28
16 8.35824975908e+12 9.83732410937e+28
16 8.3635714857e+12 9.79651328962e+28
16 8.36889321233e+12 9.75587887031e+28
16 8.37421493895e+12 9.7157413873e+28
16 8.37953666558e+12 9.67554518275e+28
16 8.3848583922e+12 9.63522325993e+28
16 8.39018011883e+12 9.58654119985e+28
16 8.39550184545e+12 9.52225099575e+28
16 8.40082357208e+12 9.46516726699e+28
16 8.4061452987e+12 9.4242588561e+28
16 8.41146702533e+12 9.38879986942e+28
16 8.41678875195e+12 9.36157559535e+28
16 8.42211047858e+12 9.33506484684e+28
16 8.4274322052e+12 9.30846459262e+28
16 8.43275393183e+12 9.27875524709e+28
16 8.43807565845e+12 9.24153018686e+28
16 8.44339738508e+12 9.20303364578e+28
16 8.4487191117e+12 9.1644179343e+28
16 8.45404083833e+12 9.12180704576e+28
16 8.45936256495e+12 9.06334545332e+28
16 8.46468429158e+12 9.00365596082e+28
16 8.4700060182e+12 8.96006294925e+28
16 8.47532774483e+12 8.92306150399e+28
16 8.48064947145e+12 8.8939350625e+28
16 8.48597119807e+12 8.86869047537e+28
16 8.4912929247e+12 8.84336150756e+28
16 8.49661465132e+12 8.8178579145e+28
16 8.50193637795e+12 8.7875282541e+28
16 8.50725810457e+12 8.75126079993e+28
16 8.5125798312e+12 8.71466958479e+28
16 8.51790155782e+12 8.67796626493e+28
16 8.52322328445e+12 8.63702914844e+28
16 8.52854501107e+12 8.58127630152e+28
16 8.5338667377e+12 8.52395305113e+28
16 8.53918846432e+12 8.48154991915e+28
16 8.54451019095e+12 8.44597171897e+28
16 8.54983191757e+12 8.41660447074e+28
16 8.5551536442e+12 8.39258764795e+28
16 8.56047537082e+12 8.3686107522e+28
16 8.56579709745e+12 8.34455471049e+28
16 8.57111882407e+12 8.3152821201e+28
16 8.5764405507e+12 8.26423243025e+28
16 8.58176227732e+12 8.20776212353e+28
16 8.58708400395e+12 8.16495541932e+28
16 8.59240573057e+12 8.13043822857e+28
16 8.5977274572e+12 8.09990516936e+28
16 8.60304918382e+12 8.07641375724e+28
16 8.60837091045e+12 8.0532558713e+28
16 8.61369263707e+12 8.03002214046e+28
16 8.6190143637e+12 8.00612096131e+28
16 8.62433609032e+12 7.96542818666e+28
16 8.62965781695e+12 7.91066552105e+28
16 8.63497954357e+12 7.86097054522e+28
16 8.6403012702e+12 7.82527681607e+28
16 8.64562299682e+12 7.79183574933e+28
16 8.65094472345e+12 7.75837334661e+28
16 8.65626645007e+12 7.72485429321e+28
16 8.6615881767e+12 7.69135827422e+28
16 8.66690990332e+12 7.65799371818e+28
16 8.67223162995e+12 7.62588502031e+28
16 8.67755335657e+12 7.60086093576e+28
16 8.6828750832e+12 7.57831773551e+28
16 8.68819680982e+12 7.55570208079e+28
16 8.69351853645e+12 7.53301389974e+28
16 8.69884026307e+12 7.50073619178e+28
16 8.7041619897e+12 7.44851370773e+28
16 8.70948371632e+12 7.39760512009e+28
16 8.71480544295e+12 7.36178704613e+28
16 8.72012716957e+12 7.32988955081e+28
16 8.7254488962e+12 7.29806808322e+28
16 8.73077062282e+12 7.26624659994e+28
16 8.73609234945e+12 7.23452987788e+28
16 8.74141407607e+12 7.20291992048e+28
16 8.7467358027e+12 7.17143601457e+28
16 8.75205752932e+12 7.14025010296e+28
16 8.75737925595e+12 7.10908837238e+28
16 8.76270098257e+12 7.07808431009e+28
16 8.7680227092e+12 7.04853700052e+28
16 8.77334443582e+12 7.02566307408e+28
16 8.77866616245e+12 7.00472345219e+28
16 8.78398788907e+12 6.98371751298e+28
16 8.7893096157e+12 6.96078746439e+28
16 8.79463134232e+12 6.91978326798e+28
16 8.79995306895e+12 6.87074518776e+28
16 8.80527479557e+12 6.83447070318e+28
16 8.8105965222e+12 6.80504465808e+28
16 8.81591824882e+12 6.77552375508e+28
16 8.82123997545e+12 6.74592165452e+28
16 8.82656170207e+12 6.71648077292e+28
16 8.8318834287e+12 6.68735669682e+28
16 8.83720515532e+12 6.66374800591e+28
16 8.84252688195e+12 6.64383145463e+28
16 8.84784860857e+12 6.62388411279e+28
16 8.8531703352e+12 6.60232198494e+28
16 8.85849206182e+12 6.56415380542e+28
16 8.86381378844e+12 6.51903009601e+28
16 8.86913551507e+12 6.48548905735e+28
16 8.87445724169e+12 6.45704836395e+28
16 8.87977896832e+12 6.42875804208e+28
16 8.88510069494e+12 6.40055057801e+28
16 8.89042242157e+12 6.37256839142e+28
16 8.89574414819e+12 6.34696954144e+28
16 8.90106587482e+12 6.32703079274e+28
16 8.90638760144e+12 6.30788907598e+28
16 8.91170932807e+12 6.28851657962e+28
16 8.91703105469e+12 6.26455340029e+28
16 8.92235278132e+12 6.23700645462e+28
16 8.92767450794e+12 6.20932205932e+28
16 8.93299623457e+12 6.17804810628e+28
16 8.93831796119e+12 6.13603918499e+28
16 8.94541359669e+12 9.13393399753e+28
16 8.95250923219e+12 9.07992820453e+28
16 8.95960486769e+12 9.02657511207e+28
16 8.96670050319e+12 8.97483254211e+28
16 8.97379613869e+12 8.93271320286e+28
16 8.98089177419e+12 8.89624199225e+28
16 8.98798740969e+12 8.84206977184e+28
16 8.99508304519e+12 8.76905234897e+28
16 9.00217868069e+12 8.71549651791e+28
16 9.00927431619e+12 8.67674894288e+28
16 9.01636995169e+12 8.64071228581e+28
16 9.02346558719e+12 8.59605028442e+28
16 9.03056122269e+12 8.5447031617e+28
16 9.03765685819e+12 8.47985781309e+28
16 9.04475249369e+12 8.412919652e+28
16 9.05184812919e+12 8.36241539496e+28
16 9.05894376469e+12 8.31379339958e+28
16 9.06603940019e+12 8.2701913661e+28
16 9.07313503569e+12 8.23575789355e+28
16 9.08023067119e+12 8.19834653286e+28
16 9.08732630669e+12 8.15224508415e+28
16 9.09442194219e+12 8.09509190428e+28
16 9.10151757769e+12 8.03250702914e+28
16 9.10861321319e+12 7.99031004865e+28
16 9.11570884869e+12 7.95723395021e+28
16 9.12280448419e+12 7.90569470792e+28
16 9.12990011969e+12 7.85762516342e+28
16 9.13699575519e+12 7.82138288395e+28
16 9.14409139069e+12 7.76756107479e+28
16 9.15118702619e+12 7.72986159566e+28
16 9.15828266169e+12 7.69421928453e+28
16 9.16537829719e+12 7.64906359703e+28
16 9.17247393269e+12 7.59236122926e+28
16 9.17956956819e+12 7.54796012006e+28
16 9.18666520369e+12 7.51677967113e+28
16 9.19376083919e+12 7.47986752653e+28
16 9.20085647469e+12 7.43790148635e+28
16 9.20795211019e+12 7.39402519711e+28
16 9.21504774569e+12 7.34188909984e+28
16 9.22214338119e+12 7.30364271586e+28
16 9.22923901669e+12 7.27276139099e+28
16 9.23633465219e+12 7.23494459208e+28
16 9.24343028769e+12 7.19605673687e+28
16 9.25052592319e+12 7.15751242973e+28
16 9.25762155869e+12 7.11944359293e+28
16 9.26471719419e+12 7.08218397897e+28
16 9.27181282969e+12 7.04558690126e+28
16 9.27890846519e+12 7.00947749989e+28
16 9.28600410069e+12 6.97394151257e+28
16 9.29309973619e+12 6.93926811709e+28
16 9.30019537169e+12 6.90879609472e+28
16 9.30729100719e+12 6.88476773757e+28
16 9.31438664269e+12 6.84932535403e+28
16 9.32148227819e+12 6.80929446016e+28
16 9.32857791369e+12 6.78034591305e+28
16 9.33567354919e+12 6.75849736765e+28
16 9.34276918469e+12 6.73463315086e+28
16 9.34986482019e+12 6.70287654322e+28
16 9.35696045569e+12 6.67437081499e+28
16 9.36405609119e+12 6.65096905343e+28
16 9.37115172669e+12 6.62536188596e+28
16 9.37824736219e+12 6.60935032506e+28
16 9.38534299769e+12 6.59371198199e+28
16 9.39243863319e+12 6.57699432193e+28
16 9.39953426869e+12 6.56545605067e+28
16 9.40662990419e+12 6.55844558657e+28
16 9.41372553969e+12 6.55483998359e+28
16 9.42082117519e+12 6.55708738796e+28
16 9.42791681069e+12 6.56655229117e+28
16 9.43501244619e+12 6.58549012898e+28
16 9.44210808169e+12 6.61536956968e+28
16 9.44920371719e+12 6.66182559669e+28
16 9.45629935269e+12 6.73027113414e+28
16 9.46339498819e+12 6.82726407783e+28
16 9.47049062369e+12 6.96021285385e+28
16 9.47758625919e+12 7.1368795528e+28
16 9.48468189469e+12 7.31292131744e+28
16 9.49177753019e+12 7.44216840919e+28
16 9.49887316569e+12 7.51389834208e+28
16 9.50596880119e+12 7.54338257618e+28
16 9.51306443669e+12 7.5431756819e+28
16 9.52016007219e+12 7.52017206274e+28
16 9.52725570769e+12 7.48266169566e+28
16 9.53435134319e+12 7.43566986681e+28
16 9.54144697869e+12 7.3830393793e+28
16 9.54854261419e+12 7.33109209031e+28
16 9.55563824969e+12 7.28124707636e+28
16 9.56273388519e+12 7.23664726114e+28
16 9.56982952069e+12 7.19838386718e+28
16 9.57692515619e+12 7.1658327828e+28
16 9.58402079169e+12 7.1361315217e+28
16 9.59111642719e+12 7.10601443564e+28
16 9.59821206269e+12 7.07103810221e+28
16 9.60530769819e+12 7.02557389048e+28
16 9.61240333368e+12 6.96255746979e+28
16 9.61949896918e+12 6.87712945723e+28
16 9.62659460468e+12 6.77503602931e+28
16 9.63369024018e+12 6.65772056862e+28
16 9.64078587568e+12 6.53241359623e+28
16 9.64788151118e+12 6.38844281532e+28
16 9.65497714668e+12 6.2404388417e+28
16 9.66384669106e+12 8.06473046661e+28
16 9.67271623543e+12 7.79026644221e+28
16 9.68158577981e+12 7.51786335511e+28
16 9.69045532418e+12 7.25243087154e+28
16 9.69932486856e+12 6.96764588548e+28
16 9.70819441293e+12 6.6891387871e+28
16 9.71706395731e+12 6.41840739828e+28
#
#
# runtime:  612.488952875
