## fname ../out/raw_MESA_output/profile_whitedwarf.data  masscut 0.95    N 16   mp 1e-07 mp_solar 1.988e+26   RKstep 1.592e+08    outer_step 1.592e+08
#N    (ru+rl)/2 (cm)  M(g) contained in shell ru-rl
16 5.17007961953e+12 7.20242236015e+29
16 5.17063671601e+12 7.19429468165e+29
16 5.17119381249e+12 7.18616299835e+29
16 5.17175090898e+12 7.17802730958e+29
16 5.17230800546e+12 7.16988761466e+29
16 5.17286510195e+12 7.16174391292e+29
16 5.17342219843e+12 7.15359620368e+29
16 5.17397929491e+12 7.14544448628e+29
16 5.1745363914e+12 7.13728876003e+29
16 5.17509348788e+12 7.12912902426e+29
16 5.17565058437e+12 7.1209652783e+29
16 5.17620768085e+12 7.11279752147e+29
16 5.17676477734e+12 7.1046257531e+29
16 5.17732187382e+12 7.09644997252e+29
16 5.1778789703e+12 7.08827017904e+29
16 5.17843606679e+12 7.08008637201e+29
16 5.17899316327e+12 7.07189855073e+29
16 5.17955025976e+12 7.06370671455e+29
16 5.18010735624e+12 7.05553926823e+29
16 5.18066445273e+12 7.04906042042e+29
16 5.18122154921e+12 7.04490835031e+29
16 5.18177864569e+12 7.04115436207e+29
16 5.18233574218e+12 7.03739827064e+29
16 5.18289283866e+12 7.03364007567e+29
16 5.18344993515e+12 7.02987977679e+29
16 5.18400703163e+12 7.02611737363e+29
16 5.18456412811e+12 7.02235286584e+29
16 5.1851212246e+12 7.01858625303e+29
16 5.18567832108e+12 7.01481753485e+29
16 5.18623541757e+12 7.01104671093e+29
16 5.18679251405e+12 7.00727378091e+29
16 5.18734961054e+12 7.00349874443e+29
16 5.18790670702e+12 6.9997216011e+29
16 5.1884638035e+12 6.99594235058e+29
16 5.18902089999e+12 6.99216099249e+29
16 5.18957799647e+12 6.98837752647e+29
16 5.19013509296e+12 6.98459195216e+29
16 5.19069218944e+12 6.98080426918e+29
16 5.19124928593e+12 6.97701447718e+29
16 5.19180638241e+12 6.97322257578e+29
16 5.19236347889e+12 6.96942856463e+29
16 5.19292057538e+12 6.96563244335e+29
16 5.19347767186e+12 6.96183421158e+29
16 5.19403476835e+12 6.95803386897e+29
16 5.19459186483e+12 6.95423141513e+29
16 5.19514896131e+12 6.9504268497e+29
16 5.1957060578e+12 6.94636718279e+29
16 5.19626315428e+12 6.94169105869e+29
16 5.19682025077e+12 6.93680074633e+29
16 5.19737734725e+12 6.93190785813e+29
16 5.19793444374e+12 6.92701239363e+29
16 5.19849154022e+12 6.92211435241e+29
16 5.1990486367e+12 6.91721373401e+29
16 5.19960573319e+12 6.91231053801e+29
16 5.20016282967e+12 6.90740476396e+29
16 5.20071992616e+12 6.90249641141e+29
16 5.20127702264e+12 6.89758547994e+29
16 5.20183411912e+12 6.8926719691e+29
16 5.20239121561e+12 6.88775587846e+29
16 5.20294831209e+12 6.88283720756e+29
16 5.20350540858e+12 6.87791595597e+29
16 5.20406250506e+12 6.87299212326e+29
16 5.20461960155e+12 6.86806570898e+29
16 5.20517669803e+12 6.86313671269e+29
16 5.20573379451e+12 6.85820513395e+29
16 5.206290891e+12 6.85327097233e+29
16 5.20684798748e+12 6.84833422738e+29
16 5.20740508397e+12 6.84339489866e+29
16 5.20796218045e+12 6.83845298573e+29
16 5.20851927694e+12 6.83350848816e+29
16 5.20907637342e+12 6.8285614055e+29
16 5.2096334699e+12 6.8238949162e+29
16 5.21019056639e+12 6.81985418883e+29
16 5.21074766287e+12 6.81600769018e+29
16 5.21130475936e+12 6.81215907861e+29
16 5.21186185584e+12 6.80830835378e+29
16 5.21241895232e+12 6.8044555153e+29
16 5.21297604881e+12 6.80060056282e+29
16 5.21353314529e+12 6.79674349598e+29
16 5.21409024178e+12 6.7928843144e+29
16 5.21464733826e+12 6.78902301773e+29
16 5.21520443475e+12 6.7851596056e+29
16 5.21576153123e+12 6.78129407765e+29
16 5.21631862771e+12 6.77742643352e+29
16 5.2168757242e+12 6.77355667284e+29
16 5.21743282068e+12 6.76968479524e+29
16 5.21798991717e+12 6.76581080036e+29
16 5.21854701365e+12 6.76193468785e+29
16 5.21910411013e+12 6.75805645733e+29
16 5.21966120662e+12 6.75417610844e+29
16 5.2202183031e+12 6.75029364082e+29
16 5.22077539959e+12 6.7464090541e+29
16 5.22133249607e+12 6.74252234793e+29
16 5.22188959256e+12 6.73863352193e+29
16 5.22244668904e+12 6.73474257574e+29
16 5.22300378552e+12 6.730849509e+29
16 5.22356088201e+12 6.72695432134e+29
16 5.22411797849e+12 6.72305701241e+29
16 5.22467507498e+12 6.71915758183e+29
16 5.22523217146e+12 6.71525602925e+29
16 5.22578926795e+12 6.71135235429e+29
16 5.22634636443e+12 6.7074465566e+29
16 5.22690346091e+12 6.70353863581e+29
16 5.2274605574e+12 6.69962859156e+29
16 5.22801765388e+12 6.69549823641e+29
16 5.22857475037e+12 6.69085974905e+29
16 5.22913184685e+12 6.68605253355e+29
16 5.22968894333e+12 6.68124281356e+29
16 5.23024603982e+12 6.67643058865e+29
16 5.2308031363e+12 6.6716158584e+29
16 5.23136023279e+12 6.66679862238e+29
16 5.23191732927e+12 6.66197888018e+29
16 5.23247442576e+12 6.65715663136e+29
16 5.23303152224e+12 6.6523318755e+29
16 5.23358861872e+12 6.64750461218e+29
16 5.23414571521e+12 6.64267484097e+29
16 5.23470281169e+12 6.63784256145e+29
16 5.23525990818e+12 6.63300777319e+29
16 5.23581700466e+12 6.62817047578e+29
16 5.23637410115e+12 6.62333066877e+29
16 5.23693119763e+12 6.61848835175e+29
16 5.23748829411e+12 6.6136435243e+29
16 5.2380453906e+12 6.608796186e+29
16 5.23860248708e+12 6.6039463364e+29
16 5.23915958357e+12 6.5990939751e+29
16 5.23971668005e+12 6.59423910167e+29
16 5.24027377653e+12 6.58938171567e+29
16 5.24083087302e+12 6.5845218167e+29
16 5.2413879695e+12 6.57965940432e+29
16 5.24194506599e+12 6.57479447811e+29
16 5.24250216247e+12 6.56992703765e+29
16 5.24305925896e+12 6.5650570825e+29
16 5.24361635544e+12 6.56018461225e+29
16 5.24417345192e+12 6.55530962647e+29
16 5.24473054841e+12 6.5503645733e+29
16 5.24528764489e+12 6.54471392759e+29
16 5.24584474138e+12 6.53841047463e+29
16 5.24640183786e+12 6.53206112448e+29
16 5.24695893434e+12 6.52570863482e+29
16 5.24751603083e+12 6.51935300515e+29
16 5.24807312731e+12 6.51299423494e+29
16 5.2486302238e+12 6.50663232366e+29
16 5.24918732028e+12 6.5002672708e+29
16 5.24974441677e+12 6.49389907582e+29
16 5.25030151325e+12 6.4875277382e+29
16 5.25085860973e+12 6.48115325743e+29
16 5.25141570622e+12 6.47477563297e+29
16 5.2519728027e+12 6.4683948643e+29
16 5.25252989919e+12 6.46201095091e+29
16 5.25308699567e+12 6.45562389226e+29
16 5.25364409216e+12 6.44923368783e+29
16 5.25420118864e+12 6.44284033711e+29
16 5.25475828512e+12 6.43644383955e+29
16 5.25531538161e+12 6.43018686312e+29
16 5.25587247809e+12 6.42529497456e+29
16 5.25642957458e+12 6.42160722721e+29
16 5.25698667106e+12 6.41798476841e+29
16 5.25754376754e+12 6.41436034118e+29
16 5.25810086403e+12 6.41073394518e+29
16 5.25865796051e+12 6.40710558008e+29
16 5.259215057e+12 6.40347524554e+29
16 5.25977215348e+12 6.39984294123e+29
16 5.26032924997e+12 6.39620866681e+29
16 5.26088634645e+12 6.39257242195e+29
16 5.26144344293e+12 6.3889342063e+29
16 5.26200053942e+12 6.38529401954e+29
16 5.2625576359e+12 6.38165186133e+29
16 5.26311473239e+12 6.37800773132e+29
16 5.26367182887e+12 6.3743616292e+29
16 5.26422892536e+12 6.37071355461e+29
16 5.26478602184e+12 6.36706350723e+29
16 5.26534311832e+12 6.36341148672e+29
16 5.26590021481e+12 6.35975749274e+29
16 5.26645731129e+12 6.35610152495e+29
16 5.26701440778e+12 6.35244358303e+29
16 5.26757150426e+12 6.34878366663e+29
16 5.26812860074e+12 6.34512177543e+29
16 5.26868569723e+12 6.34145790907e+29
16 5.26924279371e+12 6.33779206724e+29
16 5.2697998902e+12 6.33412424958e+29
16 5.27035698668e+12 6.33044835939e+29
16 5.27091408317e+12 6.32651084347e+29
16 5.27147117965e+12 6.32222466678e+29
16 5.27202827613e+12 6.31788016852e+29
16 5.27258537262e+12 6.31353341013e+29
16 5.2731424691e+12 6.30918439122e+29
16 5.27369956559e+12 6.30483311142e+29
16 5.27425666207e+12 6.30047957034e+29
16 5.27481375855e+12 6.2961237676e+29
16 5.27537085504e+12 6.29176570282e+29
16 5.27592795152e+12 6.28740537562e+29
16 5.27648504801e+12 6.28304278563e+29
16 5.27704214449e+12 6.27867793245e+29
16 5.27759924098e+12 6.27431081572e+29
16 5.27815633746e+12 6.26994143504e+29
16 5.27871343394e+12 6.26556979004e+29
16 5.27927053043e+12 6.26119588034e+29
16 5.27982762691e+12 6.25681970556e+29
16 5.2803847234e+12 6.25244126531e+29
16 5.28094181988e+12 6.24806055922e+29
16 5.28149891637e+12 6.2436775869e+29
16 5.28205601285e+12 6.23929234798e+29
16 5.28261310933e+12 6.23490484207e+29
16 5.28317020582e+12 6.23051506879e+29
16 5.2837273023e+12 6.22612302777e+29
16 5.28428439879e+12 6.22172871862e+29
16 5.28484149527e+12 6.21733214096e+29
16 5.28539859175e+12 6.21293329441e+29
16 5.28595568824e+12 6.20853217859e+29
16 5.28651278472e+12 6.20379118159e+29
16 5.28706988121e+12 6.19711140336e+29
16 5.28762697769e+12 6.18903292944e+29
16 5.28818407418e+12 6.18092971347e+29
16 5.28874117066e+12 6.17282267043e+29
16 5.28929826714e+12 6.16471179972e+29
16 5.28985536363e+12 6.15659710068e+29
16 5.29041246011e+12 6.14847857271e+29
16 5.2909695566e+12 6.14035621518e+29
16 5.29152665308e+12 6.13223002745e+29
16 5.29208374956e+12 6.1241000089e+29
16 5.29264084605e+12 6.11596615891e+29
16 5.29319794253e+12 6.10782847685e+29
16 5.29383462423e+12 7.117092045e+29
16 5.29447130593e+12 7.11218612942e+29
16 5.29510798762e+12 7.10828997743e+29
16 5.29574466932e+12 7.10439133428e+29
16 5.29638135101e+12 7.10049019951e+29
16 5.29701803271e+12 7.09658657262e+29
16 5.29765471441e+12 7.09268045313e+29
16 5.2982913961e+12 7.08877184055e+29
16 5.2989280778e+12 7.08486073439e+29
16 5.2995647595e+12 7.08094713417e+29
16 5.30020144119e+12 7.0770310394e+29
16 5.30083812289e+12 7.07311244959e+29
16 5.30147480458e+12 7.06919136427e+29
16 5.30211148628e+12 7.06526778293e+29
16 5.30274816798e+12 7.0613417051e+29
16 5.30338484967e+12 7.05741313029e+29
16 5.30402153137e+12 7.05348205802e+29
16 5.30465821307e+12 7.04954848779e+29
16 5.30529489476e+12 7.04561241912e+29
16 5.30593157646e+12 7.04167385152e+29
16 5.30656825815e+12 7.03773278451e+29
16 5.30720493985e+12 7.03378921761e+29
16 5.30784162155e+12 7.02984315031e+29
16 5.30847830324e+12 7.02548321389e+29
16 5.30911498494e+12 7.01898479061e+29
16 5.30975166664e+12 7.01098892482e+29
16 5.31038834833e+12 7.00296249818e+29
16 5.31102503003e+12 6.99493161714e+29
16 5.31166171172e+12 6.98689628086e+29
16 5.31229839342e+12 6.97885648852e+29
16 5.31293507512e+12 6.97081223927e+29
16 5.31357175681e+12 6.96276353227e+29
16 5.31420843851e+12 6.95471036668e+29
16 5.31484512021e+12 6.94665274168e+29
16 5.3154818019e+12 6.93859065641e+29
16 5.3161184836e+12 6.93052411006e+29
16 5.31675516529e+12 6.92245310177e+29
16 5.31739184699e+12 6.91437763071e+29
16 5.31802852869e+12 6.90668718755e+29
16 5.31866521038e+12 6.90066041393e+29
16 5.31930189208e+12 6.89565950149e+29
16 5.31993857377e+12 6.89066192988e+29
16 5.32057525547e+12 6.88566137294e+29
16 5.32121193717e+12 6.88065783008e+29
16 5.32184861886e+12 6.87565130074e+29
16 5.32248530056e+12 6.87064178435e+29
16 5.32312198226e+12 6.86562928033e+29
16 5.32375866395e+12 6.86061378812e+29
16 5.32439534565e+12 6.85559530714e+29
16 5.32503202734e+12 6.85057383681e+29
16 5.32566870904e+12 6.84554937658e+29
16 5.32630539074e+12 6.84052192587e+29
16 5.32694207243e+12 6.8354914841e+29
16 5.32757875413e+12 6.83045805071e+29
16 5.32821543583e+12 6.82542162512e+29
16 5.32885211752e+12 6.82038220677e+29
16 5.32948879922e+12 6.81533979507e+29
16 5.33012548091e+12 6.81032896978e+29
16 5.33076216261e+12 6.80557932876e+29
16 5.33139884431e+12 6.80105338477e+29
16 5.332035526e+12 6.79653670676e+29
16 5.3326722077e+12 6.79201728932e+29
16 5.3333088894e+12 6.78749513194e+29
16 5.33394557109e+12 6.78297023408e+29
16 5.33458225279e+12 6.77844259522e+29
16 5.33521893448e+12 6.77391221484e+29
16 5.33585561618e+12 6.7693790924e+29
16 5.33649229788e+12 6.7648432274e+29
16 5.33712897957e+12 6.76030461929e+29
16 5.33776566127e+12 6.75576326755e+29
16 5.33840234297e+12 6.75121917166e+29
16 5.33903902466e+12 6.74667233109e+29
16 5.33967570636e+12 6.74212274532e+29
16 5.34031238805e+12 6.73757041383e+29
16 5.34094906975e+12 6.73301533608e+29
16 5.34158575145e+12 6.72845751155e+29
16 5.34222243314e+12 6.72389693971e+29
16 5.34285911484e+12 6.71933362005e+29
16 5.34349579654e+12 6.71476755203e+29
16 5.34413247823e+12 6.71019873513e+29
16 5.34476915993e+12 6.70562716883e+29
16 5.34540584162e+12 6.70105285259e+29
16 5.34604252332e+12 6.6964757859e+29
16 5.34667920502e+12 6.69189596823e+29
16 5.34731588671e+12 6.68731339904e+29
16 5.34795256841e+12 6.68272807783e+29
16 5.34858925011e+12 6.67789897815e+29
16 5.3492259318e+12 6.67122698219e+29
16 5.3498626135e+12 6.66297367893e+29
16 5.35049929519e+12 6.65463234654e+29
16 5.35113597689e+12 6.64628647732e+29
16 5.35177265859e+12 6.63793607043e+29
16 5.35240934028e+12 6.62958112503e+29
16 5.35304602198e+12 6.62122164028e+29
16 5.35368270367e+12 6.61285761532e+29
16 5.35431938537e+12 6.60448904933e+29
16 5.35495606707e+12 6.59611594145e+29
16 5.35559274876e+12 6.58773829084e+29
16 5.35622943046e+12 6.57935609665e+29
16 5.35686611216e+12 6.57096935805e+29
16 5.35750279385e+12 6.56257807419e+29
16 5.35813947555e+12 6.55418224423e+29
16 5.35877615724e+12 6.54578186732e+29
16 5.35941283894e+12 6.5377120584e+29
16 5.36004952064e+12 6.53129741073e+29
16 5.36068620233e+12 6.52600184509e+29
16 5.36132288403e+12 6.52071620204e+29
16 5.36195956573e+12 6.51542749567e+29
16 5.36259624742e+12 6.51013572541e+29
16 5.36323292912e+12 6.50484089067e+29
16 5.36386961081e+12 6.49954299089e+29
16 5.36450629251e+12 6.49424202547e+29
16 5.36514297421e+12 6.48893799385e+29
16 5.3657796559e+12 6.48363089544e+29
16 5.3664163376e+12 6.47832072967e+29
16 5.3670530193e+12 6.47300749596e+29
16 5.36768970099e+12 6.46769119372e+29
16 5.36832638269e+12 6.46237182239e+29
16 5.36896306438e+12 6.45704938138e+29
16 5.36959974608e+12 6.45172387011e+29
16 5.37023642778e+12 6.446395288e+29
16 5.37087310947e+12 6.44106363449e+29
16 5.37150979117e+12 6.43590651696e+29
16 5.37214647287e+12 6.43126403942e+29
16 5.37278315456e+12 6.4268475779e+29
16 5.37341983626e+12 6.42242848079e+29
16 5.37405651795e+12 6.41800674758e+29
16 5.37469319965e+12 6.41358237778e+29
16 5.37532988135e+12 6.40915537088e+29
16 5.37596656304e+12 6.40472572639e+29
16 5.37660324474e+12 6.4002934438e+29
16 5.37723992644e+12 6.39585852261e+29
16 5.37787660813e+12 6.39142096233e+29
16 5.37851328983e+12 6.38698076245e+29
16 5.37914997152e+12 6.38253792247e+29
16 5.37978665322e+12 6.37809244189e+29
16 5.38042333492e+12 6.37364432021e+29
16 5.38106001661e+12 6.36919355694e+29
16 5.38169669831e+12 6.36474015156e+29
16 5.38233338001e+12 6.36028410358e+29
16 5.3829700617e+12 6.3558254125e+29
16 5.3836067434e+12 6.35136407781e+29
16 5.38424342509e+12 6.34690009903e+29
16 5.38488010679e+12 6.34243347564e+29
16 5.38551678849e+12 6.33796420714e+29
16 5.38615347018e+12 6.33349229304e+29
16 5.38679015188e+12 6.32901773284e+29
16 5.38742683357e+12 6.32454052603e+29
16 5.38806351527e+12 6.32006067211e+29
16 5.38870019697e+12 6.31557817059e+29
16 5.38933687866e+12 6.31088462973e+29
16 5.38997356036e+12 6.30552620367e+29
16 5.39061024206e+12 6.29984567427e+29
16 5.39124692375e+12 6.29416193307e+29
16 5.39188360545e+12 6.28847497948e+29
16 5.39252028714e+12 6.28278481288e+29
16 5.39315696884e+12 6.27709143268e+29
16 5.39379365054e+12 6.27139483829e+29
16 5.39443033223e+12 6.26569502909e+29
16 5.39506701393e+12 6.25999200449e+29
16 5.39570369563e+12 6.25428576389e+29
16 5.39634037732e+12 6.24857630669e+29
16 5.39697705902e+12 6.24286363229e+29
16 5.39761374071e+12 6.23714774008e+29
16 5.39825042241e+12 6.23142862948e+29
16 5.39888710411e+12 6.22570629987e+29
16 5.3995237858e+12 6.21998075066e+29
16 5.4001604675e+12 6.21425198125e+29
16 5.4007971492e+12 6.20851999103e+29
16 5.40143383089e+12 6.20278477941e+29
16 5.40207051259e+12 6.19704634579e+29
16 5.40270719428e+12 6.19130468957e+29
16 5.40334387598e+12 6.18555981015e+29
16 5.40398055768e+12 6.17981170692e+29
16 5.40461723937e+12 6.17406037928e+29
16 5.40525392107e+12 6.16830582665e+29
16 5.40589060277e+12 6.162547018e+29
16 5.40652728446e+12 6.15637370527e+29
16 5.40716396616e+12 6.14945319896e+29
16 5.40780064785e+12 6.14232839015e+29
16 5.40843732955e+12 6.13519971419e+29
16 5.40907401125e+12 6.12806717037e+29
16 5.40971069294e+12 6.12093075798e+29
16 5.41034737464e+12 6.1137904763e+29
16 5.41106364155e+12 6.97800329408e+29
16 5.41177990846e+12 6.96881204633e+29
16 5.41249617536e+12 6.95961519857e+29
16 5.41321244227e+12 6.95041274966e+29
16 5.41392870918e+12 6.94120469843e+29
16 5.41464497609e+12 6.93199104373e+29
16 5.415361243e+12 6.92277178439e+29
16 5.41607750991e+12 6.91354691925e+29
16 5.41679377681e+12 6.90431644716e+29
16 5.41751004372e+12 6.89509718668e+29
16 5.41822631063e+12 6.88605345828e+29
16 5.41894257754e+12 6.87718582123e+29
16 5.41965884445e+12 6.86832993083e+29
16 5.42037511135e+12 6.85946863751e+29
16 5.42109137826e+12 6.85060194016e+29
16 5.42180764517e+12 6.84172983764e+29
16 5.42252391208e+12 6.83285232885e+29
16 5.42324017899e+12 6.82396941266e+29
16 5.4239564459e+12 6.81508108795e+29
16 5.4246727128e+12 6.80618735362e+29
16 5.42538897971e+12 6.797363578e+29
16 5.42610524662e+12 6.78982661445e+29
16 5.42682151353e+12 6.78376747413e+29
16 5.42753778044e+12 6.77790435664e+29
16 5.42825404735e+12 6.77203743482e+29
16 5.42897031425e+12 6.76616670787e+29
16 5.42968658116e+12 6.760292175e+29
16 5.43040284807e+12 6.7544138354e+29
16 5.43111911498e+12 6.74853168827e+29
16 5.43183538189e+12 6.74264573282e+29
16 5.43255164879e+12 6.73675596824e+29
16 5.4332679157e+12 6.73086239374e+29
16 5.43398418261e+12 6.72496500851e+29
16 5.43470044952e+12 6.71906381176e+29
16 5.43541671643e+12 6.71315880268e+29
16 5.43613298334e+12 6.70742352671e+29
16 5.43684925024e+12 6.70214562218e+29
16 5.43756551715e+12 6.69706133059e+29
16 5.43828178406e+12 6.69197366188e+29
16 5.43899805097e+12 6.68688261536e+29
16 5.43971431788e+12 6.6817881903e+29
16 5.44043058479e+12 6.676690386e+29
16 5.44114685169e+12 6.67158920174e+29
16 5.4418631186e+12 6.6664846368e+29
16 5.44257938551e+12 6.66137669048e+29
16 5.44329565242e+12 6.65626536206e+29
16 5.44401191933e+12 6.65115065083e+29
16 5.44472818624e+12 6.64603255608e+29
16 5.44544445314e+12 6.64091107708e+29
16 5.44616072005e+12 6.63578621314e+29
16 5.44687698696e+12 6.63065796353e+29
16 5.44759325387e+12 6.62552632754e+29
16 5.44830952078e+12 6.62039130446e+29
16 5.44902578768e+12 6.61525289357e+29
16 5.44974205459e+12 6.61011109417e+29
16 5.4504583215e+12 6.60496590554e+29
16 5.45117458841e+12 6.59981732696e+29
16 5.45189085532e+12 6.59466535773e+29
16 5.45260712223e+12 6.58950999712e+29
16 5.45332338913e+12 6.58334596558e+29
16 5.45403965604e+12 6.57493493481e+29
16 5.45475592295e+12 6.56571453992e+29
16 5.45547218986e+12 6.55648862131e+29
16 5.45618845677e+12 6.54725717782e+29
16 5.45690472368e+12 6.53802020834e+29
16 5.45762099058e+12 6.52877771172e+29
16 5.45833725749e+12 6.51952968684e+29
16 5.4590535244e+12 6.51027613255e+29
16 5.45976979131e+12 6.50101704774e+29
16 5.46048605822e+12 6.49175243126e+29
16 5.46120232513e+12 6.48248228199e+29
16 5.46191859203e+12 6.47320659879e+29
16 5.46263485894e+12 6.46392538053e+29
16 5.46335112585e+12 6.45464061819e+29
16 5.46406739276e+12 6.44643238448e+29
16 5.46478365967e+12 6.44022397438e+29
16 5.46549992657e+12 6.43459427256e+29
16 5.46621619348e+12 6.42896095551e+29
16 5.46693246039e+12 6.42332402247e+29
16 5.4676487273e+12 6.4176834727e+29
16 5.46836499421e+12 6.41203930544e+29
16 5.46908126112e+12 6.40639151994e+29
16 5.46979752802e+12 6.40074011544e+29
16 5.47051379493e+12 6.39508509118e+29
16 5.47123006184e+12 6.38942644642e+29
16 5.47194632875e+12 6.38376418039e+29
16 5.47266259566e+12 6.37809829235e+29
16 5.47337886257e+12 6.37242878154e+29
16 5.47409512947e+12 6.3667556472e+29
16 5.47481139638e+12 6.36107888859e+29
16 5.47552766329e+12 6.35539850495e+29
16 5.4762439302e+12 6.34971449552e+29
16 5.47696019711e+12 6.34402685955e+29
16 5.47767646402e+12 6.33836853526e+29
16 5.47839273092e+12 6.33286991353e+29
16 5.47910899783e+12 6.32748335648e+29
16 5.47982526474e+12 6.32209593242e+29
16 5.48054153165e+12 6.31670504256e+29
16 5.48125779856e+12 6.31131068617e+29
16 5.48197406546e+12 6.30591286254e+29
16 5.48269033237e+12 6.30051157094e+29
16 5.48340659928e+12 6.29510681065e+29
16 5.48412286619e+12 6.28969858095e+29
16 5.4848391331e+12 6.28428688112e+29
16 5.48555540001e+12 6.27887171043e+29
16 5.48627166691e+12 6.27345306816e+29
16 5.48698793382e+12 6.26803095359e+29
16 5.48770420073e+12 6.262605366e+29
16 5.48842046764e+12 6.25717630467e+29
16 5.48913673455e+12 6.25174376887e+29
16 5.48985300146e+12 6.24630775788e+29
16 5.49056926836e+12 6.24086827099e+29
16 5.49128553527e+12 6.23542530747e+29
16 5.49200180218e+12 6.22997886659e+29
16 5.49271806909e+12 6.22452894764e+29
16 5.493434336e+12 6.21907554989e+29
16 5.4941506029e+12 6.21361867262e+29
16 5.49486686981e+12 6.20815831511e+29
16 5.49558313672e+12 6.20269447665e+29
16 5.49629940363e+12 6.1972187691e+29
16 5.49701567054e+12 6.18986041753e+29
16 5.49773193745e+12 6.17932214046e+29
16 5.49844820435e+12 6.16793988928e+29
16 5.49916447126e+12 6.15655107736e+29
16 5.49988073817e+12 6.14515570337e+29
16 5.50059700508e+12 6.13375376598e+29
16 5.50131327199e+12 6.12234526388e+29
16 5.5020295389e+12 6.11093019575e+29
16 5.50282539102e+12 6.86051871121e+29
16 5.50362124314e+12 6.84623208727e+29
16 5.50441709526e+12 6.83193633792e+29
16 5.50521294738e+12 6.81876363764e+29
16 5.5060087995e+12 6.80912408907e+29
16 5.50680465162e+12 6.80132318257e+29
16 5.50760050374e+12 6.79351807746e+29
16 5.50839635586e+12 6.78570760823e+29
16 5.50919220798e+12 6.77789177365e+29
16 5.5099880601e+12 6.77007057249e+29
16 5.51078391222e+12 6.76224400355e+29
16 5.51157976434e+12 6.75441206558e+29
16 5.51237561646e+12 6.74657475737e+29
16 5.51317146858e+12 6.73873589783e+29
16 5.5139673207e+12 6.7316561413e+29
16 5.51476317282e+12 6.72582601276e+29
16 5.51555902494e+12 6.72032222236e+29
16 5.51635487706e+12 6.71481441461e+29
16 5.51715072918e+12 6.70930258857e+29
16 5.5179465813e+12 6.70378674332e+29
16 5.51874243342e+12 6.69826687791e+29
16 5.51953828554e+12 6.69274299143e+29
16 5.52033413766e+12 6.68721508294e+29
16 5.52112998978e+12 6.68168315151e+29
16 5.5219258419e+12 6.67614719622e+29
16 5.52272169402e+12 6.67060721612e+29
16 5.52351754614e+12 6.6650632103e+29
16 5.52431339826e+12 6.65951517782e+29
16 5.52510925038e+12 6.65396311775e+29
16 5.5259051025e+12 6.64840702916e+29
16 5.52670095462e+12 6.64284691112e+29
16 5.52749680674e+12 6.6372827627e+29
16 5.52829265887e+12 6.63171458298e+29
16 5.52908851099e+12 6.62614059193e+29
16 5.52988436311e+12 6.62018079952e+29
16 5.53068021523e+12 6.61358202852e+29
16 5.53147606735e+12 6.6068082182e+29
16 5.53227191947e+12 6.60002968748e+29
16 5.53306777159e+12 6.59324643526e+29
16 5.53386362371e+12 6.58645846049e+29
16 5.53465947583e+12 6.57966576207e+29
16 5.53545532795e+12 6.57286833893e+29
16 5.53625118007e+12 6.56606619e+29
16 5.53704703219e+12 6.55925931418e+29
16 5.53784288431e+12 6.55244771042e+29
16 5.53863873643e+12 6.54563137763e+29
16 5.53943458855e+12 6.53881031472e+29
16 5.54023044067e+12 6.53198452063e+29
16 5.54102629279e+12 6.52515399428e+29
16 5.54182214491e+12 6.51831873458e+29
16 5.54261799703e+12 6.51147874047e+29
16 5.54341384915e+12 6.50463401085e+29
16 5.54420970127e+12 6.49778454466e+29
16 5.54500555339e+12 6.49093034082e+29
16 5.54580140551e+12 6.48407139825e+29
16 5.54659725763e+12 6.47720771587e+29
16 5.54739310975e+12 6.4703392926e+29
16 5.54818896187e+12 6.46346612737e+29
16 5.54898481399e+12 6.4560277819e+29
16 5.54978066611e+12 6.44706569212e+29
16 5.55057651823e+12 6.43740739778e+29
16 5.55137237035e+12 6.42774276817e+29
16 5.55216822247e+12 6.41807180187e+29
16 5.55296407459e+12 6.40839449745e+29
16 5.55375992671e+12 6.39871085351e+29
16 5.55455577883e+12 6.38902086861e+29
16 5.55535163095e+12 6.37932454135e+29
16 5.55614748307e+12 6.3696218703e+29
16 5.5569433352e+12 6.35991285404e+29
16 5.55773918732e+12 6.35019749115e+29
16 5.55853503944e+12 6.34047578021e+29
16 5.55933089156e+12 6.33074771981e+29
16 5.56012674368e+12 6.32101330852e+29
16 5.5609225958e+12 6.31127254492e+29
16 5.56171844792e+12 6.30156622579e+29
16 5.56251430004e+12 6.29215228894e+29
16 5.56331015216e+12 6.28299390613e+29
16 5.56410600428e+12 6.27384564006e+29
16 5.5649018564e+12 6.26469136804e+29
16 5.56569770852e+12 6.2555310887e+29
16 5.56649356064e+12 6.24636480072e+29
16 5.56728941276e+12 6.23719250275e+29
16 5.56808526488e+12 6.22801419345e+29
16 5.568881117e+12 6.21882987146e+29
16 5.56967696912e+12 6.20963953545e+29
16 5.57047282124e+12 6.20044318408e+29
16 5.57126867336e+12 6.19163856311e+29
16 5.57206452548e+12 6.18395545235e+29
16 5.5728603776e+12 6.17680349678e+29
16 5.57365622972e+12 6.16964669847e+29
16 5.57445208184e+12 6.16248505633e+29
16 5.57524793396e+12 6.15531856928e+29
16 5.57604378608e+12 6.14814723623e+29
16 5.5768396382e+12 6.14097105607e+29
16 5.57763549032e+12 6.13379002772e+29
16 5.57843134244e+12 6.12660415009e+29
16 5.57922719456e+12 6.11941342209e+29
16 5.58002304668e+12 6.11221845701e+29
16 5.58089848402e+12 6.78355003422e+29
16 5.58177392135e+12 6.77730377062e+29
16 5.58264935868e+12 6.77147194902e+29
16 5.58352479601e+12 6.76563546874e+29
16 5.58440023334e+12 6.75979432861e+29
16 5.58527567068e+12 6.75394852746e+29
16 5.58615110801e+12 6.74809806412e+29
16 5.58702654534e+12 6.7422429374e+29
16 5.58790198267e+12 6.73638314614e+29
16 5.58877742001e+12 6.73051868916e+29
16 5.58965285734e+12 6.72464956529e+29
16 5.59052829467e+12 6.71877577335e+29
16 5.591403732e+12 6.71289731217e+29
16 5.59227916934e+12 6.70701418058e+29
16 5.59315460667e+12 6.70112637739e+29
16 5.594030044e+12 6.69523390144e+29
16 5.59490548133e+12 6.68933675156e+29
16 5.59578091867e+12 6.68343492656e+29
16 5.596656356e+12 6.67752842527e+29
16 5.59753179333e+12 6.67161724653e+29
16 5.59840723066e+12 6.66570138915e+29
16 5.59928266799e+12 6.65978085196e+29
16 5.60015810533e+12 6.65360247528e+29
16 5.60103354266e+12 6.64448603767e+29
16 5.60190897999e+12 6.63225350473e+29
16 5.60278441732e+12 6.6196501269e+29
16 5.60365985466e+12 6.60703789936e+29
16 5.60453529199e+12 6.59441681995e+29
16 5.60541072932e+12 6.58178688653e+29
16 5.60628616665e+12 6.56914809693e+29
16 5.60716160399e+12 6.55650044902e+29
16 5.60803704132e+12 6.54384394065e+29
16 5.60891247865e+12 6.53117856966e+29
16 5.60978791598e+12 6.5185043339e+29
16 5.61066335331e+12 6.50582123122e+29
16 5.61153879065e+12 6.49337305433e+29
16 5.61241422798e+12 6.48211011095e+29
16 5.61328966531e+12 6.47171541274e+29
16 5.61416510264e+12 6.46134012174e+29
16 5.61504053998e+12 6.45095741422e+29
16 5.61591597731e+12 6.44056728838e+29
16 5.61679141464e+12 6.4301697424e+29
16 5.61766685197e+12 6.41976477449e+29
16 5.61854228931e+12 6.40935238282e+29
16 5.61941772664e+12 6.39903487413e+29
16 5.62029316397e+12 6.3896284875e+29
16 5.6211686013e+12 6.38109986624e+29
16 5.62204403863e+12 6.37264630416e+29
16 5.62291947597e+12 6.36418654755e+29
16 5.6237949133e+12 6.35572059488e+29
16 5.62467035063e+12 6.34724844465e+29
16 5.62554578796e+12 6.33877009532e+29
16 5.6264212253e+12 6.33028554539e+29
16 5.62729666263e+12 6.32202617434e+29
16 5.62817209996e+12 6.31502534422e+29
16 5.62904753729e+12 6.30901132922e+29
16 5.62992297463e+12 6.30303344415e+29
16 5.63079841196e+12 6.29705092496e+29
16 5.63167384929e+12 6.2910637705e+29
16 5.63254928662e+12 6.28507197961e+29
16 5.63342472395e+12 6.27907555116e+29
16 5.63430016129e+12 6.27307448397e+29
16 5.63517559862e+12 6.26706877691e+29
16 5.63605103595e+12 6.26105842882e+29
16 5.63692647328e+12 6.25504343854e+29
16 5.63780191062e+12 6.24902380494e+29
16 5.63867734795e+12 6.24299952684e+29
16 5.63955278528e+12 6.23697060311e+29
16 5.64042822261e+12 6.23093703259e+29
16 5.64130365995e+12 6.22436521567e+29
16 5.64217909728e+12 6.21665987683e+29
16 5.64305453461e+12 6.2085347027e+29
16 5.64392997194e+12 6.2004035881e+29
16 5.64480540927e+12 6.19226653157e+29
16 5.64568084661e+12 6.18412353167e+29
16 5.64655628394e+12 6.17597458694e+29
16 5.64743172127e+12 6.16781969594e+29
16 5.6483071586e+12 6.1596588572e+29
16 5.64918259594e+12 6.15149206928e+29
16 5.65005803327e+12 6.14331933073e+29
16 5.6509334706e+12 6.13514064009e+29
16 5.65180890793e+12 6.12695599591e+29
16 5.65268434527e+12 6.11876539674e+29
16 5.6535597826e+12 6.11056884113e+29
16 5.65451480514e+12 6.71090321783e+29
16 5.65546982769e+12 6.69734247888e+29
16 5.65642485023e+12 6.68216579683e+29
16 5.65737987277e+12 6.6669732934e+29
16 5.65833489532e+12 6.65176938744e+29
16 5.65928991786e+12 6.63655407595e+29
16 5.66024494041e+12 6.62132735595e+29
16 5.66119996295e+12 6.60692803401e+29
16 5.6621549855e+12 6.59614726531e+29
16 5.66311000804e+12 6.58789550682e+29
16 5.66406503059e+12 6.57969586491e+29
16 5.66502005313e+12 6.5714895681e+29
16 5.66597507567e+12 6.56327661462e+29
16 5.66693009822e+12 6.55505700269e+29
16 5.66788512076e+12 6.54683073053e+29
16 5.66884014331e+12 6.53859779636e+29
16 5.66979516585e+12 6.53023757397e+29
16 5.6707501884e+12 6.52136422336e+29
16 5.67170521094e+12 6.51213632855e+29
16 5.67266023348e+12 6.50289400365e+29
16 5.67361525603e+12 6.49364434629e+29
16 5.67457027857e+12 6.48438735454e+29
16 5.67552530112e+12 6.47512302644e+29
16 5.67648032366e+12 6.46585136006e+29
16 5.67743534621e+12 6.45657235344e+29
16 5.67839036875e+12 6.44754620627e+29
16 5.67934539129e+12 6.43999282499e+29
16 5.68030041384e+12 6.43363067708e+29
16 5.68125543638e+12 6.42732154534e+29
16 5.68221045893e+12 6.42100707972e+29
16 5.68316548147e+12 6.41468727877e+29
16 5.68412050402e+12 6.40836214105e+29
16 5.68507552656e+12 6.40203166513e+29
16 5.68603054911e+12 6.39569584957e+29
16 5.68698557165e+12 6.38935469294e+29
16 5.68794059419e+12 6.3830081938e+29
16 5.68889561674e+12 6.37665635071e+29
16 5.68985063928e+12 6.37029916224e+29
16 5.69080566183e+12 6.36393662695e+29
16 5.69176068437e+12 6.3575687434e+29
16 5.69271570692e+12 6.35119551016e+29
16 5.69367072946e+12 6.34481692578e+29
16 5.694625752e+12 6.33843298884e+29
16 5.69558077455e+12 6.3320436979e+29
16 5.69653579709e+12 6.32312846958e+29
16 5.69749081964e+12 6.30905964885e+29
16 5.69844584218e+12 6.29309706366e+29
16 5.69940086473e+12 6.27712271291e+29
16 5.70035588727e+12 6.26113659353e+29
16 5.70131090981e+12 6.24513870249e+29
16 5.70226593236e+12 6.22912903673e+29
16 5.7032209549e+12 6.21310759322e+29
16 5.70417597745e+12 6.19796512788e+29
16 5.70513099999e+12 6.18649878383e+29
16 5.70608602254e+12 6.1775323929e+29
16 5.70704104508e+12 6.1686078308e+29
16 5.70799606762e+12 6.15967625601e+29
16 5.70895109017e+12 6.15073766669e+29
16 5.70990611271e+12 6.14179206099e+29
16 5.71086113526e+12 6.13283943708e+29
16 5.7118161578e+12 6.12388221083e+29
16 5.71277118035e+12 6.11496813728e+29
16 5.7138057881e+12 6.66040517158e+29
16 5.71484039586e+12 6.64993929371e+29
16 5.71587500362e+12 6.63946452586e+29
16 5.71690961137e+12 6.62898086548e+29
16 5.71794421913e+12 6.61848831004e+29
16 5.71897882688e+12 6.60798685701e+29
16 5.72001343464e+12 6.59748228996e+29
16 5.7210480424e+12 6.58703254706e+29
16 5.72208265015e+12 6.57664074144e+29
16 5.72311725791e+12 6.56624839664e+29
16 5.72415186567e+12 6.55584724621e+29
16 5.72518647342e+12 6.54543728764e+29
16 5.72622108118e+12 6.53501851843e+29
16 5.72725568894e+12 6.52459093607e+29
16 5.72829029669e+12 6.51428556776e+29
16 5.72932490445e+12 6.50516913359e+29
16 5.7303595122e+12 6.49723667677e+29
16 5.73139411996e+12 6.48942351724e+29
16 5.73242872772e+12 6.48160344473e+29
16 5.73346333547e+12 6.47377645723e+29
16 5.73449794323e+12 6.46594255277e+29
16 5.73553255099e+12 6.45810172935e+29
16 5.73656715874e+12 6.450253985e+29
16 5.7376017665e+12 6.44239931773e+29
16 5.73863637426e+12 6.43453772554e+29
16 5.73967098201e+12 6.42666920645e+29
16 5.74070558977e+12 6.41879375848e+29
16 5.74174019752e+12 6.4109068374e+29
16 5.74277480528e+12 6.40107775189e+29
16 5.74380941304e+12 6.38779254168e+29
16 5.74484402079e+12 6.37337931593e+29
16 5.74587862855e+12 6.35895446265e+29
16 5.74691323631e+12 6.34451797858e+29
16 5.74794784406e+12 6.33006986047e+29
16 5.74898245182e+12 6.31561010507e+29
16 5.75001705958e+12 6.30113870912e+29
16 5.75105166733e+12 6.28810949797e+29
16 5.75208627509e+12 6.27818004962e+29
16 5.75312088285e+12 6.26946629351e+29
16 5.7541554906e+12 6.26074504992e+29
16 5.75519009836e+12 6.25201631673e+29
16 5.75622470611e+12 6.24328009179e+29
16 5.75725931387e+12 6.234536373e+29
16 5.75829392163e+12 6.2257851582e+29
16 5.75932852938e+12 6.21702644529e+29
16 5.76036313714e+12 6.20826023212e+29
16 5.7613977449e+12 6.19936205983e+29
16 5.76243235265e+12 6.18812204429e+29
16 5.76346696041e+12 6.17401419042e+29
16 5.76450156817e+12 6.15938880353e+29
16 5.76553617592e+12 6.14475172199e+29
16 5.76657078368e+12 6.13010294254e+29
16 5.76760539143e+12 6.11544780534e+29
16 5.7687195844e+12 6.61034383444e+29
16 5.76983377737e+12 6.59918651481e+29
16 5.77094797034e+12 6.58900755794e+29
16 5.77206216331e+12 6.57881926266e+29
16 5.77317635628e+12 6.56862162615e+29
16 5.77429054924e+12 6.55841464555e+29
16 5.77540474221e+12 6.54819831802e+29
16 5.77651893518e+12 6.53780948615e+29
16 5.77763312815e+12 6.52669481133e+29
16 5.77874732112e+12 6.51505092027e+29
16 5.77986151409e+12 6.50338132601e+29
16 5.78097570705e+12 6.49170127928e+29
16 5.78208990002e+12 6.48001077689e+29
16 5.78320409299e+12 6.46830981569e+29
16 5.78431828596e+12 6.45660003759e+29
16 5.78543247893e+12 6.44529317347e+29
16 5.7865466719e+12 6.43467950173e+29
16 5.78766086487e+12 6.42427534039e+29
16 5.78877505783e+12 6.41386173503e+29
16 5.7898892508e+12 6.4034386828e+29
16 5.79100344377e+12 6.39300618082e+29
16 5.79211763674e+12 6.38256422624e+29
16 5.79323182971e+12 6.37211281619e+29
16 5.79434602268e+12 6.3616519478e+29
16 5.79546021564e+12 6.35100543993e+29
16 5.79657440861e+12 6.3398062447e+29
16 5.79768860158e+12 6.3282878063e+29
16 5.79880279455e+12 6.31675832444e+29
16 5.79991698752e+12 6.30521857805e+29
16 5.80103118049e+12 6.29366856405e+29
16 5.80214537345e+12 6.28210827935e+29
16 5.80325956642e+12 6.27053772084e+29
16 5.80437375939e+12 6.25895688544e+29
16 5.80548795236e+12 6.24740909804e+29
16 5.80660214533e+12 6.23639851415e+29
16 5.8077163383e+12 6.22598204816e+29
16 5.80883053126e+12 6.21564190581e+29
16 5.80994472423e+12 6.20529245429e+29
16 5.8110589172e+12 6.19493369078e+29
16 5.81217311017e+12 6.18456561246e+29
16 5.81328730314e+12 6.17418821654e+29
16 5.81440149611e+12 6.16380150019e+29
16 5.81551568908e+12 6.15340546062e+29
16 5.81662988204e+12 6.143000095e+29
16 5.81774407501e+12 6.13258540054e+29
16 5.81885826798e+12 6.12159500991e+29
16 5.81997246095e+12 6.10911222915e+29
16 5.82116623913e+12 6.56378574614e+29
16 5.82236001731e+12 6.54851365827e+29
16 5.82355379549e+12 6.53322738747e+29
16 5.82474757367e+12 6.51792692921e+29
16 5.82594135185e+12 6.50261227897e+29
16 5.82713513003e+12 6.4872834322e+29
16 5.82832890821e+12 6.47188118643e+29
16 5.82952268639e+12 6.45441198289e+29
16 5.83071646457e+12 6.43409123359e+29
16 5.83191024275e+12 6.41308739424e+29
16 5.83310402093e+12 6.39206473687e+29
16 5.83429779911e+12 6.37251393257e+29
16 5.83549157729e+12 6.35712966922e+29
16 5.83668535547e+12 6.34396732976e+29
16 5.83787913366e+12 6.3307952755e+29
16 5.83907291184e+12 6.31777769919e+29
16 5.84026669002e+12 6.30622653836e+29
16 5.8414604682e+12 6.29613928331e+29
16 5.84265424638e+12 6.28620642698e+29
16 5.84384802456e+12 6.27626387397e+29
16 5.84504180274e+12 6.26631162115e+29
16 5.84623558092e+12 6.2563496654e+29
16 5.8474293591e+12 6.24637800356e+29
16 5.84862313728e+12 6.23571714511e+29
16 5.84981691546e+12 6.22343205648e+29
16 5.85101069364e+12 6.21040016884e+29
16 5.85220447182e+12 6.19735608932e+29
16 5.85339825e+12 6.18429981404e+29
16 5.85459202818e+12 6.17123133911e+29
16 5.85578580636e+12 6.15815066064e+29
16 5.85697958454e+12 6.14504510502e+29
16 5.85817336272e+12 6.13167708222e+29
16 5.8593671409e+12 6.11798356966e+29
16 5.8606405043e+12 6.53924880104e+29
16 5.86191386769e+12 6.52349996623e+29
16 5.86318723108e+12 6.50773559322e+29
16 5.86446059447e+12 6.49195567674e+29
16 5.86573395787e+12 6.47612433998e+29
16 5.86700732126e+12 6.46007687864e+29
16 5.86828068465e+12 6.44384617796e+29
16 5.86955404804e+12 6.42758940883e+29
16 5.87082741143e+12 6.41131671025e+29
16 5.87210077483e+12 6.39502807684e+29
16 5.87337413822e+12 6.37897510017e+29
16 5.87464750161e+12 6.36370358748e+29
16 5.875920865e+12 6.34889509647e+29
16 5.8771942284e+12 6.33407536258e+29
16 5.87846759179e+12 6.31924099462e+29
16 5.87974095518e+12 6.30439198766e+29
16 5.88101431857e+12 6.29010461672e+29
16 5.88228768197e+12 6.27716106579e+29
16 5.88356104536e+12 6.26482697026e+29
16 5.88483440875e+12 6.25248043071e+29
16 5.88610777214e+12 6.24012144291e+29
16 5.88738113554e+12 6.22775000263e+29
16 5.88865449893e+12 6.21536610565e+29
16 5.88992786232e+12 6.20296974773e+29
16 5.89120122571e+12 6.19039160725e+29
16 5.89247458911e+12 6.17707012363e+29
16 5.8937479525e+12 6.16319935474e+29
16 5.89502131589e+12 6.14929697982e+29
16 5.89629467928e+12 6.13538086522e+29
16 5.89756804268e+12 6.1214510063e+29
16 5.89884140607e+12 6.10750739844e+29
16 5.90019435467e+12 6.49885543195e+29
16 5.90154730328e+12 6.48302003409e+29
16 5.90290025188e+12 6.4664718706e+29
16 5.90425320049e+12 6.44641730111e+29
16 5.90560614909e+12 6.42354890817e+29
16 5.9069590977e+12 6.40051347733e+29
16 5.9083120463e+12 6.37745491647e+29
16 5.9096649949e+12 6.35450354103e+29
16 5.91101794351e+12 6.33450156428e+29
16 5.91237089211e+12 6.31833805581e+29
16 5.91372384072e+12 6.30298388921e+29
16 5.91507678932e+12 6.28761368464e+29
16 5.91642973793e+12 6.27222743636e+29
16 5.91778268653e+12 6.25682513865e+29
16 5.91913563514e+12 6.24125652902e+29
16 5.92048858374e+12 6.22536398437e+29
16 5.92184153235e+12 6.20933064567e+29
16 5.92319448095e+12 6.19328070207e+29
16 5.92454742955e+12 6.17721414768e+29
16 5.92590037816e+12 6.16113097656e+29
16 5.92725332676e+12 6.14503903767e+29
16 5.92860627537e+12 6.12914878249e+29
16 5.92995922397e+12 6.11353688382e+29
16 5.93139175779e+12 6.47812686272e+29
16 5.9328242916e+12 6.46060192343e+29
16 5.93425682542e+12 6.44305778835e+29
16 5.93568935924e+12 6.42549445025e+29
16 5.93712189305e+12 6.40791190192e+29
16 5.93855442687e+12 6.38969171705e+29
16 5.93998696069e+12 6.36991785741e+29
16 5.9414194945e+12 6.34936109256e+29
16 5.94285202832e+12 6.32878227633e+29
16 5.94428456214e+12 6.30818140049e+29
16 5.94571709595e+12 6.28755845678e+29
16 5.94714962977e+12 6.26721379135e+29
16 5.94858216359e+12 6.24825421444e+29
16 5.9500146974e+12 6.23036855279e+29
16 5.95144723122e+12 6.212513821e+29
16 5.95287976504e+12 6.19463972918e+29
16 5.95431229885e+12 6.17674627007e+29
16 5.95574483267e+12 6.15883343642e+29
16 5.95717736649e+12 6.14095359028e+29
16 5.9586099003e+12 6.12322828219e+29
16 5.96012201933e+12 6.46370835443e+29
16 5.96163413836e+12 6.44397786051e+29
16 5.96314625739e+12 6.42422484953e+29
16 5.96465837642e+12 6.4044493126e+29
16 5.96617049544e+12 6.38465124084e+29
16 5.96768261447e+12 6.36482959996e+29
16 5.9691947335e+12 6.34497687493e+29
16 5.97070685253e+12 6.32509310022e+29
16 5.97221897156e+12 6.30518575086e+29
16 5.97373109059e+12 6.28525580298e+29
16 5.97524320962e+12 6.26530324769e+29
16 5.97675532864e+12 6.24532807608e+29
16 5.97826744767e+12 6.22533027928e+29
16 5.9797795667e+12 6.20467870052e+29
16 5.98129168573e+12 6.17878213252e+29
16 5.98280380476e+12 6.14767797197e+29
16 5.98431592379e+12 6.11594120002e+29
16 5.98590762803e+12 6.42069767814e+29
16 5.98749933227e+12 6.39069085012e+29
16 5.98909103651e+12 6.3668880413e+29
16 5.99068274075e+12 6.34431418346e+29
16 5.99227444499e+12 6.32171363261e+29
16 5.99386614923e+12 6.29909086524e+29
16 5.99545785347e+12 6.27645050782e+29
16 5.99704955771e+12 6.25378723471e+29
16 5.99864126195e+12 6.2310972431e+29
16 6.00023296619e+12 6.20839059696e+29
16 6.00182467043e+12 6.18574334423e+29
16 6.00341637467e+12 6.16315604581e+29
16 6.00500807891e+12 6.14055264621e+29
16 6.00659978316e+12 6.11792267832e+29
16 6.00827107261e+12 6.41489592827e+29
16 6.00994236206e+12 6.38992454376e+29
16 6.01161365151e+12 6.36498258879e+29
16 6.01328494097e+12 6.34001208567e+29
16 6.01495623042e+12 6.31501086607e+29
16 6.01662751987e+12 6.28998848453e+29
16 6.01829880932e+12 6.26496600662e+29
16 6.01997009878e+12 6.23993217634e+29
16 6.02164138823e+12 6.21486788628e+29
16 6.02331267768e+12 6.18977288015e+29
16 6.02498396713e+12 6.16357757407e+29
16 6.02665525659e+12 6.13183171331e+29
16 6.02840613125e+12 6.39841847939e+29
16 6.03015700592e+12 6.35974970189e+29
16 6.03190788058e+12 6.3273400377e+29
16 6.03365875524e+12 6.29932235116e+29
16 6.03540962991e+12 6.27266416192e+29
16 6.03716050457e+12 6.25018248362e+29
16 6.03891137924e+12 6.23040719012e+29
16 6.0406622539e+12 6.2106486282e+29
16 6.04241312857e+12 6.19086401226e+29
16 6.04416400323e+12 6.17105333051e+29
16 6.0459148779e+12 6.15066146414e+29
16 6.04766575256e+12 6.1249110583e+29
16 6.04949621244e+12 6.38216023373e+29
16 6.05132667232e+12 6.34688491862e+29
16 6.05315713219e+12 6.31156340891e+29
16 6.05498759207e+12 6.27655004463e+29
16 6.05681805195e+12 6.24396060679e+29
16 6.05864851182e+12 6.21366169954e+29
16 6.0604789717e+12 6.18356238135e+29
16 6.06230943158e+12 6.1534232902e+29
16 6.06413989145e+12 6.12351052564e+29
16 6.06604993654e+12 6.37297681287e+29
16 6.06795998163e+12 6.34808302165e+29
16 6.06987002672e+12 6.32380580849e+29
16 6.07178007181e+12 6.2994942582e+29
16 6.0736901169e+12 6.275148354e+29
16 6.07560016198e+12 6.25076807908e+29
16 6.07751020707e+12 6.22635341664e+29
16 6.07942025216e+12 6.20190434989e+29
16 6.08133029725e+12 6.17742086201e+29
16 6.08324034234e+12 6.14879908834e+29
16 6.08522997264e+12 6.37026712465e+29
16 6.08721960294e+12 6.31545246283e+29
16 6.08920923324e+12 6.2604341139e+29
16 6.09119886354e+12 6.20533979566e+29
16 6.09318849384e+12 6.15525587157e+29
16 6.09517812414e+12 6.11551980484e+29
16 6.09724733966e+12 6.33214619865e+29
16 6.09931655517e+12 6.29390369494e+29
16 6.10138577068e+12 6.25554343941e+29
16 6.10345498619e+12 6.21499026018e+29
16 6.10552420171e+12 6.17134806116e+29
16 6.10759341722e+12 6.12681536219e+29
16 6.10974221794e+12 6.32431294461e+29
16 6.11189101867e+12 6.28024691006e+29
16 6.11403981939e+12 6.23934242355e+29
16 6.11618862012e+12 6.19866625527e+29
16 6.11833742084e+12 6.16037587044e+29
16 6.12048622157e+12 6.12821798274e+29
16 6.1227146075e+12 6.33285197173e+29
16 6.12494299344e+12 6.30173952236e+29
16 6.12717137938e+12 6.27057675332e+29
16 6.12939976531e+12 6.23936363626e+29
16 6.13162815125e+12 6.2081001428e+29
16 6.13385653719e+12 6.17492900808e+29
16 6.13608492313e+12 6.12983480215e+29
16 6.13839289427e+12 6.29653352928e+29
16 6.14070086542e+12 6.23499165691e+29
16 6.14300883657e+12 6.17337373048e+29
16 6.14531680772e+12 6.11676356809e+29
16 6.14770436408e+12 6.28414823428e+29
16 6.15009192044e+12 6.23645435739e+29
16 6.1524794768e+12 6.1886807162e+29
16 6.15486703316e+12 6.14095550864e+29
16 6.15733417474e+12 6.30227566502e+29
16 6.15980131631e+12 6.25226850657e+29
16 6.16226845788e+12 6.20220585677e+29
16 6.16473559946e+12 6.15206970765e+29
16 6.16728232624e+12 6.30412055107e+29
16 6.16982905303e+12 6.25177019381e+29
16 6.17237577981e+12 6.19953740356e+29
16 6.1749225066e+12 6.14721199804e+29
16 6.17754881859e+12 6.28661136913e+29
16 6.18017513059e+12 6.21735771888e+29
16 6.18280144259e+12 6.14123380184e+29
16 6.18550733979e+12 6.2605491055e+29
16 6.188213237e+12 6.199788081e+29
16 6.19091913421e+12 6.1424370896e+29
16 6.19370461663e+12 6.26822681818e+29
16 6.19649009905e+12 6.20823736806e+29
16 6.19927558148e+12 6.14853279986e+29
16 6.20214064911e+12 6.266718811e+29
16 6.20500571674e+12 6.20478397876e+29
16 6.20787078437e+12 6.14662712796e+29
16 6.21081543722e+12 6.26455561317e+29
16 6.21376009006e+12 6.2070752639e+29
16 6.21670474291e+12 6.14745314955e+29
16 6.21972898097e+12 6.25230448836e+29
16 6.22275321902e+12 6.18556184427e+29
16 6.22577745708e+12 6.11795755543e+29
16 6.22888128035e+12 6.21024913446e+29
16 6.23198510362e+12 6.13628290609e+29
16 6.2351685121e+12 6.22206224293e+29
16 6.23835192058e+12 6.15006107689e+29
16 6.24161491427e+12 6.23335139458e+29
16 6.24487790797e+12 6.15743275162e+29
16 6.24822048687e+12 6.22949261361e+29
16 6.25156306578e+12 6.14798081933e+29
16 6.2549852299e+12 6.21657764112e+29
16 6.25840739401e+12 6.13813732634e+29
16 6.26190914334e+12 6.2028701534e+29
16 6.26541089267e+12 6.12239896545e+29
16 6.26899222721e+12 6.18100528599e+29
16 6.27265314697e+12 6.23495398433e+29
16 6.27631406672e+12 6.14898545656e+29
16 6.28005457168e+12 6.18976506363e+29
16 6.28387466186e+12 6.21641599579e+29
16 6.28769475204e+12 6.11500400109e+29
16 6.29159442743e+12 6.14962995767e+29
16 6.29557368803e+12 6.18074398488e+29
16 6.29963253384e+12 6.20692215586e+29
16 6.30369137966e+12 6.1078630289e+29
16 6.30782981068e+12 6.1225491113e+29
16 6.31204782692e+12 6.12408475638e+29
16 6.31634542837e+12 6.12579396779e+29
16 6.32072261503e+12 6.12988343996e+29
16 6.3251793869e+12 6.12924379158e+29
16 6.32971574399e+12 6.12600042337e+29
16 6.33433168629e+12 6.12665465166e+29
16 6.3390272138e+12 6.12508854309e+29
16 6.34380232652e+12 6.10986646522e+29
16 6.34873660966e+12 6.18058092277e+29
16 6.35375047802e+12 6.13738432438e+29
16 6.3589235168e+12 6.18662012943e+29
16 6.3641761408e+12 6.13211597761e+29
16 6.36958793522e+12 6.154484101e+29
16 6.37515890006e+12 6.16841710693e+29
16 6.38088903532e+12 6.16936964245e+29
16 6.38677834101e+12 6.15829919078e+29
16 6.39282681713e+12 6.14161999e+29
16 6.39903446367e+12 6.11363428738e+29
16 6.40548086584e+12 6.14808044722e+29
16 6.41216602365e+12 6.15634649447e+29
16 6.4190899371e+12 6.14215238885e+29
16 6.42625260618e+12 6.12645176075e+29
16 6.4336540309e+12 6.11440919629e+29
16 6.44137379647e+12 6.13158381841e+29
16 6.44949148809e+12 6.1634696077e+29
16 6.45792752057e+12 6.10822196321e+29
16 6.46684106431e+12 6.13472264335e+29
16 6.47623211933e+12 6.12089504821e+29
16 6.48618027084e+12 6.11429776881e+29
16 6.49684468925e+12 6.1492994487e+29
16 6.50822537457e+12 6.12337411559e+29
16 6.52048149722e+12 6.11125954764e+29
16 6.53385181284e+12 6.12418243979e+29
16 6.54857507707e+12 6.12754537512e+29
16 6.56496963075e+12 6.11311115044e+29
16 6.58367215557e+12 6.12999924235e+29
16 6.60547850367e+12 6.1181448233e+29
16 6.63198037927e+12 6.1095086852e+29
16 6.66659994651e+12 6.11322932745e+29
