## fname ../out/raw_MESA_output/profile_mainsequence.data  masscut 0.95    N 16   mp 1e-08 mp_solar 1.988e+25   RKstep 2.448e+06    outer_step 2.448e+06
16 41892072093.2 8.03733579968e+28
16 41896968309.3 8.03382698815e+28
16 41901864525.3 8.03031587748e+28
16 41906760741.4 8.02680246723e+28
16 41911656957.5 8.02328675696e+28
16 41916553173.5 8.01976874623e+28
16 41921449389.6 8.0162484346e+28
16 41926345605.7 8.01272582162e+28
16 41931241821.7 8.00920090686e+28
16 41936138037.8 8.00567368987e+28
16 41941034253.8 8.0021441702e+28
16 41945930469.9 7.99861234743e+28
16 41950826686.0 7.99507822111e+28
16 41955722902.0 7.99154179079e+28
16 41960619118.1 7.98800305604e+28
16 41965515334.2 7.98446201641e+28
16 41970411550.2 7.98091867146e+28
16 41975307766.3 7.97737302075e+28
16 41980203982.4 7.97382506385e+28
16 41985100198.4 7.97027480029e+28
16 41989996414.5 7.96672222966e+28
16 41994892630.6 7.9631673515e+28
16 41999788846.6 7.95961016537e+28
16 42004685062.7 7.95605067083e+28
16 42009581278.7 7.95248886744e+28
16 42014477494.8 7.94892475476e+28
16 42019373710.9 7.94535833235e+28
16 42024269926.9 7.94178959976e+28
16 42029166143.0 7.93821855656e+28
16 42034062359.1 7.9346452023e+28
16 42038958575.1 7.93106953654e+28
16 42043854791.2 7.92749155884e+28
16 42048751007.3 7.92391126875e+28
16 42053647223.3 7.92032866584e+28
16 42058543439.4 7.91674374967e+28
16 42063439655.4 7.91315651979e+28
16 42068335871.5 7.90956697576e+28
16 42073232087.6 7.90597511714e+28
16 42078128303.6 7.90238094349e+28
16 42083024519.7 7.89878445437e+28
16 42087920735.8 7.89518564933e+28
16 42092816951.8 7.89158452794e+28
16 42097713167.9 7.88798108975e+28
16 42102609384.0 7.88437533432e+28
16 42107505600.0 7.88076726121e+28
16 42112401816.1 7.87715686998e+28
16 42117298032.2 7.87354416018e+28
16 42122194248.2 7.86992913138e+28
16 42127090464.3 7.86631178313e+28
16 42131986680.3 7.862692115e+28
16 42136882896.4 7.85907012653e+28
16 42141779112.5 7.8554458173e+28
16 42146675328.5 7.85181918685e+28
16 42151571544.6 7.84819023475e+28
16 42156467760.7 7.84457354769e+28
16 42161363976.7 7.84107711619e+28
16 42166260192.8 7.83765942799e+28
16 42171156408.9 7.83424024816e+28
16 42176052624.9 7.83081884619e+28
16 42180948841.0 7.82739522164e+28
16 42185845057.1 7.82396937411e+28
16 42190741273.1 7.82054130315e+28
16 42195637489.2 7.81711100835e+28
16 42200533705.2 7.81367848928e+28
16 42205429921.3 7.81024374553e+28
16 42210326137.4 7.80680677666e+28
16 42215222353.4 7.80336758226e+28
16 42220118569.5 7.79992616189e+28
16 42225014785.6 7.79648251514e+28
16 42229911001.6 7.79303664158e+28
16 42234807217.7 7.78958854079e+28
16 42239703433.8 7.78613821235e+28
16 42244599649.8 7.78268565582e+28
16 42249495865.9 7.77923087079e+28
16 42254392082.0 7.77577385683e+28
16 42259288298.0 7.77231461353e+28
16 42264184514.1 7.76885314044e+28
16 42269080730.1 7.76538943716e+28
16 42273976946.2 7.76192350326e+28
16 42278873162.3 7.7584553383e+28
16 42283769378.3 7.75498494188e+28
16 42288665594.4 7.75151231357e+28
16 42293561810.5 7.74803745294e+28
16 42298458026.5 7.74456035956e+28
16 42303354242.6 7.74108103302e+28
16 42308250458.7 7.73759947289e+28
16 42313146674.7 7.73411567875e+28
16 42318042890.8 7.73062965017e+28
16 42322939106.9 7.72714138673e+28
16 42327835322.9 7.72365088801e+28
16 42332731539.0 7.72015815358e+28
16 42337627755.0 7.71666318302e+28
16 42342523971.1 7.7131659759e+28
16 42347420187.2 7.7096665318e+28
16 42352316403.2 7.7061648503e+28
16 42357212619.3 7.70266093097e+28
16 42362108835.4 7.69915477339e+28
16 42367005051.4 7.69564637714e+28
16 42371901267.5 7.69213574178e+28
16 42376797483.6 7.68862286691e+28
16 42381693699.6 7.68510775209e+28
16 42386589915.7 7.6815903969e+28
16 42391486131.7 7.67807080091e+28
16 42396382347.8 7.67454896371e+28
16 42401278563.9 7.67102488486e+28
16 42406174779.9 7.66749856396e+28
16 42411070996.0 7.66397000056e+28
16 42415967212.1 7.66043919425e+28
16 42420863428.1 7.6569061446e+28
16 42425759644.2 7.65338998432e+28
16 42430655860.3 7.64999591634e+28
16 42435552076.3 7.64666788049e+28
16 42440448292.4 7.64333769733e+28
16 42445344508.5 7.64000536645e+28
16 42450240724.5 7.63667088745e+28
16 42455136940.6 7.63333425991e+28
16 42460033156.6 7.62999548344e+28
16 42464929372.7 7.62665455763e+28
16 42469825588.8 7.62331148206e+28
16 42474721804.8 7.61996625633e+28
16 42479618020.9 7.61661888003e+28
16 42484514237.0 7.61326935276e+28
16 42489410453.0 7.60991767412e+28
16 42494306669.1 7.60656384368e+28
16 42499202885.2 7.60320786105e+28
16 42504099101.2 7.59984972583e+28
16 42508995317.3 7.59648943759e+28
16 42513891533.4 7.59312699594e+28
16 42518787749.4 7.58976240047e+28
16 42523683965.5 7.58639565077e+28
16 42528580181.5 7.58302674644e+28
16 42533476397.6 7.57965568706e+28
16 42538372613.7 7.57628247224e+28
16 42543268829.7 7.57290710156e+28
16 42548165045.8 7.56952957461e+28
16 42553061261.9 7.566149891e+28
16 42557957477.9 7.56276805032e+28
16 42562853694.0 7.55938405214e+28
16 42567749910.1 7.55599789608e+28
16 42572646126.1 7.55260958173e+28
16 42577542342.2 7.54921910867e+28
16 42582438558.3 7.54582647649e+28
16 42587334774.3 7.5424316848e+28
16 42592230990.4 7.53903473319e+28
16 42597127206.4 7.53563562125e+28
16 42602023422.5 7.53223434856e+28
16 42606919638.6 7.52883091473e+28
16 42611815854.6 7.52542531935e+28
16 42616712070.7 7.52201756202e+28
16 42621608286.8 7.51860764231e+28
16 42626504502.8 7.51519555983e+28
16 42631400718.9 7.51178131418e+28
16 42636296935.0 7.50836490493e+28
16 42641193151.0 7.5049463317e+28
16 42646089367.1 7.50152559406e+28
16 42650985583.1 7.49810269162e+28
16 42655881799.2 7.49467762396e+28
16 42660778015.3 7.49125039068e+28
16 42665674231.3 7.48782099138e+28
16 42670570447.4 7.48438942564e+28
16 42675466663.5 7.48095569306e+28
16 42680362879.5 7.47751979323e+28
16 42685259095.6 7.47408172574e+28
16 42690155311.7 7.4706414902e+28
16 42695051527.7 7.46723576251e+28
16 42699947743.8 7.46395857552e+28
16 42704843959.9 7.46071676106e+28
16 42709740175.9 7.45747287088e+28
16 42714636392.0 7.45422690459e+28
16 42719532608.0 7.45097886181e+28
16 42724428824.1 7.44772874214e+28
16 42729325040.2 7.44447654519e+28
16 42734221256.2 7.44122227057e+28
16 42739117472.3 7.43796591789e+28
16 42744013688.4 7.43470748676e+28
16 42748909904.4 7.43144697679e+28
16 42753806120.5 7.42818438758e+28
16 42758702336.6 7.42491971876e+28
16 42763598552.6 7.42165296991e+28
16 42768494768.7 7.41838414067e+28
16 42773390984.8 7.41511323063e+28
16 42778287200.8 7.4118402394e+28
16 42783183416.9 7.4085651666e+28
16 42788079632.9 7.40528801183e+28
16 42792975849.0 7.4020087747e+28
16 42797872065.1 7.39872745482e+28
16 42802768281.1 7.39544405181e+28
16 42807664497.2 7.39215856526e+28
16 42812560713.3 7.38887099479e+28
16 42817456929.3 7.38558134001e+28
16 42822353145.4 7.38228960053e+28
16 42827249361.5 7.37899577595e+28
16 42832145577.5 7.3756998659e+28
16 42837041793.6 7.37240186996e+28
16 42841938009.7 7.36910178776e+28
16 42846834225.7 7.36579961891e+28
16 42851730441.8 7.36249536301e+28
16 42856626657.8 7.35918901967e+28
16 42861522873.9 7.3558805885e+28
16 42866419090.0 7.35257006911e+28
16 42871315306.0 7.34925746112e+28
16 42876211522.1 7.34594276412e+28
16 42881107738.2 7.34262597773e+28
16 42886003954.2 7.33930710156e+28
16 42890900170.3 7.33598613522e+28
16 42895796386.4 7.33266307831e+28
16 42900692602.4 7.32933793045e+28
16 42905588818.5 7.32601069125e+28
16 42910485034.5 7.32268136031e+28
16 42915381250.6 7.31934993724e+28
16 42920277466.7 7.31601642166e+28
16 42925173682.7 7.31268081317e+28
16 42930069898.8 7.30934311138e+28
16 42934966114.9 7.3060033159e+28
16 42939862330.9 7.30266142635e+28
16 42944758547.0 7.29931744232e+28
16 42949654763.1 7.29597136343e+28
16 42954550979.1 7.29262318929e+28
16 42959447195.2 7.28927441493e+28
16 42964343411.3 7.28600612394e+28
16 42969239627.3 7.28284103702e+28
16 42974135843.4 7.27968299526e+28
16 42979032059.4 7.27652294675e+28
16 42983928275.5 7.27336089112e+28
16 42988824491.6 7.27019682799e+28
16 42993720707.6 7.26703075699e+28
16 42998616923.7 7.26386267774e+28
16 43003513139.8 7.26069258986e+28
16 43008409355.8 7.25752049298e+28
16 43013305571.9 7.25434638673e+28
16 43018201788.0 7.25117027073e+28
16 43023098004.0 7.24799214461e+28
16 43027994220.1 7.24481200798e+28
16 43032890436.2 7.24162986048e+28
16 43037786652.2 7.23844570173e+28
16 43042682868.3 7.23525953135e+28
16 43047579084.3 7.23207134897e+28
16 43052475300.4 7.22888115421e+28
16 43057371516.5 7.2256889467e+28
16 43062267732.5 7.22249472607e+28
16 43067163948.6 7.21929849193e+28
16 43072060164.7 7.21610024391e+28
16 43076956380.7 7.21289998164e+28
16 43081852596.8 7.20969770474e+28
16 43086748812.9 7.20649341284e+28
16 43091645028.9 7.20328710556e+28
16 43096541245.0 7.20007878252e+28
16 43101437461.1 7.19686844336e+28
16 43106333677.1 7.19365608769e+28
16 43111229893.2 7.19044171514e+28
16 43116126109.2 7.18722532533e+28
16 43121022325.3 7.1840069179e+28
16 43125918541.4 7.18078649246e+28
16 43130814757.4 7.17756404863e+28
16 43135710973.5 7.17433958605e+28
16 43140607189.6 7.17111310434e+28
16 43145503405.6 7.16788460313e+28
16 43150399621.7 7.16465408203e+28
16 43155295837.8 7.16142154067e+28
16 43160192053.8 7.15818697868e+28
16 43165088269.9 7.15495039568e+28
16 43169984486.0 7.1517117913e+28
16 43174880702.0 7.14847116516e+28
16 43179776918.1 7.14522851689e+28
16 43184673134.1 7.14198384611e+28
16 43189569350.2 7.13873715244e+28
16 43194465566.3 7.13548843551e+28
16 43199361782.3 7.13223769495e+28
16 43204257998.4 7.12898493038e+28
16 43209154214.5 7.12573014142e+28
16 43214050430.5 7.12247332771e+28
16 43218946646.6 7.11921448885e+28
16 43223842862.7 7.11595362449e+28
16 43228739078.7 7.1127216261e+28
16 43233635294.8 7.1096082993e+28
16 43238531510.8 7.10653376122e+28
16 43243427726.9 7.10345728327e+28
16 43248323943.0 7.10037886509e+28
16 43253220159.0 7.09729850632e+28
16 43258116375.1 7.0942162066e+28
16 43263012591.2 7.09113196557e+28
16 43267908807.2 7.08804578287e+28
16 43272805023.3 7.08495765814e+28
16 43277701239.4 7.08186759102e+28
16 43282597455.4 7.07877558114e+28
16 43287493671.5 7.07568162815e+28
16 43292389887.6 7.07258573168e+28
16 43297286103.6 7.06948789138e+28
16 43302182319.7 7.06638810689e+28
16 43307078535.7 7.06328637784e+28
16 43311974751.8 7.06018270387e+28
16 43316870967.9 7.05707708463e+28
16 43321767183.9 7.05396951975e+28
16 43326663400.0 7.05086000888e+28
16 43331559616.1 7.04774855165e+28
16 43336455832.1 7.0446351477e+28
16 43341352048.2 7.04151979667e+28
16 43346248264.3 7.0384024982e+28
16 43351144480.3 7.03528325193e+28
16 43356040696.4 7.0321620575e+28
16 43360936912.5 7.02903891456e+28
16 43365833128.5 7.02591382273e+28
16 43370729344.6 7.02278678166e+28
16 43375625560.6 7.01965779099e+28
16 43380521776.7 7.01652685036e+28
16 43385417992.8 7.0133939594e+28
16 43390314208.8 7.01025911776e+28
16 43395210424.9 7.00712232508e+28
16 43400106641.0 7.00398358099e+28
16 43405002857.0 7.00084288514e+28
16 43409899073.1 6.99770023716e+28
16 43414795289.2 6.9945556367e+28
16 43419691505.2 6.99140908339e+28
16 43424587721.3 6.98826057688e+28
16 43429483937.4 6.9851101168e+28
16 43434380153.4 6.98195770279e+28
16 43439276369.5 6.97880333449e+28
16 43444172585.5 6.97564701155e+28
16 43449068801.6 6.9724887336e+28
16 43453965017.7 6.96932850027e+28
16 43458861233.7 6.96616631122e+28
16 43463757449.8 6.96300216608e+28
16 43468653665.9 6.95983606449e+28
16 43473549881.9 6.95666800608e+28
16 43478446098.0 6.95349799051e+28
16 43483342314.1 6.9503260174e+28
16 43488238530.1 6.9471520864e+28
16 43493134746.2 6.94398904292e+28
16 43498030962.2 6.9409290825e+28
16 43502927178.3 6.93793533436e+28
16 43507823394.4 6.93494025019e+28
16 43512719610.4 6.93194329034e+28
16 43517615826.5 6.92894445447e+28
16 43522512042.6 6.92594374223e+28
16 43527408258.6 6.92294115327e+28
16 43532304474.7 6.91993668725e+28
16 43537200690.8 6.91693034382e+28
16 43542096906.8 6.91392212264e+28
16 43546993122.9 6.91091202335e+28
16 43551889339.0 6.90790004561e+28
16 43556785555.0 6.90488618908e+28
16 43561681771.1 6.90187045341e+28
16 43566577987.1 6.89885283826e+28
16 43571474203.2 6.89583334327e+28
16 43576370419.3 6.8928119681e+28
16 43581266635.3 6.8897887124e+28
16 43586162851.4 6.88676357584e+28
16 43591059067.5 6.88373655805e+28
16 43595955283.5 6.8807076587e+28
16 43600851499.6 6.87767687744e+28
16 43605747715.7 6.87464421392e+28
16 43610643931.7 6.8716096678e+28
16 43615540147.8 6.86857323873e+28
16 43620436363.9 6.86553492637e+28
16 43625332579.9 6.86249473036e+28
16 43630228796.0 6.85945265036e+28
16 43635125012.0 6.85640868603e+28
16 43640021228.1 6.85336283702e+28
16 43644917444.2 6.85031510298e+28
16 43649813660.2 6.84726548356e+28
16 43654709876.3 6.84421397843e+28
16 43659606092.4 6.84116058723e+28
16 43664502308.4 6.83810530961e+28
16 43669398524.5 6.83504814524e+28
16 43674294740.6 6.83198909377e+28
16 43679190956.6 6.82892815484e+28
16 43684087172.7 6.82586532811e+28
16 43688983388.8 6.82280061324e+28
16 43693879604.8 6.81973400988e+28
16 43698775820.9 6.81666551769e+28
16 43703672036.9 6.81359513631e+28
16 43708568253.0 6.8105228654e+28
16 43713464469.1 6.80744870461e+28
16 43718360685.1 6.80437265361e+28
16 43723256901.2 6.80129471203e+28
16 43728153117.3 6.79821487955e+28
16 43733049333.3 6.7951331558e+28
16 43737945549.4 6.79204954044e+28
16 43742841765.5 6.78896403314e+28
16 43747737981.5 6.78587663353e+28
16 43752634197.6 6.78278734128e+28
16 43757530413.6 6.77970601507e+28
16 43762426629.7 6.77672108284e+28
16 43767322845.8 6.77380614871e+28
16 43772219061.8 6.77089044635e+28
16 43777115277.9 6.76797293065e+28
16 43782011494.0 6.76505360129e+28
16 43786907710.0 6.76213245793e+28
16 43791803926.1 6.75920950023e+28
16 43796700142.2 6.75628472787e+28
16 43801596358.2 6.75335814051e+28
16 43806492574.3 6.75042973781e+28
16 43811388790.4 6.74749951946e+28
16 43816285006.4 6.7445674851e+28
16 43821181222.5 6.74163363442e+28
16 43826077438.5 6.73869796708e+28
16 43830973654.6 6.73576048274e+28
16 43835869870.7 6.73282118107e+28
16 43840766086.7 6.72988006175e+28
16 43845662302.8 6.72693712443e+28
16 43850558518.9 6.72399236879e+28
16 43855454734.9 6.72104579448e+28
16 43860350951.0 6.71809740119e+28
16 43865247167.1 6.71514718857e+28
16 43870143383.1 6.7121951563e+28
16 43875039599.2 6.70924130404e+28
16 43879935815.3 6.70628563146e+28
16 43884832031.3 6.70332813822e+28
16 43889728247.4 6.700368824e+28
16 43894624463.4 6.69740768845e+28
16 43899520679.5 6.69444473126e+28
16 43904416895.6 6.69147995207e+28
16 43909313111.6 6.68851335058e+28
16 43914209327.7 6.68554492643e+28
16 43919105543.8 6.68257467929e+28
16 43924001759.8 6.67960260885e+28
16 43928897975.9 6.67662871475e+28
16 43933794192.0 6.67365299667e+28
16 43938690408.0 6.67067545428e+28
16 43943586624.1 6.66769608724e+28
16 43948482840.2 6.66471489522e+28
16 43953379056.2 6.66173187789e+28
16 43958275272.3 6.65874703492e+28
16 43963171488.3 6.65576036597e+28
16 43968067704.4 6.65277187071e+28
16 43972963920.5 6.6497815488e+28
16 43977860136.5 6.64678939993e+28
16 43982756352.6 6.64379542374e+28
16 43987652568.7 6.64079961991e+28
16 43992548784.7 6.63780198811e+28
16 43997445000.8 6.634802528e+28
16 44002341216.9 6.63180123925e+28
16 44007237432.9 6.62879812154e+28
16 44012133649.0 6.62579317451e+28
16 44017029865.1 6.62278639786e+28
16 44021926081.1 6.6197963092e+28
16 44026822297.2 6.61690913423e+28
16 44031718513.2 6.61407268447e+28
16 44036614729.3 6.61123448195e+28
16 44041510945.4 6.60839452634e+28
16 44046407161.4 6.60555281732e+28
16 44051303377.5 6.60270935457e+28
16 44056199593.6 6.59986413777e+28
16 44061095809.6 6.59701716661e+28
16 44065992025.7 6.59416844076e+28
16 44070888241.8 6.5913179599e+28
16 44075784457.8 6.58846572371e+28
16 44080680673.9 6.58561173188e+28
16 44085576889.9 6.58275598408e+28
16 44090473106.0 6.57989847999e+28
16 44095369322.1 6.5770392193e+28
16 44100265538.1 6.57417820169e+28
16 44105161754.2 6.57131542683e+28
16 44110057970.3 6.56845089441e+28
16 44114954186.3 6.5655846041e+28
16 44119850402.4 6.56271655558e+28
16 44124746618.5 6.55984674855e+28
16 44129642834.5 6.55697518267e+28
16 44134539050.6 6.55410185763e+28
16 44139435266.7 6.55122677311e+28
16 44144331482.7 6.54834992878e+28
16 44149227698.8 6.54547132434e+28
16 44154123914.8 6.54259095945e+28
16 44159020130.9 6.5397088338e+28
16 44163916347.0 6.53682494707e+28
16 44168812563.0 6.53393929894e+28
16 44173708779.1 6.53105188909e+28
16 44178604995.2 6.5281627172e+28
16 44183501211.2 6.52527178296e+28
16 44188397427.3 6.52237908603e+28
16 44193293643.4 6.51948462611e+28
16 44198189859.4 6.51658840286e+28
16 44203086075.5 6.51369041598e+28
16 44207982291.6 6.51079066515e+28
16 44212878507.6 6.50788915003e+28
16 44217774723.7 6.50498587032e+28
16 44222670939.7 6.50208082569e+28
16 44227567155.8 6.49917401583e+28
16 44232463371.9 6.49626544041e+28
16 44237359587.9 6.49335509912e+28
16 44242255804.0 6.49044299163e+28
16 44247152020.1 6.48752911762e+28
16 44252048236.1 6.48461347679e+28
16 44256944452.2 6.4816960688e+28
16 44261840668.3 6.47877689333e+28
16 44266736884.3 6.47585595007e+28
16 44271633100.4 6.4729332387e+28
16 44276529316.5 6.4700087589e+28
16 44281425532.5 6.46708251034e+28
16 44286321748.6 6.46420547929e+28
16 44291217964.6 6.46142833113e+28
16 44296114180.7 6.45866742851e+28
16 44301010396.8 6.45590483131e+28
16 44305906612.8 6.45314053921e+28
16 44310802828.9 6.45037455191e+28
16 44315699045.0 6.4476068691e+28
16 44320595261.0 6.44483749048e+28
16 44325491477.1 6.44206641573e+28
16 44330387693.2 6.43929364455e+28
16 44335283909.2 6.43651917664e+28
16 44340180125.3 6.43374301168e+28
16 44345076341.3 6.43096514937e+28
16 44349972557.4 6.4281855894e+28
16 44354868773.5 6.42540433146e+28
16 44359764989.5 6.42262137526e+28
16 44364661205.6 6.41983672047e+28
16 44369557421.7 6.41705036679e+28
16 44374453637.7 6.41426231392e+28
16 44379349853.8 6.41147256155e+28
16 44384246069.9 6.40868110938e+28
16 44389142285.9 6.40588795708e+28
16 44394038502.0 6.40309310436e+28
16 44398934718.1 6.40029655092e+28
16 44403830934.1 6.39749829643e+28
16 44408727150.2 6.3946983406e+28
16 44413623366.2 6.39189668313e+28
16 44418519582.3 6.38909332369e+28
16 44423415798.4 6.38628826198e+28
16 44428312014.4 6.38348149771e+28
16 44433208230.5 6.38067303055e+28
16 44438104446.6 6.37786286021e+28
16 44443000662.6 6.37505098637e+28
16 44447896878.7 6.37223740873e+28
16 44452793094.8 6.36942212698e+28
16 44457689310.8 6.36660514082e+28
16 44462585526.9 6.36378644993e+28
16 44467481743.0 6.36096605402e+28
16 44472377959.0 6.35814395276e+28
16 44477274175.1 6.35532014587e+28
16 44482170391.1 6.35249463302e+28
16 44487066607.2 6.34966741391e+28
16 44491962823.3 6.34683848824e+28
16 44496859039.3 6.34400785569e+28
16 44501755255.4 6.34117551597e+28
16 44506651471.5 6.33834146876e+28
16 44511547687.5 6.33550571375e+28
16 44516443903.6 6.33266825064e+28
16 44521340119.7 6.32982907913e+28
16 44526236335.7 6.32698819889e+28
16 44531132551.8 6.32414560964e+28
16 44536028767.9 6.32130131106e+28
16 44540924983.9 6.31845530283e+28
16 44545821200.0 6.31562598616e+28
16 44550717416.0 6.31289409695e+28
16 44555613632.1 6.31020843162e+28
16 44560509848.2 6.30752112815e+28
16 44565406064.2 6.30483218625e+28
16 44570302280.3 6.30214160563e+28
16 44575198496.4 6.29944938599e+28
16 44580094712.4 6.29675552704e+28
16 44584990928.5 6.29406002847e+28
16 44589887144.6 6.29136289e+28
16 44594783360.6 6.28866411133e+28
16 44599679576.7 6.28596369217e+28
16 44604575792.8 6.28326163222e+28
16 44609472008.8 6.28055793118e+28
16 44614368224.9 6.27785258876e+28
16 44619264440.9 6.27514560466e+28
16 44624160657.0 6.27243697859e+28
16 44629056873.1 6.26972671026e+28
16 44633953089.1 6.26701479937e+28
16 44638849305.2 6.26430124562e+28
16 44643745521.3 6.26158604872e+28
16 44648641737.3 6.25886920837e+28
16 44653537953.4 6.25615072428e+28
16 44658434169.5 6.25343059615e+28
16 44663330385.5 6.25070882369e+28
16 44668226601.6 6.24798540661e+28
16 44673122817.6 6.2452603446e+28
16 44678019033.7 6.24253363737e+28
16 44682915249.8 6.23980528463e+28
16 44687811465.8 6.23707528609e+28
16 44692707681.9 6.23434364144e+28
16 44697603898.0 6.23161035039e+28
16 44702500114.0 6.22887541265e+28
16 44707396330.1 6.22613882792e+28
16 44712292546.2 6.22340059591e+28
16 44717188762.2 6.22066071632e+28
16 44722084978.3 6.21791918885e+28
16 44726981194.4 6.21517601322e+28
16 44731877410.4 6.21243118912e+28
16 44736773626.5 6.20968471626e+28
16 44741669842.5 6.20693659435e+28
16 44746566058.6 6.20418682309e+28
16 44751462274.7 6.20143540218e+28
16 44756358490.7 6.19868233134e+28
16 44761254706.8 6.19592761026e+28
16 44766150922.9 6.19317123864e+28
16 44771047138.9 6.19041321621e+28
16 44775943355.0 6.18765354265e+28
16 44780839571.1 6.18489221768e+28
16 44785735787.1 6.18212924099e+28
16 44790632003.2 6.1793646123e+28
16 44795528219.3 6.17659833131e+28
16 44800424435.3 6.17383039772e+28
16 44805320651.4 6.17107222676e+28
16 44810216867.4 6.16840333802e+28
16 44815113083.5 6.16579070518e+28
16 44820009299.6 6.16317688195e+28
16 44824905515.6 6.16056147486e+28
16 44829801731.7 6.15794448364e+28
16 44834697947.8 6.15532590799e+28
16 44839594163.8 6.15270574764e+28
16 44844490379.9 6.1500840023e+28
16 44849386596.0 6.14746067168e+28
16 44854282812.0 6.14483575551e+28
16 44859179028.1 6.1422092535e+28
16 44864075244.2 6.13958116536e+28
16 44868971460.2 6.13695149082e+28
16 44873867676.3 6.13432022958e+28
16 44878763892.3 6.13168738137e+28
16 44883660108.4 6.1290529459e+28
16 44888556324.5 6.12641692289e+28
16 44893452540.5 6.12377931206e+28
16 44898348756.6 6.12114011311e+28
16 44903244972.7 6.11849932577e+28
16 44908141188.7 6.11585694975e+28
16 44913037404.8 6.11321298477e+28
16 44917933620.9 6.11056743055e+28
16 44922829836.9 6.1079202868e+28
16 44928950107.0 8.13947867394e+28
16 44935070377.1 8.13506047386e+28
16 44941190647.2 8.13063896021e+28
16 44947310917.2 8.12621413222e+28
16 44953431187.3 8.12178598918e+28
16 44959551457.4 8.11735453034e+28
16 44965671727.5 8.11291975495e+28
16 44971791997.6 8.10848166229e+28
16 44977912267.6 8.10404025161e+28
16 44984032537.7 8.09959552218e+28
16 44990152807.8 8.09514747325e+28
16 44996273077.9 8.09069610409e+28
16 45002393348.0 8.08624141395e+28
16 45008513618.0 8.08178340211e+28
16 45014633888.1 8.07732206782e+28
16 45020754158.2 8.07285741034e+28
16 45026874428.3 8.06838942894e+28
16 45032994698.4 8.06391812287e+28
16 45039114968.4 8.05944349139e+28
16 45045235238.5 8.05496553378e+28
16 45051355508.6 8.05048424928e+28
16 45057475778.7 8.04599963716e+28
16 45063596048.8 8.04153150279e+28
16 45069716318.8 8.03720117321e+28
16 45075836588.9 8.03296593233e+28
16 45081956859.0 8.02872870301e+28
16 45088077129.1 8.02448828391e+28
16 45094197399.2 8.02024467433e+28
16 45100317669.2 8.01599787354e+28
16 45106437939.3 8.01174788085e+28
16 45112558209.4 8.00749469554e+28
16 45118678479.5 8.00323831691e+28
16 45124798749.6 7.99897874423e+28
16 45130919019.6 7.99471597681e+28
16 45137039289.7 7.99045001393e+28
16 45143159559.8 7.98618085488e+28
16 45149279829.9 7.98190849896e+28
16 45155400100.0 7.97763294545e+28
16 45161520370.0 7.97335419364e+28
16 45167640640.1 7.96907224283e+28
16 45173760910.2 7.9647870923e+28
16 45179881180.3 7.96049874134e+28
16 45186001450.4 7.95620718925e+28
16 45192121720.4 7.95191243531e+28
16 45198241990.5 7.94761447882e+28
16 45204362260.6 7.94331331906e+28
16 45210482530.7 7.93900895532e+28
16 45216602800.8 7.9347013869e+28
16 45222723070.9 7.93039061308e+28
16 45228843340.9 7.92607663316e+28
16 45234963611.0 7.92175944643e+28
16 45241083881.1 7.91743905217e+28
16 45247204151.2 7.91311544968e+28
16 45253324421.3 7.90878863824e+28
16 45259444691.3 7.90445861714e+28
16 45265564961.4 7.90012538569e+28
16 45271685231.5 7.89578894316e+28
16 45277805501.6 7.89144928884e+28
16 45283925771.7 7.88710642203e+28
16 45290046041.7 7.88276034202e+28
16 45296166311.8 7.87841104809e+28
16 45302286581.9 7.87405853955e+28
16 45308406852.0 7.86970281566e+28
16 45314527122.1 7.86534387574e+28
16 45320647392.1 7.86099769416e+28
16 45326767662.2 7.85678160277e+28
16 45332887932.3 7.85266538827e+28
16 45339008202.4 7.84854773892e+28
16 45345128472.5 7.84442700719e+28
16 45351248742.5 7.84030319238e+28
16 45357369012.6 7.83617629382e+28
16 45363489282.7 7.83204631082e+28
16 45369609552.8 7.82791324271e+28
16 45375729822.9 7.8237770888e+28
16 45381850092.9 7.81963784841e+28
16 45387970363.0 7.81549552085e+28
16 45394090633.1 7.81135010545e+28
16 45400210903.2 7.80720160152e+28
16 45406331173.3 7.80305000839e+28
16 45412451443.3 7.79889532536e+28
16 45418571713.4 7.79473755176e+28
16 45424691983.5 7.7905766869e+28
16 45430812253.6 7.7864127301e+28
16 45436932523.7 7.78224568069e+28
16 45443052793.7 7.77807553797e+28
16 45449173063.8 7.77390230127e+28
16 45455293333.9 7.76972596991e+28
16 45461413604.0 7.76554654319e+28
16 45467533874.1 7.76136402045e+28
16 45473654144.1 7.757178401e+28
16 45479774414.2 7.75298968415e+28
16 45485894684.3 7.74879786922e+28
16 45492014954.4 7.74460295554e+28
16 45498135224.5 7.74040494241e+28
16 45504255494.5 7.73620382916e+28
16 45510375764.6 7.73199961511e+28
16 45516496034.7 7.72779229958e+28
16 45522616304.8 7.72358188187e+28
16 45528736574.9 7.71936836131e+28
16 45534856844.9 7.71515173722e+28
16 45540977115.0 7.71093200892e+28
16 45547097385.1 7.70670917571e+28
16 45553217655.2 7.70248323693e+28
16 45559337925.3 7.69825419189e+28
16 45565458195.3 7.69402203991e+28
16 45571578465.4 7.6897867803e+28
16 45577698735.5 7.68558017621e+28
16 45583819005.6 7.68151589682e+28
16 45589939275.7 7.6775191752e+28
16 45596059545.7 7.67351947631e+28
16 45602179815.8 7.6695167995e+28
16 45608300085.9 7.66551114412e+28
16 45614420356.0 7.66150250951e+28
16 45620540626.1 7.65749089502e+28
16 45626660896.1 7.65347629998e+28
16 45632781166.2 7.64945872375e+28
16 45638901436.3 7.64543816567e+28
16 45645021706.4 7.64141462508e+28
16 45651141976.5 7.63738810133e+28
16 45657262246.5 7.63335859376e+28
16 45663382516.6 7.62932610172e+28
16 45669502786.7 7.62529062456e+28
16 45675623056.8 7.62125216161e+28
16 45681743326.9 7.61721071222e+28
16 45687863596.9 7.61316627574e+28
16 45693983867.0 7.60911885151e+28
16 45700104137.1 7.60506843888e+28
16 45706224407.2 7.60101503719e+28
16 45712344677.3 7.59695864579e+28
16 45718464947.3 7.59289926401e+28
16 45724585217.4 7.58883689121e+28
16 45730705487.5 7.58477152673e+28
16 45736825757.6 7.58070316992e+28
16 45742946027.7 7.57663182012e+28
16 45749066297.7 7.57255747666e+28
16 45755186567.8 7.56848013891e+28
16 45761306837.9 7.5643998062e+28
16 45767427108.0 7.56031647788e+28
16 45773547378.1 7.5562301533e+28
16 45779667648.1 7.55214083179e+28
16 45785787918.2 7.5480485127e+28
16 45791908188.3 7.54395319538e+28
16 45798028458.4 7.53985487917e+28
16 45804148728.5 7.53575356342e+28
16 45810268998.5 7.53164924747e+28
16 45816389268.6 7.52754193067e+28
16 45822509538.7 7.52343161236e+28
16 45828629808.8 7.5193193111e+28
16 45834750078.9 7.51529387578e+28
16 45840870349.0 7.51139741674e+28
16 45846990619.0 7.50751714459e+28
16 45853110889.1 7.50363399689e+28
16 45859231159.2 7.499747973e+28
16 45865351429.3 7.49585907231e+28
16 45871471699.4 7.49196729417e+28
16 45877591969.4 7.48807263795e+28
16 45883712239.5 7.48417510304e+28
16 45889832509.6 7.4802746888e+28
16 45895952779.7 7.47637139459e+28
16 45902073049.8 7.4724652198e+28
16 45908193319.8 7.46855616379e+28
16 45914313589.9 7.46464422593e+28
16 45920433860.0 7.46072940559e+28
16 45926554130.1 7.45681170215e+28
16 45932674400.2 7.45289111497e+28
16 45938794670.2 7.44896764342e+28
16 45944914940.3 7.44504128688e+28
16 45951035210.4 7.44111204472e+28
16 45957155480.5 7.4371799163e+28
16 45963275750.6 7.43324490099e+28
16 45969396020.6 7.42930699818e+28
16 45975516290.7 7.42536620722e+28
16 45981636560.8 7.42142252749e+28
16 45987756830.9 7.41747595836e+28
16 45993877101.0 7.4135264992e+28
16 45999997371.0 7.40957414938e+28
16 46006117641.1 7.40561890827e+28
16 46012237911.2 7.40166077524e+28
16 46018358181.3 7.39769974966e+28
16 46024478451.4 7.39373583091e+28
16 46030598721.4 7.38976901835e+28
16 46036718991.5 7.38579931135e+28
16 46042839261.6 7.38182670929e+28
16 46048959531.7 7.37785121154e+28
16 46055079801.8 7.37387281746e+28
16 46061200071.8 7.36989152642e+28
16 46067320341.9 7.3659073378e+28
16 46073440612.0 7.36192025097e+28
16 46079560882.1 7.3579302653e+28
16 46085681152.2 7.35398889166e+28
16 46091801422.2 7.35018593335e+28
16 46097921692.3 7.34642393508e+28
16 46104041962.4 7.34265916114e+28
16 46110162232.5 7.33889161091e+28
16 46116282502.6 7.3351212838e+28
16 46122402772.6 7.3313481792e+28
16 46128523042.7 7.32757229651e+28
16 46134643312.8 7.32379363512e+28
16 46140763582.9 7.32001219442e+28
16 46146883853.0 7.31622797382e+28
16 46153004123.0 7.3124409727e+28
16 46159124393.1 7.30865119047e+28
16 46165244663.2 7.30485862652e+28
16 46171364933.3 7.30106328024e+28
16 46177485203.4 7.29726515103e+28
16 46183605473.4 7.2934642383e+28
16 46189725743.5 7.28966054142e+28
16 46195846013.6 7.2858540598e+28
16 46201966283.7 7.28204479283e+28
16 46208086553.8 7.27823273992e+28
16 46214206823.8 7.27441790044e+28
16 46220327093.9 7.27060027381e+28
16 46226447364.0 7.26677985941e+28
16 46232567634.1 7.26295665665e+28
16 46238687904.2 7.25913066491e+28
16 46244808174.2 7.2553018836e+28
16 46250928444.3 7.2514703121e+28
16 46257048714.4 7.24763594982e+28
16 46263168984.5 7.24379879614e+28
16 46269289254.6 7.23995885047e+28
16 46275409524.6 7.23611611221e+28
16 46281529794.7 7.23227058074e+28
16 46287650064.8 7.22842225546e+28
16 46293770334.9 7.22457113577e+28
16 46299890605.0 7.22071722106e+28
16 46306010875.0 7.21686051073e+28
16 46312131145.1 7.21300100418e+28
16 46318251415.2 7.20913870079e+28
16 46324371685.3 7.20527359997e+28
16 46330491955.4 7.20140570112e+28
16 46336612225.4 7.19758825009e+28
16 46342732495.5 7.19390615581e+28
16 46348852765.6 7.19026195903e+28
16 46354973035.7 7.18661508438e+28
16 46361093305.8 7.18296553127e+28
16 46367213575.8 7.17931329913e+28
16 46373333845.9 7.17565838736e+28
16 46379454116.0 7.1720007954e+28
16 46385574386.1 7.16834052266e+28
16 46391694656.2 7.16467756856e+28
16 46397814926.2 7.16101193253e+28
16 46403935196.3 7.15734361398e+28
16 46410055466.4 7.15367261233e+28
16 46416175736.5 7.149998927e+28
16 46422296006.6 7.14632255741e+28
16 46428416276.6 7.14264350299e+28
16 46434536546.7 7.13896176314e+28
16 46440656816.8 7.1352773373e+28
16 46446777086.9 7.13159022488e+28
16 46452897357.0 7.12790042531e+28
16 46459017627.1 7.12420793799e+28
16 46465137897.1 7.12051276235e+28
16 46471258167.2 7.11681489782e+28
16 46477378437.3 7.1131143438e+28
16 46483498707.4 7.10941109973e+28
16 46489618977.5 7.10570516502e+28
16 46495739247.5 7.10199653909e+28
16 46501859517.6 7.09828522136e+28
16 46507979787.7 7.09457121125e+28
16 46514100057.8 7.09085450818e+28
16 46520220327.9 7.08713511157e+28
16 46526340597.9 7.08341302084e+28
16 46532460868.0 7.07968823541e+28
16 46538581138.1 7.0759607547e+28
16 46544701408.2 7.07223057813e+28
16 46550821678.3 7.06849770512e+28
16 46556941948.3 7.06476213509e+28
16 46563062218.4 7.06102386746e+28
16 46569182488.5 7.05728290165e+28
16 46575302758.6 7.05353923708e+28
16 46581423028.7 7.04979461958e+28
16 46587543298.7 7.0461439135e+28
16 46593663568.8 7.04260805785e+28
16 46599783838.9 7.0390821297e+28
16 46605904109.0 7.03555361992e+28
16 46612024379.1 7.03202252796e+28
16 46618144649.1 7.02848885327e+28
16 46624264919.2 7.02495259528e+28
16 46630385189.3 7.02141375345e+28
16 46636505459.4 7.01787232722e+28
16 46642625729.5 7.01432831603e+28
16 46648745999.5 7.01078171932e+28
16 46654866269.6 7.00723253654e+28
16 46660986539.7 7.00368076712e+28
16 46667106809.8 7.00012641053e+28
16 46673227079.9 6.99656946619e+28
16 46679347349.9 6.99300993355e+28
16 46685467620.0 6.98944781206e+28
16 46691587890.1 6.98588310115e+28
16 46697708160.2 6.98231580028e+28
16 46703828430.3 6.97874590888e+28
16 46709948700.3 6.9751734264e+28
16 46716068970.4 6.97159835229e+28
16 46722189240.5 6.96802068598e+28
16 46728309510.6 6.96444042692e+28
16 46734429780.7 6.96085757456e+28
16 46740550050.7 6.95727212833e+28
16 46746670320.8 6.95368408768e+28
16 46752790590.9 6.95009345205e+28
16 46758910861.0 6.9465002209e+28
16 46765031131.1 6.94290439365e+28
16 46771151401.1 6.93930596976e+28
16 46777271671.2 6.93570494867e+28
16 46783391941.3 6.93210132981e+28
16 46789512211.4 6.92849511265e+28
16 46795632481.5 6.92488629661e+28
16 46801752751.5 6.92127488115e+28
16 46807873021.6 6.9176608657e+28
16 46813993291.7 6.91404424971e+28
16 46820113561.8 6.91042503262e+28
16 46826233831.9 6.90680321388e+28
16 46832354101.9 6.90322867051e+28
16 46838474372.0 6.89978647535e+28
16 46844594642.1 6.8963830423e+28
16 46850714912.2 6.89297712356e+28
16 46856835182.3 6.8895687186e+28
16 46862955452.3 6.8861578269e+28
16 46869075722.4 6.88274444791e+28
16 46875195992.5 6.87932858111e+28
16 46881316262.6 6.87591022595e+28
16 46887436532.7 6.87248938192e+28
16 46893556802.7 6.86906604847e+28
16 46899677072.8 6.86564022507e+28
16 46905797342.9 6.86221191118e+28
16 46911917613.0 6.85878110628e+28
16 46918037883.1 6.85534780983e+28
16 46924158153.1 6.8519120213e+28
16 46930278423.2 6.84847374015e+28
16 46936398693.3 6.84503296586e+28
16 46942518963.4 6.84158969788e+28
16 46948639233.5 6.83814393568e+28
16 46954759503.5 6.83469567874e+28
16 46960879773.6 6.83124492651e+28
16 46967000043.7 6.82779167847e+28
16 46973120313.8 6.82433593408e+28
16 46979240583.9 6.82087769281e+28
16 46985360853.9 6.81741695412e+28
16 46991481124.0 6.81395371748e+28
16 46997601394.1 6.81048798236e+28
16 47003721664.2 6.80701974823e+28
16 47009841934.3 6.80354901455e+28
16 47015962204.3 6.80007578078e+28
16 47022082474.4 6.7966000464e+28
16 47028202744.5 6.79312181087e+28
16 47034323014.6 6.78964107366e+28
16 47040443284.7 6.78615783424e+28
16 47046563554.8 6.78267209207e+28
16 47052683824.8 6.77918384661e+28
16 47058804094.9 6.77569309734e+28
16 47064924365.0 6.77219984372e+28
16 47071044635.1 6.76870408522e+28
16 47077164905.2 6.76525553638e+28
16 47083285175.2 6.76193902207e+28
16 47089405445.3 6.7586612486e+28
16 47095525715.4 6.75538108535e+28
16 47101645985.5 6.75209853179e+28
16 47107766255.6 6.74881358741e+28
16 47113886525.6 6.74552625172e+28
16 47120006795.7 6.74223652419e+28
16 47126127065.8 6.73894440431e+28
16 47132247335.9 6.73564989158e+28
16 47138367606.0 6.73235298549e+28
16 47144487876.0 6.72905368552e+28
16 47150608146.1 6.72575199116e+28
16 47156728416.2 6.72244790191e+28
16 47162848686.3 6.71914141725e+28
16 47168968956.4 6.71583253667e+28
16 47175089226.4 6.71252125967e+28
16 47181209496.5 6.70920758572e+28
16 47187329766.6 6.70589151433e+28
16 47193450036.7 6.70257304498e+28
16 47199570306.8 6.69925217716e+28
16 47205690576.8 6.69592891036e+28
16 47211810846.9 6.69260324407e+28
16 47217931117.0 6.68927517778e+28
16 47224051387.1 6.68594471097e+28
16 47230171657.2 6.68261184315e+28
16 47236291927.2 6.67927657379e+28
16 47242412197.3 6.67593890239e+28
16 47248532467.4 6.67259882844e+28
16 47254652737.5 6.66925635142e+28
16 47260773007.6 6.66591147083e+28
16 47266893277.6 6.66256418616e+28
16 47273013547.7 6.65921449689e+28
16 47279133817.8 6.65586240251e+28
16 47285254087.9 6.65250790252e+28
16 47291374358.0 6.6491509964e+28
16 47297494628.0 6.64579168365e+28
16 47303614898.1 6.64242996375e+28
16 47309735168.2 6.63906583619e+28
16 47315855438.3 6.63567862914e+28
16 47321975708.4 6.63132739217e+28
16 47328095978.4 6.6258539371e+28
16 47334216248.5 6.620268733e+28
16 47340336518.6 6.61467997514e+28
16 47346456788.7 6.60908766281e+28
16 47352577058.8 6.60349179526e+28
16 47358697328.8 6.59789237176e+28
16 47364817598.9 6.59228939158e+28
16 47370937869.0 6.58668285399e+28
16 47377058139.1 6.58107275826e+28
16 47383178409.2 6.57545910365e+28
16 47389298679.2 6.56984188943e+28
16 47395418949.3 6.56422111487e+28
16 47401539219.4 6.55859677924e+28
16 47407659489.5 6.55296888181e+28
16 47413779759.6 6.54733742184e+28
16 47419900029.6 6.5417023986e+28
16 47426020299.7 6.53606381135e+28
16 47432140569.8 6.53042165938e+28
16 47438260839.9 6.52500680412e+28
16 47444381110.0 6.52102900509e+28
16 47450501380.0 6.51794580363e+28
16 47456621650.1 6.51486723569e+28
16 47462741920.2 6.51178642885e+28
16 47468862190.3 6.50870338263e+28
16 47474982460.4 6.50561809655e+28
16 47481102730.4 6.50253057015e+28
16 47487223000.5 6.49944080293e+28
16 47493343270.6 6.49634879444e+28
16 47499463540.7 6.49325454419e+28
16 47505583810.8 6.49015805171e+28
16 47511704080.8 6.48705931653e+28
16 47517824350.9 6.48395833816e+28
16 47523944621.0 6.48085511614e+28
16 47530064891.1 6.47774964999e+28
16 47536185161.2 6.47464193923e+28
16 47542305431.2 6.47153198339e+28
16 47548425701.3 6.468419782e+28
16 47554545971.4 6.46530533457e+28
16 47560666241.5 6.46256245507e+28
16 47566786511.6 6.46057051822e+28
16 47572906781.6 6.45873504447e+28
16 47579027051.7 6.45689798433e+28
16 47585147321.8 6.45505933744e+28
16 47591267591.9 6.45321910348e+28
16 47597387862.0 6.45137728208e+28
16 47603508132.0 6.4495338729e+28
16 47609628402.1 6.4476888756e+28
16 47615748672.2 6.44584228982e+28
16 47621868942.3 6.44399411522e+28
16 47627989212.4 6.44214435145e+28
16 47634109482.4 6.44029299816e+28
16 47640229752.5 6.43844005501e+28
16 47646350022.6 6.43658552164e+28
16 47652470292.7 6.43472939772e+28
16 47658590562.8 6.43287168289e+28
16 47664710832.9 6.43101237681e+28
16 47670831102.9 6.42915147912e+28
16 47676951373.0 6.42728898949e+28
16 47683071643.1 6.42542490756e+28
16 47689191913.2 6.42355923299e+28
16 47695312183.3 6.42169196542e+28
16 47701432453.3 6.41982310452e+28
16 47707552723.4 6.41795264993e+28
16 47713672993.5 6.41608060131e+28
16 47719793263.6 6.41420695831e+28
16 47725913533.7 6.41233172058e+28
16 47732033803.7 6.41045488778e+28
16 47738154073.8 6.40857645955e+28
16 47744274343.9 6.40669643556e+28
16 47750394614.0 6.40481481544e+28
16 47756514884.1 6.40293159886e+28
16 47762635154.1 6.40104678547e+28
16 47768755424.2 6.39916037492e+28
16 47774875694.3 6.39727236686e+28
16 47780995964.4 6.39538276095e+28
16 47787116234.5 6.39349155683e+28
16 47793236504.5 6.39159309142e+28
16 47799356774.6 6.38931436429e+28
16 47805477044.7 6.38652910774e+28
16 47811597314.8 6.38367823229e+28
16 47817717584.9 6.38082526888e+28
16 47823837854.9 6.37797021705e+28
16 47829958125.0 6.37511307639e+28
16 47836078395.1 6.37225384643e+28
16 47842198665.2 6.36939252675e+28
16 47848318935.3 6.3665291169e+28
16 47854439205.3 6.36366361643e+28
16 47860559475.4 6.36079602491e+28
16 47866679745.5 6.3579263419e+28
16 47872800015.6 6.35505456696e+28
16 47878920285.7 6.35218069964e+28
16 47885040555.7 6.3493047395e+28
16 47891160825.8 6.34642668611e+28
16 47897281095.9 6.34354653902e+28
16 47903401366.0 6.34066429778e+28
16 47909521636.1 6.33777996197e+28
16 47915641906.1 6.33489353114e+28
16 47921762176.2 6.33200500484e+28
16 47927882446.3 6.32911438263e+28
16 47934002716.4 6.32622166409e+28
16 47940122986.5 6.32332684875e+28
16 47946243256.5 6.32042993619e+28
16 47952363526.6 6.31753092596e+28
16 47958483796.7 6.31462981762e+28
16 47964604066.8 6.31172661073e+28
16 47970724336.9 6.30882130485e+28
16 47976844606.9 6.30591389953e+28
16 47982964877.0 6.30300439434e+28
16 47989085147.1 6.30009278884e+28
16 47995205417.2 6.29717908257e+28
16 48001325687.3 6.29426327512e+28
16 48007445957.3 6.29134536602e+28
16 48013566227.4 6.28842535484e+28
16 48019686497.5 6.28550324115e+28
16 48025806767.6 6.28257902449e+28
16 48031927037.7 6.27969250774e+28
16 48038047307.7 6.27693293105e+28
16 48044167577.8 6.27421858132e+28
16 48050287847.9 6.271502237e+28
16 48056408118.0 6.26878389769e+28
16 48062528388.1 6.26606356295e+28
16 48068648658.1 6.26334123236e+28
16 48074768928.2 6.26061690552e+28
16 48080889198.3 6.25789058199e+28
16 48087009468.4 6.25516226136e+28
16 48093129738.5 6.25243194321e+28
16 48099250008.5 6.24969962712e+28
16 48105370278.6 6.24696531266e+28
16 48111490548.7 6.24422899942e+28
16 48117610818.8 6.24149068698e+28
16 48123731088.9 6.23875037491e+28
16 48129851358.9 6.2360080628e+28
16 48135971629.0 6.23326375023e+28
16 48142091899.1 6.23051743678e+28
16 48148212169.2 6.22776912202e+28
16 48154332439.3 6.22501880554e+28
16 48160452709.3 6.22226648692e+28
16 48166572979.4 6.21951216573e+28
16 48172693249.5 6.21675584156e+28
16 48178813519.6 6.21399751399e+28
16 48184933789.7 6.21123718259e+28
16 48191054059.7 6.20847484695e+28
16 48197174329.8 6.20571050665e+28
16 48203294599.9 6.20294416126e+28
16 48209414870.0 6.20017581037e+28
16 48215535140.1 6.19740545356e+28
16 48221655410.1 6.1946330904e+28
16 48227775680.2 6.19185872048e+28
16 48233895950.3 6.18908234338e+28
16 48240016220.4 6.18630395867e+28
16 48246136490.5 6.18352356593e+28
16 48252256760.5 6.18074116476e+28
16 48258377030.6 6.17795675472e+28
16 48264497300.7 6.17518829339e+28
16 48270617570.8 6.17246345443e+28
16 48276737840.9 6.16974976581e+28
16 48282858111.0 6.16703410557e+28
16 48288978381.0 6.16431647329e+28
16 48295098651.1 6.16159686855e+28
16 48301218921.2 6.15887529095e+28
16 48307339191.3 6.15615174006e+28
16 48313459461.4 6.15342621549e+28
16 48319579731.4 6.15069871681e+28
16 48325700001.5 6.14796924361e+28
16 48331820271.6 6.14523779549e+28
16 48337940541.7 6.14250437202e+28
16 48344060811.8 6.1397689728e+28
16 48350181081.8 6.1370315974e+28
16 48356301351.9 6.13429224543e+28
16 48362421622.0 6.13155091647e+28
16 48368541892.1 6.1288076101e+28
16 48374662162.2 6.12606232591e+28
16 48380782432.2 6.12331506349e+28
16 48386902702.3 6.12056582243e+28
16 48393022972.4 6.11781460231e+28
16 48399143242.5 6.11506140272e+28
16 48405263512.6 6.11230622325e+28
16 48411383782.6 6.10954906349e+28
16 48418728106.7 7.63279717291e+28
16 48426072430.8 7.62865459886e+28
16 48433416754.9 7.62450845774e+28
16 48440761079.0 7.62035874868e+28
16 48448105403.1 7.61620547079e+28
16 48455449727.2 7.61204862316e+28
16 48462794051.3 7.60788820492e+28
16 48470138375.4 7.60372421516e+28
16 48477482699.5 7.599556653e+28
16 48484827023.6 7.59538551754e+28
16 48492171347.7 7.59122691309e+28
16 48499515671.8 7.58712852798e+28
16 48506859995.9 7.58305864435e+28
16 48514204320.0 7.57898525168e+28
16 48521548644.1 7.57490834908e+28
16 48528892968.2 7.57082793568e+28
16 48536237292.3 7.5667440106e+28
16 48543581616.4 7.56265657297e+28
16 48550925940.5 7.55856562191e+28
16 48558270264.6 7.55447115655e+28
16 48565614588.7 7.55037317601e+28
16 48572958912.8 7.54627167941e+28
16 48580303236.8 7.54216666587e+28
16 48587647560.9 7.53805813453e+28
16 48594991885.0 7.5339460845e+28
16 48602336209.1 7.52983051492e+28
16 48609680533.2 7.52571142489e+28
16 48617024857.3 7.52158881356e+28
16 48624369181.4 7.51746268003e+28
16 48631713505.5 7.51333302345e+28
16 48639057829.6 7.50919984292e+28
16 48646402153.7 7.50506313757e+28
16 48653746477.8 7.50092290654e+28
16 48661090801.9 7.49677914894e+28
16 48668435126.0 7.49263186389e+28
16 48675779450.1 7.48848105052e+28
16 48683123774.2 7.48432670796e+28
16 48690468098.3 7.48016883532e+28
16 48697812422.4 7.47600743174e+28
16 48705156746.5 7.47184249634e+28
16 48712501070.6 7.46767402823e+28
16 48719845394.7 7.46352768608e+28
16 48727189718.8 7.45944186652e+28
16 48734534042.9 7.45537283568e+28
16 48741878367.0 7.45130033495e+28
16 48749222691.1 7.44722436348e+28
16 48756567015.2 7.44314492041e+28
16 48763911339.3 7.43906200488e+28
16 48771255663.4 7.43497561603e+28
16 48778599987.4 7.43088575299e+28
16 48785944311.5 7.4267924149e+28
16 48793288635.6 7.42269560091e+28
16 48800632959.7 7.41859531016e+28
16 48807977283.8 7.41449154177e+28
16 48815321607.9 7.4103842949e+28
16 48822665932.0 7.40627356867e+28
16 48830010256.1 7.40215936224e+28
16 48837354580.2 7.39804167473e+28
16 48844698904.3 7.3939205053e+28
16 48852043228.4 7.38979585306e+28
16 48859387552.5 7.38566771718e+28
16 48866731876.6 7.38153609678e+28
16 48874076200.7 7.377400991e+28
16 48881420524.8 7.37326239898e+28
16 48888764848.9 7.36912031987e+28
16 48896109173.0 7.36497475279e+28
16 48903453497.1 7.3608256969e+28
16 48910797821.2 7.35667315133e+28
16 48918142145.3 7.35251711521e+28
16 48925486469.4 7.34835758769e+28
16 48932830793.5 7.34419456791e+28
16 48940175117.6 7.34003475586e+28
16 48947519441.7 7.33592696428e+28
16 48954863765.8 7.33186065951e+28
16 48962208089.9 7.32779234056e+28
16 48969552413.9 7.32372059024e+28
16 48976896738.0 7.31964540769e+28
16 48984241062.1 7.31556679207e+28
16 48991585386.2 7.31148474253e+28
16 48998929710.3 7.30739925822e+28
16 49006274034.4 7.30331033831e+28
16 49013618358.5 7.29921798194e+28
16 49020962682.6 7.29512218827e+28
16 49028307006.7 7.29102295645e+28
16 49035651330.8 7.28692028563e+28
16 49042995654.9 7.28281417497e+28
16 49050339979.0 7.27870462363e+28
16 49057684303.1 7.27459163074e+28
16 49065028627.2 7.27047519548e+28
16 49072372951.3 7.266355317e+28
16 49079717275.4 7.26223199443e+28
16 49087061599.5 7.25810522695e+28
16 49094405923.6 7.25397501371e+28
16 49101750247.7 7.24984135385e+28
16 49109094571.8 7.24570424653e+28
16 49116438895.9 7.24156369091e+28
16 49123783220.0 7.23741968614e+28
16 49131127544.1 7.23327223137e+28
16 49138471868.2 7.22912132576e+28
16 49145816192.3 7.22496696846e+28
16 49153160516.4 7.22080915862e+28
16 49160504840.5 7.21665323596e+28
16 49167849164.5 7.2125465762e+28
16 49175193488.6 7.20848312701e+28
16 49182537812.7 7.20441858288e+28
16 49189882136.8 7.20035064593e+28
16 49197226460.9 7.19627931533e+28
16 49204570785.0 7.19220459025e+28
16 49211915109.1 7.18812646985e+28
16 49219259433.2 7.1840449533e+28
16 49226603757.3 7.17996003977e+28
16 49233948081.4 7.17587172842e+28
16 49241292405.5 7.17178001843e+28
16 49248636729.6 7.16768490897e+28
16 49255981053.7 7.1635863992e+28
16 49263325377.8 7.15948448829e+28
16 49270669701.9 7.1553791754e+28
16 49278014026.0 7.15127045971e+28
16 49285358350.1 7.14715834039e+28
16 49292702674.2 7.1430428166e+28
16 49300046998.3 7.1389238875e+28
16 49307391322.4 7.13480155228e+28
16 49314735646.5 7.13067581009e+28
16 49322079970.6 7.12654666011e+28
16 49329424294.7 7.12241410149e+28
16 49336768618.8 7.11827813342e+28
16 49344112942.9 7.11413875506e+28
16 49351457267.0 7.10999596557e+28
16 49358801591.1 7.10584976413e+28
16 49366145915.1 7.10170014989e+28
16 49373490239.2 7.09754712204e+28
16 49380834563.3 7.09340740355e+28
16 49388178887.4 7.08932467415e+28
16 49395523211.5 7.08526656298e+28
16 49402867535.6 7.08120509741e+28
16 49410211859.7 7.07714027661e+28
16 49417556183.8 7.07307209977e+28
16 49424900507.9 7.06900056606e+28
16 49432244832.0 7.06492567467e+28
16 49439589156.1 7.06084742478e+28
16 49446933480.2 7.05676581557e+28
16 49454277804.3 7.05268084623e+28
16 49461622128.4 7.04859251593e+28
16 49468966452.5 7.04450082386e+28
16 49476310776.6 7.0404057692e+28
16 49483655100.7 7.03630735113e+28
16 49490999424.8 7.03220556884e+28
16 49498343748.9 7.0281004215e+28
16 49505688073.0 7.02399190831e+28
16 49513032397.1 7.01988002843e+28
16 49520376721.2 7.01576478105e+28
16 49527721045.3 7.01164616536e+28
16 49535065369.4 7.00752418053e+28
16 49542409693.5 7.00339882575e+28
16 49549754017.6 6.99927010021e+28
16 49557098341.6 6.99513800307e+28
16 49564442665.7 6.99100253353e+28
16 49571786989.8 6.98686369076e+28
16 49579131313.9 6.98272147395e+28
16 49586475638.0 6.97857588229e+28
16 49593819962.1 6.97443234828e+28
16 49601164286.2 6.97033678808e+28
16 49608508610.3 6.96628241261e+28
16 49615852934.4 6.96222674243e+28
16 49623197258.5 6.95816775453e+28
16 49630541582.6 6.95410544809e+28
16 49637885906.7 6.95003982232e+28
16 49645230230.8 6.94597087642e+28
16 49652574554.9 6.94189860957e+28
16 49659918879.0 6.93782302097e+28
16 49667263203.1 6.93374410982e+28
16 49674607527.2 6.92966187531e+28
16 49681951851.3 6.92557631664e+28
16 49689296175.4 6.92148743301e+28
16 49696640499.5 6.9173952236e+28
16 49703984823.6 6.91329968763e+28
16 49711329147.7 6.90920082427e+28
16 49718673471.8 6.90509863273e+28
16 49726017795.9 6.9009931122e+28
16 49733362120.0 6.89688426188e+28
16 49740706444.1 6.89277208097e+28
16 49748050768.2 6.88865656865e+28
16 49755395092.2 6.88453772413e+28
16 49762739416.3 6.8804155466e+28
16 49770083740.4 6.87629003526e+28
16 49777428064.5 6.87216118929e+28
16 49784772388.6 6.86802900791e+28
16 49792116712.7 6.86389349029e+28
16 49799461036.8 6.85975463565e+28
16 49806805360.9 6.85561903094e+28
16 49814149685.0 6.85153243589e+28
16 49821494009.1 6.84748387752e+28
16 49828838333.2 6.84343312379e+28
16 49836182657.3 6.8393790888e+28
16 49843526981.4 6.83532177176e+28
16 49850871305.5 6.83126117189e+28
16 49858215629.6 6.82719728839e+28
16 49865559953.7 6.82313012047e+28
16 49872904277.8 6.81905966734e+28
16 49880248601.9 6.81498592822e+28
16 49887592926.0 6.81090890229e+28
16 49894937250.1 6.80682858879e+28
16 49902281574.2 6.80274498691e+28
16 49909625898.3 6.79865809586e+28
16 49916970222.4 6.79456791486e+28
16 49924314546.5 6.7904744431e+28
16 49931658870.6 6.78637767981e+28
16 49939003194.7 6.78227762419e+28
16 49946347518.8 6.77817427544e+28
16 49953691842.8 6.77406763278e+28
16 49961036166.9 6.76995769542e+28
16 49968380491.0 6.76584446256e+28
16 49975724815.1 6.76172793341e+28
16 49983069139.2 6.75760810719e+28
16 49990413463.3 6.7534849831e+28
16 49997757787.4 6.74935856034e+28
16 50005102111.5 6.74522883814e+28
16 50012446435.6 6.74109581569e+28
16 50019790759.7 6.73698256393e+28
16 50027135083.8 6.73292374459e+28
16 50034479407.9 6.72887997421e+28
16 50041823732.0 6.72483295863e+28
16 50049168056.1 6.72078269707e+28
16 50056512380.2 6.71672918877e+28
16 50063856704.3 6.71267243293e+28
16 50071201028.4 6.70861242878e+28
16 50078545352.5 6.70454917554e+28
16 50085889676.6 6.70048267244e+28
16 50093234000.7 6.69641291869e+28
16 50100578324.8 6.69233991352e+28
16 50107922648.9 6.68826365615e+28
16 50115266973.0 6.6841841458e+28
16 50122611297.1 6.68010138169e+28
16 50129955621.2 6.67601536305e+28
16 50137299945.3 6.67192608908e+28
16 50144644269.3 6.66783355903e+28
16 50151988593.4 6.6637377721e+28
16 50159332917.5 6.65963872753e+28
16 50166677241.6 6.65553642452e+28
16 50174021565.7 6.65143086231e+28
16 50181365889.8 6.64732204011e+28
16 50188710213.9 6.64320995715e+28
16 50196054538.0 6.63909461265e+28
16 50203398862.1 6.63497600582e+28
16 50210743186.2 6.6308541359e+28
16 50218087510.3 6.6267290021e+28
16 50225431834.4 6.62261291571e+28
16 50232776158.5 6.61854820766e+28
16 50240120482.6 6.61451040044e+28
16 50247464806.7 6.61046944096e+28
16 50254809130.8 6.60642527054e+28
16 50262153454.9 6.60237788841e+28
16 50269497779.0 6.59832729382e+28
16 50276842103.1 6.594273486e+28
16 50284186427.2 6.59021646418e+28
16 50291530751.3 6.58615622759e+28
16 50298875075.4 6.58209277546e+28
16 50306219399.5 6.57802610705e+28
16 50313563723.6 6.57395622156e+28
16 50320908047.7 6.56988311825e+28
16 50328252371.8 6.56580679634e+28
16 50335596695.9 6.56172725508e+28
16 50342941019.9 6.55764449368e+28
16 50350285344.0 6.55355851139e+28
16 50357629668.1 6.54946930744e+28
16 50364973992.2 6.54537688107e+28
16 50372318316.3 6.54128123151e+28
16 50379662640.4 6.53718235799e+28
16 50387006964.5 6.53308025974e+28
16 50394351288.6 6.52897493601e+28
16 50401695612.7 6.52486638603e+28
16 50409039936.8 6.52075460902e+28
16 50416384260.9 6.51663960422e+28
16 50423728585.0 6.51252137088e+28
16 50431072909.1 6.50841696497e+28
16 50438417233.2 6.50436535505e+28
16 50445761557.3 6.50033406597e+28
16 50453105881.4 6.49629960154e+28
16 50460450205.5 6.49226196102e+28
16 50467794529.6 6.48822114363e+28
16 50475138853.7 6.48417714864e+28
16 50482483177.8 6.48012997529e+28
16 50489827501.9 6.47607962283e+28
16 50497171826.0 6.47202609049e+28
16 50504516150.1 6.46796937754e+28
16 50511860474.2 6.46390948321e+28
16 50519204798.3 6.45984640675e+28
16 50526549122.4 6.4557801474e+28
16 50533893446.4 6.45171070442e+28
16 50541237770.5 6.44763807705e+28
16 50548582094.6 6.44356226453e+28
16 50555926418.7 6.43948326612e+28
16 50563270742.8 6.43540108106e+28
16 50570615066.9 6.43131570859e+28
16 50577959391.0 6.42722714796e+28
16 50585303715.1 6.42313539842e+28
16 50592648039.2 6.41904045922e+28
16 50599992363.3 6.4149423296e+28
16 50607336687.4 6.4108410088e+28
16 50614681011.5 6.40673649607e+28
16 50622025335.6 6.40262879067e+28
16 50629369659.7 6.39851945349e+28
16 50636713983.8 6.39444754137e+28
16 50644058307.9 6.39042097684e+28
16 50651402632.0 6.38639678023e+28
16 50658746956.1 6.38236944302e+28
16 50666091280.2 6.37833896444e+28
16 50673435604.3 6.37430534377e+28
16 50680779928.4 6.37026858026e+28
16 50688124252.5 6.36622867317e+28
16 50695468576.6 6.36218562175e+28
16 50702812900.7 6.35813942527e+28
16 50710157224.8 6.35409008299e+28
16 50717501548.9 6.35003759416e+28
16 50724845873.0 6.34598195805e+28
16 50732190197.0 6.3419231739e+28
16 50739534521.1 6.33786124098e+28
16 50746878845.2 6.33379615855e+28
16 50754223169.3 6.32972792587e+28
16 50761567493.4 6.32565654219e+28
16 50768911817.5 6.32158200677e+28
16 50776256141.6 6.31750431887e+28
16 50783600465.7 6.31342347776e+28
16 50790944789.8 6.30933948268e+28
16 50798289113.9 6.3052523329e+28
16 50805633438.0 6.30116202768e+28
16 50812977762.1 6.29706856627e+28
16 50820322086.2 6.29297194793e+28
16 50827666410.3 6.28887228968e+28
16 50835010734.4 6.28479987452e+28
16 50842355058.5 6.28077714177e+28
16 50849699382.6 6.27676262646e+28
16 50857043706.7 6.27274500523e+28
16 50864388030.8 6.26872427736e+28
16 50871732354.9 6.26470044212e+28
16 50879076679.0 6.26067349878e+28
16 50886421003.1 6.25664344661e+28
16 50893765327.2 6.25261028488e+28
16 50901109651.3 6.24857401286e+28
16 50908453975.4 6.24453462983e+28
16 50915798299.5 6.24049213504e+28
16 50923142623.6 6.23644652778e+28
16 50930486947.6 6.23239780731e+28
16 50937831271.7 6.2283459729e+28
16 50945175595.8 6.22429102383e+28
16 50952519919.9 6.22023295935e+28
16 50959864244.0 6.21617177876e+28
16 50967208568.1 6.2121074813e+28
16 50974552892.2 6.20804006626e+28
16 50981897216.3 6.20396953291e+28
16 50989241540.4 6.19989588051e+28
16 50996585864.5 6.19581910834e+28
16 51003930188.6 6.19173921566e+28
16 51011274512.7 6.18765620175e+28
16 51018618836.8 6.18357006588e+28
16 51025963160.9 6.17948155522e+28
16 51033307485.0 6.17542661792e+28
16 51040651809.1 6.17141632031e+28
16 51047996133.2 6.1674092173e+28
16 51055340457.3 6.16339904134e+28
16 51062684781.4 6.15938579171e+28
16 51070029105.5 6.1553694677e+28
16 51077373429.6 6.15135006858e+28
16 51084717753.7 6.14732759364e+28
16 51092062077.8 6.14330204216e+28
16 51099406401.9 6.13927341342e+28
16 51106750726.0 6.1352417067e+28
16 51114095050.1 6.13120692129e+28
16 51121439374.1 6.12716905647e+28
16 51128783698.2 6.12312811151e+28
16 51136128022.3 6.1190840857e+28
16 51143472346.4 6.11503697833e+28
16 51150816670.5 6.11098678867e+28
16 51159385048.6 7.32750901647e+28
16 51167953426.8 7.321829038e+28
16 51176521804.9 7.31614402121e+28
16 51185090183.0 7.31045396475e+28
16 51193658561.1 7.30475886723e+28
16 51202226939.2 7.2990587273e+28
16 51210795317.3 7.29335354358e+28
16 51219363695.4 7.28764379265e+28
16 51227932073.5 7.28197494729e+28
16 51236500451.7 7.27636664734e+28
16 51245068829.8 7.27076536429e+28
16 51253637207.9 7.26515911358e+28
16 51262205586.0 7.25954789387e+28
16 51270773964.1 7.25393170381e+28
16 51279342342.2 7.24831054205e+28
16 51287910720.3 7.24268440724e+28
16 51296479098.4 7.23705329803e+28
16 51305047476.6 7.23141721309e+28
16 51313615854.7 7.22577615105e+28
16 51322184232.8 7.22013011057e+28
16 51330752610.9 7.21447909031e+28
16 51339320989.0 7.20882308891e+28
16 51347889367.1 7.20316210503e+28
16 51356457745.2 7.19749613732e+28
16 51365026123.3 7.19182518444e+28
16 51373594501.5 7.18614924502e+28
16 51382162879.6 7.18046831773e+28
16 51390731257.7 7.17478240122e+28
16 51399299635.8 7.16909149414e+28
16 51407868013.9 7.16339559514e+28
16 51416436392.0 7.15771154638e+28
16 51425004770.1 7.15209051859e+28
16 51433573148.2 7.14650161589e+28
16 51442141526.4 7.14090787913e+28
16 51450709904.5 7.13530922506e+28
16 51459278282.6 7.12970565236e+28
16 51467846660.7 7.1240971597e+28
16 51476415038.8 7.11848374574e+28
16 51484983416.9 7.11286540917e+28
16 51493551795.0 7.10724214865e+28
16 51502120173.1 7.10161396286e+28
16 51510688551.3 7.09598085047e+28
16 51519256929.4 7.09034281015e+28
16 51527825307.5 7.08469984057e+28
16 51536393685.6 7.07905194041e+28
16 51544962063.7 7.07339910834e+28
16 51553530441.8 7.06774134303e+28
16 51562098819.9 7.06207864315e+28
16 51570667198.0 7.05641100738e+28
16 51579235576.1 7.05073843439e+28
16 51587803954.3 7.04506092285e+28
16 51596372332.4 7.03937847144e+28
16 51604940710.5 7.03370078587e+28
16 51613509088.6 7.02808082799e+28
16 51622077466.7 7.02250391061e+28
16 51630645844.8 7.01692346371e+28
16 51639214222.9 7.01133815111e+28
16 51647782601.0 7.0057479715e+28
16 51656350979.2 7.00015292358e+28
16 51664919357.3 6.99455300603e+28
16 51673487735.4 6.98894821755e+28
16 51682056113.5 6.98333855684e+28
16 51690624491.6 6.97772402258e+28
16 51699192869.7 6.97210461346e+28
16 51707761247.8 6.96648032818e+28
16 51716329625.9 6.96085116544e+28
16 51724898004.1 6.95521712391e+28
16 51733466382.2 6.94957820231e+28
16 51742034760.3 6.94393439931e+28
16 51750603138.4 6.93828571362e+28
16 51759171516.5 6.93263214392e+28
16 51767739894.6 6.92697368891e+28
16 51776308272.7 6.92131034727e+28
16 51784876650.8 6.91564211771e+28
16 51793445029.0 6.90998297396e+28
16 51802013407.1 6.904384434e+28
16 51810581785.2 6.8988221454e+28
16 51819150163.3 6.89325533309e+28
16 51827718541.4 6.88768370632e+28
16 51836286919.5 6.88210726378e+28
16 51844855297.6 6.87652600419e+28
16 51853423675.7 6.87093992627e+28
16 51861992053.9 6.86534902872e+28
16 51870560432.0 6.85975331026e+28
16 51879128810.1 6.8541527696e+28
16 51887697188.2 6.84854740545e+28
16 51896265566.3 6.84293721653e+28
16 51904833944.4 6.83732220154e+28
16 51913402322.5 6.8317023592e+28
16 51921970700.6 6.82607768823e+28
16 51930539078.8 6.82044818733e+28
16 51939107456.9 6.81481385521e+28
16 51947675835.0 6.8091746906e+28
16 51956244213.1 6.80353069219e+28
16 51964812591.2 6.79788185871e+28
16 51973380969.3 6.79222821523e+28
16 51981949347.4 6.78660463076e+28
16 51990517725.5 6.78104280511e+28
16 51999086103.7 6.77549327486e+28
16 52007654481.8 6.7699389813e+28
16 52016222859.9 6.76437992315e+28
16 52024791238.0 6.75881609914e+28
16 52033359616.1 6.753247508e+28
16 52041927994.2 6.74767414847e+28
16 52050496372.3 6.74209601928e+28
16 52059064750.4 6.73651311916e+28
16 52067633128.5 6.73092544685e+28
16 52076201506.7 6.72533300106e+28
16 52084769884.8 6.71973578054e+28
16 52093338262.9 6.71413378402e+28
16 52101906641.0 6.70852701022e+28
16 52110475019.1 6.70291545789e+28
16 52119043397.2 6.69729912575e+28
16 52127611775.3 6.69167801253e+28
16 52136180153.4 6.68605211696e+28
16 52144748531.6 6.68042143778e+28
16 52153316909.7 6.67478597372e+28
16 52161885287.8 6.66916034635e+28
16 52170453665.9 6.66359350757e+28
16 52179022044.0 6.65805927491e+28
16 52187590422.1 6.65252051015e+28
16 52196158800.2 6.64697703023e+28
16 52204727178.3 6.64142883389e+28
16 52213295556.5 6.63587591988e+28
16 52221863934.6 6.63031828696e+28
16 52230432312.7 6.62475593388e+28
16 52239000690.8 6.61918885939e+28
16 52247569068.9 6.61361706223e+28
16 52256137447.0 6.60804054116e+28
16 52264705825.1 6.60245929493e+28
16 52273274203.2 6.59687332229e+28
16 52281842581.4 6.59128262199e+28
16 52290410959.5 6.58568719277e+28
16 52298979337.6 6.5800870334e+28
16 52307547715.7 6.57448214261e+28
16 52316116093.8 6.56887251917e+28
16 52324684471.9 6.56325816182e+28
16 52333252850.0 6.55763906931e+28
16 52341821228.1 6.55202614117e+28
16 52350389606.3 6.54646842254e+28
16 52358957984.4 6.54094817138e+28
16 52367526362.5 6.53542369675e+28
16 52376094740.6 6.52989455502e+28
16 52384663118.7 6.52436074496e+28
16 52393231496.8 6.51882226534e+28
16 52401799874.9 6.51327911493e+28
16 52410368253.0 6.50773129249e+28
16 52418936631.2 6.50217879679e+28
16 52427505009.3 6.4966216266e+28
16 52436073387.4 6.4910597807e+28
16 52444641765.5 6.48549325784e+28
16 52453210143.6 6.4799220568e+28
16 52461778521.7 6.47434617635e+28
16 52470346899.8 6.46876561526e+28
16 52478915277.9 6.46318037228e+28
16 52487483656.1 6.4575904462e+28
16 52496052034.2 6.45199583578e+28
16 52504620412.3 6.44639653979e+28
16 52513188790.4 6.440792557e+28
16 52521757168.5 6.43520245049e+28
16 52530325546.6 6.42967124774e+28
16 52538893924.7 6.4241656667e+28
16 52547462302.8 6.4186554673e+28
16 52556030680.9 6.41314064831e+28
16 52564599059.1 6.40762120853e+28
16 52573167437.2 6.40209714674e+28
16 52581735815.3 6.39656846174e+28
16 52590304193.4 6.39103515229e+28
16 52598872571.5 6.38549721721e+28
16 52607440949.6 6.37995465526e+28
16 52616009327.7 6.37440746523e+28
16 52624577705.8 6.36885564592e+28
16 52633146084.0 6.36329919611e+28
16 52641714462.1 6.35773811459e+28
16 52650282840.2 6.35217240014e+28
16 52658851218.3 6.34660205154e+28
16 52667419596.4 6.3410270676e+28
16 52675987974.5 6.33544744708e+28
16 52684556352.6 6.32986318878e+28
16 52693124730.7 6.32427550318e+28
16 52701693108.9 6.31872709874e+28
16 52710261487.0 6.31323158112e+28
16 52718829865.1 6.30774042235e+28
16 52727398243.2 6.30224469231e+28
16 52735966621.3 6.29674438981e+28
16 52744534999.4 6.29123951364e+28
16 52753103377.5 6.28573006262e+28
16 52761671755.6 6.28021603554e+28
16 52770240133.8 6.27469743121e+28
16 52778808511.9 6.26917424844e+28
16 52787376890.0 6.26364648603e+28
16 52795945268.1 6.25811414278e+28
16 52804513646.2 6.2525772175e+28
16 52813082024.3 6.247035709e+28
16 52821650402.4 6.24148961607e+28
16 52830218780.5 6.23593893752e+28
16 52838787158.7 6.23038367215e+28
16 52847355536.8 6.22482381878e+28
16 52855923914.9 6.2192593762e+28
16 52864492293.0 6.21369034322e+28
16 52873060671.1 6.2081421478e+28
16 52881629049.2 6.20265209627e+28
16 52890197427.3 6.19717945752e+28
16 52898765805.4 6.19170229498e+28
16 52907334183.6 6.18622060746e+28
16 52915902561.7 6.18073439377e+28
16 52924470939.8 6.17524365275e+28
16 52933039317.9 6.16974838321e+28
16 52941607696.0 6.16424858398e+28
16 52950176074.1 6.15874425388e+28
16 52958744452.2 6.15323539173e+28
16 52967312830.3 6.14772199634e+28
16 52975881208.5 6.14220406655e+28
16 52984449586.6 6.13668160118e+28
16 52993017964.7 6.13115459904e+28
16 53001586342.8 6.12562305895e+28
16 53010154720.9 6.12008697975e+28
16 53018723099.0 6.11454636025e+28
16 53027291477.1 6.10900119926e+28
16 53037083909.3 7.11976816615e+28
16 53046876341.4 7.1124110743e+28
16 53056668773.5 7.10512380091e+28
16 53066461205.6 7.0978463912e+28
16 53076253637.8 7.09056215696e+28
16 53086046069.9 7.08327109618e+28
16 53095838502.0 7.07597320683e+28
16 53105630934.2 7.06866848689e+28
16 53115423366.3 7.06135693433e+28
16 53125215798.4 7.05403854714e+28
16 53135008230.5 7.04671332328e+28
16 53144800662.7 7.03938126074e+28
16 53154593094.8 7.0320423575e+28
16 53164385526.9 7.02469661152e+28
16 53174177959.1 7.0173440208e+28
16 53183970391.2 7.0099845833e+28
16 53193762823.3 7.002618297e+28
16 53203555255.4 6.99524515988e+28
16 53213347687.6 6.98788991662e+28
16 53223140119.7 6.98060587232e+28
16 53232932551.8 6.97335238431e+28
16 53242724983.9 6.96609214053e+28
16 53252517416.1 6.95882513901e+28
16 53262309848.2 6.95155137775e+28
16 53272102280.3 6.94427085475e+28
16 53281894712.5 6.93698356801e+28
16 53291687144.6 6.92968951555e+28
16 53301479576.7 6.92238869537e+28
16 53311272008.8 6.91508110548e+28
16 53321064441.0 6.90776674388e+28
16 53330856873.1 6.90044560857e+28
16 53340649305.2 6.89311769756e+28
16 53350441737.4 6.88578300886e+28
16 53360234169.5 6.87844154048e+28
16 53370026601.6 6.87109329041e+28
16 53379819033.7 6.86375638242e+28
16 53389611465.9 6.85648729629e+28
16 53399403898.0 6.8492562678e+28
16 53409196330.1 6.8420187863e+28
16 53418988762.3 6.83477461425e+28
16 53428781194.4 6.82752374969e+28
16 53438573626.5 6.82026619065e+28
16 53448366058.6 6.81300193517e+28
16 53458158490.8 6.80573098127e+28
16 53467950922.9 6.79845332699e+28
16 53477743355.0 6.79116897037e+28
16 53487535787.2 6.78387790943e+28
16 53497328219.3 6.77658014222e+28
16 53507120651.4 6.76927566675e+28
16 53516913083.5 6.76196448108e+28
16 53526705515.7 6.75464658323e+28
16 53536497947.8 6.74732197123e+28
16 53546290379.9 6.74001464465e+28
16 53556082812.1 6.73277628193e+28
16 53565875244.2 6.72556746546e+28
16 53575667676.3 6.71835202638e+28
16 53585460108.4 6.71112996275e+28
16 53595252540.6 6.70390127262e+28
16 53605044972.7 6.69666595407e+28
16 53614837404.8 6.68942400514e+28
16 53624629837.0 6.6821754239e+28
16 53634422269.1 6.67492020842e+28
16 53644214701.2 6.66765835674e+28
16 53654007133.3 6.66038986694e+28
16 53663799565.5 6.65311473707e+28
16 53673591997.6 6.64583296519e+28
16 53683384429.7 6.63854454937e+28
16 53693176861.9 6.63124948766e+28
16 53702969294.0 6.62394811051e+28
16 53712761726.1 6.61668602415e+28
16 53722554158.2 6.60948919528e+28
16 53732346590.4 6.60230169232e+28
16 53742139022.5 6.59510763157e+28
16 53751931454.6 6.58790701109e+28
16 53761723886.8 6.58069982899e+28
16 53771516318.9 6.57348608335e+28
16 53781308751.0 6.56626577226e+28
16 53791101183.1 6.5590388938e+28
16 53800893615.3 6.55180544606e+28
16 53810686047.4 6.54456542713e+28
16 53820478479.5 6.5373188351e+28
16 53830270911.6 6.53006566805e+28
16 53840063343.8 6.52280592407e+28
16 53849855775.9 6.51553960125e+28
16 53859648208.0 6.50826669767e+28
16 53869440640.2 6.50100217674e+28
16 53879233072.3 6.49380180048e+28
16 53889025504.4 6.48664129614e+28
16 53898817936.5 6.47947467124e+28
16 53908610368.7 6.47230155237e+28
16 53918402800.8 6.46512193763e+28
16 53928195232.9 6.45793582515e+28
16 53937987665.1 6.45074321304e+28
16 53947780097.2 6.44354409941e+28
16 53957572529.3 6.43633848237e+28
16 53967364961.4 6.42912636004e+28
16 53977157393.6 6.42190773054e+28
16 53986949825.7 6.41468259197e+28
16 53996742257.8 6.40745094245e+28
16 54006534690.0 6.40021278009e+28
16 54016327122.1 6.39296810301e+28
16 54026119554.2 6.38572177506e+28
16 54035911986.3 6.37852866971e+28
16 54045704418.5 6.37138960642e+28
16 54055496850.6 6.36424944326e+28
16 54065289282.7 6.35710285054e+28
16 54075081714.9 6.34994982641e+28
16 54084874147.0 6.34279036901e+28
16 54094666579.1 6.33562447647e+28
16 54104459011.2 6.32845214693e+28
16 54114251443.4 6.32127337854e+28
16 54124043875.5 6.31408816942e+28
16 54133836307.6 6.30689651773e+28
16 54143628739.8 6.29969842161e+28
16 54153421171.9 6.29249387918e+28
16 54163213604.0 6.28528288859e+28
16 54173006036.1 6.27806544798e+28
16 54182798468.3 6.27084501463e+28
16 54192590900.4 6.26367344293e+28
16 54202383332.5 6.25655712386e+28
16 54212175764.7 6.24944170452e+28
16 54221968196.8 6.24231991819e+28
16 54231760628.9 6.23519176305e+28
16 54241553061.0 6.22805723725e+28
16 54251345493.2 6.22091633896e+28
16 54261137925.3 6.21376906635e+28
16 54270930357.4 6.20661541758e+28
16 54280722789.6 6.19945539081e+28
16 54290515221.7 6.19228898422e+28
16 54300307653.8 6.18511619595e+28
16 54310100085.9 6.17793702418e+28
16 54319892518.1 6.17075146707e+28
16 54329684950.2 6.16355952279e+28
16 54339477382.3 6.15636834673e+28
16 54349269814.4 6.14923122822e+28
16 54359062246.6 6.14214188955e+28
16 54368854678.7 6.13504960892e+28
16 54378647110.8 6.12795102213e+28
16 54388439543.0 6.12084612737e+28
16 54398231975.1 6.11373492282e+28
16 54409248461.2 6.97797374476e+28
16 54420264947.4 6.968813013e+28
16 54431281433.5 6.95964314607e+28
16 54442297919.7 6.95046414103e+28
16 54453314405.8 6.94127599494e+28
16 54464330892.0 6.93207870483e+28
16 54475347378.1 6.92287226778e+28
16 54486363864.2 6.91365668083e+28
16 54497380350.4 6.90446996226e+28
16 54508396836.5 6.89536245608e+28
16 54519413322.7 6.88627891733e+28
16 54530429808.8 6.87718634579e+28
16 54541446295.0 6.86808473857e+28
16 54552462781.1 6.85897409274e+28
16 54563479267.3 6.8498544054e+28
16 54574495753.4 6.84072567365e+28
16 54585512239.5 6.83158789457e+28
16 54596528725.7 6.82244106526e+28
16 54607545211.8 6.8132851828e+28
16 54618561698.0 6.8041202443e+28
16 54629578184.1 6.79494624684e+28
16 54640594670.3 6.78576460873e+28
16 54651611156.4 6.77663273021e+28
16 54662627642.6 6.7675741122e+28
16 54673644128.7 6.75852280747e+28
16 54684660614.8 6.74946255732e+28
16 54695677101.0 6.74039335889e+28
16 54706693587.1 6.7313152093e+28
16 54717710073.3 6.72222810568e+28
16 54728726559.4 6.71313204516e+28
16 54739743045.6 6.70402702488e+28
16 54750759531.7 6.69491304197e+28
16 54761776017.9 6.68579009355e+28
16 54772792504.0 6.67665817675e+28
16 54783808990.1 6.66751728872e+28
16 54794825476.3 6.65838351487e+28
16 54805841962.4 6.64932236132e+28
16 54816858448.6 6.64031071179e+28
16 54827874934.7 6.63129162763e+28
16 54838891420.9 6.62226368459e+28
16 54849907907.0 6.61322687983e+28
16 54860924393.2 6.60418121053e+28
16 54871940879.3 6.59512667386e+28
16 54882957365.4 6.58606326697e+28
16 54893973851.6 6.57699098705e+28
16 54904990337.7 6.56790983125e+28
16 54916006823.9 6.55881979676e+28
16 54927023310.0 6.54972088072e+28
16 54938039796.2 6.54061487428e+28
16 54949056282.3 6.5315589344e+28
16 54960072768.5 6.52257345506e+28
16 54971089254.6 6.51359362234e+28
16 54982105740.7 6.50460501785e+28
16 54993122226.9 6.49560763881e+28
16 55004138713.0 6.48660148242e+28
16 55015155199.2 6.47758654587e+28
16 55026171685.3 6.46856282639e+28
16 55037188171.5 6.45953032117e+28
16 55048204657.6 6.45048902743e+28
16 55059221143.8 6.44143894236e+28
16 55070237629.9 6.43238006317e+28
16 55081254116.0 6.42331238707e+28
16 55092270602.2 6.41427561059e+28
16 55103287088.3 6.40531339875e+28
16 55114303574.5 6.39637033707e+28
16 55125320060.6 6.38741858803e+28
16 55136336546.8 6.37845814886e+28
16 55147353032.9 6.36948901681e+28
16 55158369519.1 6.36051118912e+28
16 55169386005.2 6.35152466303e+28
16 55180402491.3 6.34252943579e+28
16 55191418977.5 6.33352550463e+28
16 55202435463.6 6.3245128668e+28
16 55213451949.8 6.31549151955e+28
16 55224468435.9 6.3064614601e+28
16 55235484922.1 6.29745639679e+28
16 55246501408.2 6.28852447996e+28
16 55257517894.4 6.27961583043e+28
16 55268534380.5 6.27069857533e+28
16 55279550866.6 6.26177271194e+28
16 55290567352.8 6.25283823755e+28
16 55301583838.9 6.24389514942e+28
16 55312600325.1 6.23494344483e+28
16 55323616811.2 6.22598312107e+28
16 55334633297.4 6.21701417541e+28
16 55345649783.5 6.20803660512e+28
16 55356666269.7 6.19905040748e+28
16 55367682755.8 6.19005557978e+28
16 55378699241.9 6.18109275529e+28
16 55389715728.1 6.17220128576e+28
16 55400732214.2 6.16332581136e+28
16 55411748700.4 6.15444181152e+28
16 55422765186.5 6.14554928354e+28
16 55433781672.7 6.13664822473e+28
16 55444798158.8 6.12773863242e+28
16 55455814645.0 6.11882050391e+28
16 55466831131.1 6.10989383651e+28
16 55479071671.3 6.86246062532e+28
16 55491312211.4 6.85127915324e+28
16 55503552751.6 6.84008580956e+28
16 55515793291.7 6.82890759975e+28
16 55528033831.9 6.81781397998e+28
16 55540274372.1 6.8067648404e+28
16 55552514912.2 6.79570418738e+28
16 55564755452.4 6.78463180078e+28
16 55576995992.5 6.77354767652e+28
16 55589236532.7 6.76245181048e+28
16 55601477072.9 6.75134419857e+28
16 55613717613.0 6.74022483671e+28
16 55625958153.2 6.72909372078e+28
16 55638198693.3 6.7179508467e+28
16 55650439233.5 6.70680482812e+28
16 55662679773.7 6.69572958208e+28
16 55674920313.8 6.68472338297e+28
16 55687160854.0 6.67371298106e+28
16 55699401394.1 6.66269095832e+28
16 55711641934.3 6.6516573107e+28
16 55723882474.5 6.64061203417e+28
16 55736123014.6 6.62955512466e+28
16 55748363554.8 6.61848657816e+28
16 55760604094.9 6.60740639059e+28
16 55772844635.1 6.59631455793e+28
16 55785085175.3 6.58521392617e+28
16 55797325715.4 6.57417164527e+28
16 55809566255.6 6.56320696455e+28
16 55821806795.7 6.55224640869e+28
16 55834047335.9 6.54127434349e+28
16 55846287876.1 6.53029076497e+28
16 55858528416.2 6.51929566914e+28
16 55870768956.4 6.50828905199e+28
16 55883009496.5 6.49727090955e+28
16 55895250036.7 6.4862412378e+28
16 55907490576.9 6.47520003278e+28
16 55919731117.0 6.46414928255e+28
16 55931971657.2 6.45315308091e+28
16 55944212197.4 6.44223447697e+28
16 55956452737.5 6.43132178306e+28
16 55968693277.7 6.42039768869e+28
16 55980933817.8 6.40946218993e+28
16 55993174358.0 6.39851528284e+28
16 56005414898.2 6.38755696347e+28
16 56017655438.3 6.37658722789e+28
16 56029895978.5 6.36560607214e+28
16 56042136518.6 6.35461349228e+28
16 56054377058.8 6.34361380502e+28
16 56066617599.0 6.33267465478e+28
16 56078858139.1 6.32180673394e+28
16 56091098679.3 6.31093892063e+28
16 56103339219.4 6.30005981228e+28
16 56115579759.6 6.289169405e+28
16 56127820299.8 6.2782676949e+28
16 56140060839.9 6.26735467807e+28
16 56152301380.1 6.25643035064e+28
16 56164541920.2 6.24549470869e+28
16 56176782460.4 6.23454774835e+28
16 56189023000.6 6.22360343665e+28
16 56201263540.7 6.21273099952e+28
16 56213504080.9 6.201914004e+28
16 56225744621.0 6.19108878642e+28
16 56237985161.2 6.18025237638e+28
16 56250225701.4 6.16940477004e+28
16 56262466241.5 6.15854596355e+28
16 56274706781.7 6.14767595305e+28
16 56286947321.8 6.13679473472e+28
16 56299187862.0 6.12590230469e+28
16 56311428402.2 6.11499865913e+28
16 56324892996.3 6.78115953573e+28
16 56338357590.5 6.76796982951e+28
16 56351822184.7 6.75480004586e+28
16 56365286778.9 6.74161535383e+28
16 56378751373.0 6.72841574778e+28
16 56392215967.2 6.7152012221e+28
16 56405680561.4 6.70197177117e+28
16 56419145155.6 6.68872738937e+28
16 56432609749.8 6.67546807107e+28
16 56446074343.9 6.66220705172e+28
16 56459538938.1 6.6490266666e+28
16 56473003532.3 6.63591631014e+28
16 56486468126.5 6.6227971113e+28
16 56499932720.6 6.6096631384e+28
16 56513397314.8 6.5965143859e+28
16 56526861909.0 6.58335084825e+28
16 56540326503.2 6.57017251989e+28
16 56553791097.3 6.55697939527e+28
16 56567255691.5 6.54377172671e+28
16 56580720285.7 6.53061195765e+28
16 56594184879.9 6.51754232084e+28
16 56607649474.0 6.50448781732e+28
16 56621114068.2 6.49141867799e+28
16 56634578662.4 6.47833489735e+28
16 56648043256.6 6.46523646993e+28
16 56661507850.8 6.45212339023e+28
16 56674972444.9 6.43899565279e+28
16 56688437039.1 6.4258532521e+28
16 56701901633.3 6.41272922111e+28
16 56715366227.5 6.39969524961e+28
16 56728830821.6 6.38670368045e+28
16 56742295415.8 6.37369771782e+28
16 56755760010.0 6.36067724965e+28
16 56769224604.2 6.34764227053e+28
16 56782689198.3 6.33459277504e+28
16 56796153792.5 6.32152875775e+28
16 56809618386.7 6.30845021327e+28
16 56823082980.9 6.29537674994e+28
16 56836547575.0 6.28238622152e+28
16 56850012169.2 6.26945346099e+28
16 56863476763.4 6.25650865273e+28
16 56876941357.6 6.24354947184e+28
16 56890405951.8 6.23057591297e+28
16 56903870545.9 6.21758797077e+28
16 56917335140.1 6.20458563987e+28
16 56930799734.3 6.19156891493e+28
16 56944264328.5 6.17855363082e+28
16 56957728922.6 6.16561717396e+28
16 56971193516.8 6.15274243876e+28
16 56984658111.0 6.13985702943e+28
16 56998122705.2 6.12695737779e+28
16 57011587299.3 6.11404347855e+28
16 57026275947.5 6.70993281251e+28
16 57040964595.7 6.69439958622e+28
16 57055653243.9 6.67884768649e+28
16 57070341892.1 6.66333508235e+28
16 57085030540.3 6.64792429986e+28
16 57099719188.5 6.63253989315e+28
16 57114407836.7 6.61713701274e+28
16 57129096484.9 6.60171565116e+28
16 57143785133.1 6.58627580096e+28
16 57158473781.3 6.57081745466e+28
16 57173162429.5 6.55534060479e+28
16 57187851077.6 6.53989215355e+28
16 57202539725.8 6.52454472907e+28
16 57217228374.0 6.50923348991e+28
16 57231917022.2 6.49390394437e+28
16 57246605670.4 6.47855608508e+28
16 57261294318.6 6.46318990465e+28
16 57275982966.8 6.44780539571e+28
16 57290671615.0 6.43240255087e+28
16 57305360263.2 6.41702886166e+28
16 57320048911.4 6.4017553705e+28
16 57334737559.6 6.3865165495e+28
16 57349426207.8 6.37125958752e+28
16 57364114856.0 6.35598447729e+28
16 57378803504.2 6.3406912115e+28
16 57393492152.3 6.32537978287e+28
16 57408180800.5 6.31005019814e+28
16 57422869448.7 6.2947618521e+28
16 57437558096.9 6.27957151627e+28
16 57452246745.1 6.26440369653e+28
16 57466935393.3 6.24921789864e+28
16 57481624041.5 6.23401411542e+28
16 57496312689.7 6.21879233963e+28
16 57511001337.9 6.20355256409e+28
16 57525689986.1 6.18829751412e+28
16 57540378634.3 6.17310445671e+28
16 57555067282.5 6.15800034857e+28
16 57569755930.7 6.14290033896e+28
16 57584444578.8 6.12778250966e+28
16 57599133227.0 6.11264685355e+28
16 57615045929.2 6.65043195544e+28
16 57630958631.5 6.63249956399e+28
16 57646871333.7 6.61458628004e+28
16 57662784035.9 6.59677957404e+28
16 57678696738.1 6.57902275671e+28
16 57694609440.3 6.56124349534e+28
16 57710522142.5 6.5434416115e+28
16 57726434844.7 6.52561709542e+28
16 57742347546.9 6.50776993734e+28
16 57758260249.1 6.48994083131e+28
16 57774172951.3 6.47221622709e+28
16 57790085653.5 6.45454124524e+28
16 57805998355.7 6.43684403131e+28
16 57821911058.0 6.41912439129e+28
16 57837823760.2 6.40138231551e+28
16 57853736462.4 6.3836177943e+28
16 57869649164.6 6.36588037653e+28
16 57885561866.8 6.34824893787e+28
16 57901474569.0 6.33065630425e+28
16 57917387271.2 6.31304144953e+28
16 57933299973.4 6.29540436417e+28
16 57949212675.6 6.27774503861e+28
16 57965125377.8 6.26006362106e+28
16 57981038080.0 6.24243058588e+28
16 57996950782.3 6.22490191449e+28
16 58012863484.5 6.20739244065e+28
16 58028776186.7 6.18986094089e+28
16 58044688888.9 6.17230740575e+28
16 58060601591.1 6.15473182578e+28
16 58076514293.3 6.13714025118e+28
16 58092426995.5 6.11962379292e+28
16 58109563751.7 6.60926460873e+28
16 58126700508.0 6.5889298752e+28
16 58143837264.2 6.56856770859e+28
16 58160974020.4 6.54817809623e+28
16 58178110776.6 6.52776190138e+28
16 58195247532.8 6.50740584582e+28
16 58212384289.1 6.48716344263e+28
16 58229521045.3 6.46693475679e+28
16 58246657801.5 6.44667888072e+28
16 58263794557.7 6.42639580195e+28
16 58280931314.0 6.40608553809e+28
16 58298068070.2 6.38582055102e+28
16 58315204826.4 6.36566930898e+28
16 58332341582.6 6.34554239394e+28
16 58349478338.9 6.32538852512e+28
16 58366615095.1 6.30520769017e+28
16 58383751851.3 6.28499987672e+28
16 58400888607.5 6.26483368381e+28
16 58418025363.8 6.24477971516e+28
16 58435162120.0 6.22475200455e+28
16 58452298876.2 6.20469757221e+28
16 58469435632.4 6.18461640591e+28
16 58486572388.7 6.16450864357e+28
16 58503709144.9 6.14444982898e+28
16 58520845901.1 6.12450098268e+28
16 58539206711.4 6.57261909553e+28
16 58557567521.6 6.54958965043e+28
16 58575928331.8 6.52652743684e+28
16 58594289142.1 6.50345230489e+28
16 58612649952.3 6.48048320085e+28
16 58631010762.6 6.45760828911e+28
16 58649371572.8 6.43471159374e+28
16 58667732383.0 6.41178242118e+28
16 58686093193.3 6.38882148249e+28
16 58704454003.5 6.36592052759e+28
16 58722814813.8 6.343139663e+28
16 58741175624.0 6.32037323632e+28
16 58759536434.2 6.2975746192e+28
16 58777897244.5 6.27474379597e+28
16 58796258054.7 6.25192518348e+28
16 58814618865.0 6.22922391803e+28
16 58832979675.2 6.20658316353e+28
16 58851340485.4 6.18391141573e+28
16 58869701295.7 6.16120774268e+28
16 58888062105.9 6.13849060172e+28
16 58906422916.2 6.11587391166e+28
16 58926007780.4 6.52697638072e+28
16 58945592644.7 6.50120426143e+28
16 58965177508.9 6.47539355803e+28
16 58984762373.2 6.44957398683e+28
16 59004347237.5 6.42387294936e+28
16 59023932101.7 6.39826148606e+28
16 59043516966.0 6.37261884092e+28
16 59063101830.2 6.34693793971e+28
16 59082686694.5 6.32127038497e+28
16 59102271558.7 6.2957310008e+28
16 59121856423.0 6.27025469723e+28
16 59141441287.2 6.24474132323e+28
16 59161026151.5 6.21919012031e+28
16 59180611015.8 6.19368950386e+28
16 59200195880.0 6.16831660369e+28
16 59219780744.3 6.14296606855e+28
16 59239365608.5 6.11757794126e+28
16 59260174526.8 6.49661636453e+28
16 59280983445.1 6.46792775247e+28
16 59301792363.4 6.43935041505e+28
16 59322601281.6 6.41074638406e+28
16 59343410199.9 6.38209812359e+28
16 59364219118.2 6.35351023543e+28
16 59385028036.4 6.32505500489e+28
16 59405836954.7 6.29661288128e+28
16 59426645873.0 6.26812623865e+28
16 59447454791.3 6.23965032733e+28
16 59468263709.5 6.21130453667e+28
16 59489072627.8 6.18302003933e+28
16 59509881546.1 6.15469224776e+28
16 59530690464.4 6.1263464194e+28
16 59552723436.6 6.47748877933e+28
16 59574756408.9 6.4458308146e+28
16 59596789381.2 6.4141308236e+28
16 59618822353.5 6.38241568337e+28
16 59640855325.8 6.35083036678e+28
16 59662888298.1 6.31933797323e+28
16 59684921270.4 6.28780116536e+28
16 59706954242.7 6.25626223388e+28
16 59728987214.9 6.22485992582e+28
16 59751020187.2 6.19353630532e+28
16 59773053159.5 6.16216446815e+28
16 59795086131.8 6.13081363513e+28
16 59818343158.1 6.45657422631e+28
16 59841600184.4 6.42174991278e+28
16 59864857210.7 6.3868731256e+28
16 59888114237.0 6.35209523197e+28
16 59911371263.3 6.3174606872e+28
16 59934628289.6 6.28281017638e+28
16 59957885315.9 6.2481536758e+28
16 59981142342.3 6.21364288372e+28
16 60004399368.6 6.17921663971e+28
16 60027656394.9 6.14473931485e+28
16 60050913421.2 6.11034470873e+28
16 60075394501.5 6.41174888004e+28
16 60099875581.8 6.37367587307e+28
16 60124356662.1 6.33562524681e+28
16 60148837742.5 6.29773136029e+28
16 60173318822.8 6.25988355121e+28
16 60197799903.1 6.22201455069e+28
16 60222280983.4 6.18428679997e+28
16 60246762063.7 6.14665214187e+28
16 60271243144.1 6.10897878734e+28
16 60296948278.4 6.38900454983e+28
16 60322653412.7 6.34763013217e+28
16 60348358547.1 6.30622669358e+28
16 60374063681.4 6.26495321822e+28
16 60399768815.7 6.2238093493e+28
16 60425473950.1 6.18264112712e+28
16 60451179084.4 6.14160434967e+28
16 60478108272.8 6.40367886616e+28
16 60505037461.1 6.35866511931e+28
16 60531966649.5 6.31380726486e+28
16 60558895837.8 6.26904848673e+28
16 60585825026.2 6.22431199986e+28
16 60612754214.5 6.17974145336e+28
16 60639683402.9 6.13521926255e+28
16 60667836645.3 6.37870327416e+28
16 60695989887.6 6.33019945314e+28
16 60724143130.0 6.28172142531e+28
16 60752296372.4 6.23340222759e+28
16 60780449614.7 6.18519342343e+28
16 60808602857.1 6.13705800496e+28
16 60837980153.5 6.36369575902e+28
16 60867357449.9 6.31143498947e+28
16 60896734746.3 6.25934571446e+28
16 60926112042.6 6.20737267827e+28
16 60955489339.0 6.15551805015e+28
16 60986090689.4 6.3669584401e+28
16 61016692039.8 6.31086932318e+28
16 61047293390.2 6.25496299082e+28
16 61077894740.6 6.19915565613e+28
16 61108496091.0 6.14352374883e+28
16 61140321495.4 6.33937153241e+28
16 61172146899.9 6.27941561884e+28
16 61203972304.3 6.21961571319e+28
16 61235797708.7 6.15999012466e+28
16 61268847167.1 6.34217941857e+28
16 61301896625.6 6.2781599693e+28
16 61334946084.0 6.21433395713e+28
16 61367995542.4 6.1507018172e+28
16 61402269054.9 6.31896036708e+28
16 61436542567.3 6.2508623562e+28
16 61470816079.8 6.18299937565e+28
16 61505089592.2 6.11534593652e+28
16 61540587158.7 6.26944162283e+28
16 61576084725.2 6.19727527169e+28
16 61611582291.6 6.12535873259e+28
16 61648303912.1 6.26734088979e+28
16 61685025532.6 6.19079466536e+28
16 61721747153.1 6.11454825137e+28
16 61759692827.6 6.24416154378e+28
16 61797638502.1 6.16322240661e+28
16 61836808230.6 6.28272135839e+28
16 61875977959.1 6.19711891174e+28
16 61915147687.6 6.11188192613e+28
16 61955541470.1 6.21875452548e+28
16 61995935252.7 6.1288513242e+28
16 62037553089.2 6.22525458888e+28
16 62079170925.7 6.13055361682e+28
16 62122012816.3 6.2163517539e+28
16 62164854706.9 6.11682348199e+28
16 62208920651.4 6.1918339103e+28
16 62254210650.0 6.25840482971e+28
16 62299500648.6 6.14865335903e+28
16 62346014701.2 6.20426413597e+28
16 62393752807.9 6.25126323785e+28
16 62441490914.5 6.13130956659e+28
16 62490453075.1 6.16717160061e+28
16 62540639289.8 6.19419839105e+28
16 62592049558.5 6.2122714176e+28
16 62644683881.2 6.22127948546e+28
16 62698542257.9 6.22110928617e+28
16 62753624688.6 6.21167348434e+28
16 62809931173.3 6.19294650646e+28
16 62867461712.1 6.16490121521e+28
16 62926216304.8 6.12751224534e+28
16 62987419005.6 6.20381018987e+28
16 63049845760.5 6.14021844344e+28
16 63114720623.3 6.18226790779e+28
16 63182043594.2 6.20294087283e+28
16 63251814673.1 6.20189514967e+28
16 63324033860.1 6.1788267615e+28
16 63398701155.0 6.13343488821e+28
16 63477040612.1 6.15901822841e+28
16 63559052231.1 6.14838536553e+28
16 63645960066.3 6.18483587197e+28
16 63737764117.5 6.16931835367e+28
16 63835688438.8 6.17395765722e+28
16 63939733030.1 6.10876038164e+28
16 64053570053.6 6.15733484435e+28
16 64178423563.3 6.13546979367e+28
16 64317965721.1 6.10954476575e+28
16 64479540851.2 6.11116071179e+28
16 64677837601.8 6.1276236364e+28
16 64954473809.4 6.1222757758e+28
#
#
# runtime:  2257.04734588
