## fname /home/meridith/UCT_SAAO/detached_shells/MESA2GADGET/out/sample_MESA_output/profile_mainsequence_logE.data  masscut 0.95    N 8   mp (Ms) 1e-07   mp (g) 1.988e+26   RKstep 2.450e+06
#N    (ru+rl)/2 (cm)    M(g) contained in shell ru-rl   internal energy E (unlog)
8 43176540087.1 1.7287212815e+29 6.20388613274e+14
8 43186340087.1 1.72730054757e+29 6.20176614061e+14
8 43196140087.1 1.72587798948e+29 6.19964614848e+14
8 43205940087.1 1.72445360655e+29 6.19752615635e+14
8 43215740087.1 1.72302739808e+29 6.19540616422e+14
8 43225540087.1 1.72159936341e+29 6.19328617209e+14
8 43235340087.1 1.72016950185e+29 6.19116617996e+14
8 43245140087.1 1.71873781272e+29 6.18904618783e+14
8 43254940087.1 1.71730429533e+29 6.1869261957e+14
8 43264740087.1 1.71586894901e+29 6.18480620357e+14
8 43274540087.1 1.71443177307e+29 6.18268621144e+14
8 43284340087.1 1.71299276684e+29 6.18056621931e+14
8 43294140087.1 1.71155192963e+29 6.17844622718e+14
8 43303940087.1 1.71010926075e+29 6.17632623505e+14
8 43313740087.1 1.70866475954e+29 6.17420624292e+14
8 43323540087.1 1.7072184253e+29 6.17208625079e+14
8 43333340087.1 1.70577025736e+29 6.16996625866e+14
8 43343140087.1 1.70432025503e+29 6.16784626653e+14
8 43352940087.1 1.70286841763e+29 6.1657262744e+14
8 43362740087.1 1.70141474448e+29 6.16360628227e+14
8 43372540087.1 1.69995923491e+29 6.16148629014e+14
8 43382340087.1 1.69850188822e+29 6.15936629801e+14
8 43392140087.1 1.69704270373e+29 6.15724630588e+14
8 43401940087.1 1.69558168077e+29 6.15512631375e+14
8 43411740087.1 1.69411881866e+29 6.15300632162e+14
8 43421540087.1 1.6926541167e+29 6.15088632949e+14
8 43431340087.1 1.69118757423e+29 6.14876633736e+14
8 43441140087.1 1.68971919055e+29 6.14664634523e+14
8 43450940087.1 1.688248965e+29 6.1445263531e+14
8 43460740087.1 1.68679671077e+29 6.14240728743e+14
8 43470540087.1 1.6853947278e+29 6.1402950272e+14
8 43480340087.1 1.68401126445e+29 6.13818276697e+14
8 43490140087.1 1.68262603969e+29 6.13607050673e+14
8 43499940087.1 1.68123905286e+29 6.1339582465e+14
8 43509740087.1 1.6798503033e+29 6.13184598627e+14
8 43519540087.1 1.67845979036e+29 6.12973372604e+14
8 43529340087.1 1.67706751339e+29 6.1276214658e+14
8 43539140087.1 1.67567347173e+29 6.12550920557e+14
8 43548940087.1 1.67427766473e+29 6.12339694534e+14
8 43558740087.1 1.67288009175e+29 6.12128468511e+14
8 43568540087.1 1.67148075211e+29 6.11917242487e+14
8 43578340087.1 1.67007964518e+29 6.11706016464e+14
8 43588140087.1 1.6686767703e+29 6.11494790441e+14
8 43597940087.1 1.66727212681e+29 6.11283564417e+14
8 43607740087.1 1.66586571406e+29 6.11072338394e+14
8 43617540087.1 1.6644575314e+29 6.10861112371e+14
8 43627340087.1 1.66304757817e+29 6.10649886348e+14
8 43637140087.1 1.66163585372e+29 6.10438660324e+14
8 43646940087.1 1.6602223574e+29 6.10227434301e+14
8 43656740087.1 1.65880708856e+29 6.10016208278e+14
8 43666540087.1 1.65739004654e+29 6.09804982254e+14
8 43676340087.1 1.65597123068e+29 6.09593756231e+14
8 43686140087.1 1.65455064034e+29 6.09382530208e+14
8 43695940087.1 1.65312827485e+29 6.09171304185e+14
8 43705740087.1 1.65170413358e+29 6.08960078161e+14
8 43715540087.1 1.65027821586e+29 6.08748852138e+14
8 43725340087.1 1.64885052104e+29 6.08537626115e+14
8 43735140087.1 1.64742104846e+29 6.08326400091e+14
8 43744940087.1 1.64598989975e+29 6.08115174068e+14
8 43754740087.1 1.64458480446e+29 6.07904142012e+14
8 43764540087.1 1.64322661271e+29 6.07693566497e+14
8 43774340087.1 1.64187930724e+29 6.07482990982e+14
8 43784140087.1 1.64053030069e+29 6.07272415468e+14
8 43793940087.1 1.63917959243e+29 6.07061839953e+14
8 43803740087.1 1.63782718183e+29 6.06851264439e+14
8 43813540087.1 1.63647306827e+29 6.06640688924e+14
8 43823340087.1 1.63511725111e+29 6.0643011341e+14
8 43833140087.1 1.63375972974e+29 6.06219537895e+14
8 43842940087.1 1.63240050352e+29 6.0600896238e+14
8 43852740087.1 1.63103957183e+29 6.05798386866e+14
8 43862540087.1 1.62967693404e+29 6.05587811351e+14
8 43872340087.1 1.62831258953e+29 6.05377235837e+14
8 43882140087.1 1.62694653766e+29 6.05166660322e+14
8 43891940087.1 1.62557877782e+29 6.04956084808e+14
8 43901740087.1 1.62420930938e+29 6.04745509293e+14
8 43911540087.1 1.6228381317e+29 6.04534933778e+14
8 43921340087.1 1.62146524417e+29 6.04324358264e+14
8 43931140087.1 1.62009064615e+29 6.04113782749e+14
8 43940940087.1 1.61871433703e+29 6.03903207235e+14
8 43950740087.1 1.61733631616e+29 6.0369263172e+14
8 43960540087.1 1.61595658294e+29 6.03482056206e+14
8 43970340087.1 1.61457513672e+29 6.03271480691e+14
8 43980140087.1 1.61319197689e+29 6.03060905176e+14
8 43989940087.1 1.61180710281e+29 6.02850329662e+14
8 43999740087.1 1.61042051387e+29 6.02639754147e+14
8 44009540087.1 1.60903220943e+29 6.02429178633e+14
8 44019340087.1 1.60764218887e+29 6.02218603118e+14
8 44029140087.1 1.60625045156e+29 6.02008027604e+14
8 44038940087.1 1.60485912561e+29 6.01797452089e+14
8 44048740087.1 1.60350297454e+29 6.01587166931e+14
8 44058540087.1 1.60218722816e+29 6.01377128302e+14
8 44068340087.1 1.6008750814e+29 6.01167089673e+14
8 44078140087.1 1.59956129165e+29 6.00957051044e+14
8 44087940087.1 1.59824585831e+29 6.00747012414e+14
8 44097740087.1 1.59692878076e+29 6.00536973785e+14
8 44107540087.1 1.59561005842e+29 6.00326935156e+14
8 44117340087.1 1.59428969068e+29 6.00116896527e+14
8 44127140087.1 1.59296767694e+29 5.99906857898e+14
8 44136940087.1 1.59164401661e+29 5.99696819269e+14
8 44146740087.1 1.59031870906e+29 5.99486780639e+14
8 44156540087.1 1.58899175372e+29 5.9927674201e+14
8 44166340087.1 1.58766314997e+29 5.99066703381e+14
8 44176140087.1 1.58633289722e+29 5.98856664752e+14
8 44185940087.1 1.58500099486e+29 5.98646626123e+14
8 44195740087.1 1.5836674423e+29 5.98436587494e+14
8 44205540087.1 1.58233223893e+29 5.98226548864e+14
8 44215340087.1 1.58099538416e+29 5.98016510235e+14
8 44225140087.1 1.57965687737e+29 5.97806471606e+14
8 44234940087.1 1.57831671797e+29 5.97596432977e+14
8 44244740087.1 1.57697490537e+29 5.97386394348e+14
8 44254540087.1 1.57563143895e+29 5.97176355719e+14
8 44264340087.1 1.57428631812e+29 5.96966317089e+14
8 44274140087.1 1.57293954228e+29 5.9675627846e+14
8 44283940087.1 1.57159111082e+29 5.96546239831e+14
8 44293740087.1 1.57024102315e+29 5.96336201202e+14
8 44303540087.1 1.56888927866e+29 5.96126162573e+14
8 44313340087.1 1.56753587675e+29 5.95916123944e+14
8 44323140087.1 1.56618081683e+29 5.95706085315e+14
8 44332940087.1 1.56483275355e+29 5.95496046685e+14
8 44342740087.1 1.56352712401e+29 5.95286367581e+14
8 44352540087.1 1.56225031044e+29 5.95076750098e+14
8 44362340087.1 1.56097237133e+29 5.94867132615e+14
8 44372140087.1 1.55969284517e+29 5.94657515131e+14
8 44381940087.1 1.5584117314e+29 5.94447897648e+14
8 44391740087.1 1.55712902942e+29 5.94238280165e+14
8 44401540087.1 1.55584473868e+29 5.94028662682e+14
8 44411340087.1 1.55455885859e+29 5.93819045199e+14
8 44421140087.1 1.55327138858e+29 5.93609427715e+14
8 44430940087.1 1.55198232806e+29 5.93399810232e+14
8 44440740087.1 1.55069167647e+29 5.93190192749e+14
8 44450540087.1 1.54939943323e+29 5.92980575266e+14
8 44460340087.1 1.54810559775e+29 5.92770957783e+14
8 44470140087.1 1.54681016947e+29 5.92561340299e+14
8 44479940087.1 1.54551314781e+29 5.92351722816e+14
8 44489740087.1 1.54421453219e+29 5.92142105333e+14
8 44499540087.1 1.54291432203e+29 5.9193248785e+14
8 44509340087.1 1.54161251676e+29 5.91722870367e+14
8 44519140087.1 1.5403091158e+29 5.91513252883e+14
8 44528940087.1 1.53900411858e+29 5.913036354e+14
8 44538740087.1 1.53769752452e+29 5.91094017917e+14
8 44548540087.1 1.53638933304e+29 5.90884400434e+14
8 44558340087.1 1.53507954357e+29 5.90674782951e+14
8 44568140087.1 1.53376815552e+29 5.90465165467e+14
8 44577940087.1 1.53245516833e+29 5.90255547984e+14
8 44587740087.1 1.53114058142e+29 5.90045930501e+14
8 44597540087.1 1.52982439421e+29 5.89836313018e+14
8 44607340087.1 1.52850660612e+29 5.89626695535e+14
8 44617140087.1 1.52718721658e+29 5.89417078051e+14
8 44628165087.1 1.74369391329e+29 5.89181364982e+14
8 44639190087.1 1.74208382585e+29 5.88945871274e+14
8 44650215087.1 1.74048477283e+29 5.88710377567e+14
8 44661240087.1 1.73888350259e+29 5.8847488386e+14
8 44672265087.1 1.73728001424e+29 5.88239390152e+14
8 44683290087.1 1.73567430688e+29 5.88003896445e+14
8 44694315087.1 1.73406637959e+29 5.87768402737e+14
8 44705340087.1 1.7324562315e+29 5.8753290903e+14
8 44716365087.1 1.73084386168e+29 5.87297415322e+14
8 44727390087.1 1.72922926925e+29 5.87061921615e+14
8 44738415087.1 1.72761245331e+29 5.86826427907e+14
8 44749440087.1 1.72599341294e+29 5.865909342e+14
8 44760465087.1 1.72437214727e+29 5.86355440493e+14
8 44771490087.1 1.72274865538e+29 5.86119946785e+14
8 44782515087.1 1.72112293637e+29 5.85884453078e+14
8 44793540087.1 1.71949498935e+29 5.8564895937e+14
8 44804565087.1 1.71786481342e+29 5.85413465663e+14
8 44815590087.1 1.71623240767e+29 5.85177971955e+14
8 44826615087.1 1.7145977712e+29 5.84942478248e+14
8 44837640087.1 1.71296090313e+29 5.8470698454e+14
8 44848665087.1 1.71132180254e+29 5.84471490833e+14
8 44859690087.1 1.70968046853e+29 5.84235997126e+14
8 44870715087.1 1.70803690021e+29 5.84000503418e+14
8 44881740087.1 1.70639109668e+29 5.83765009711e+14
8 44892765087.1 1.70474305704e+29 5.83529516003e+14
8 44903790087.1 1.70309278038e+29 5.83294022296e+14
8 44914815087.1 1.7014610897e+29 5.83058542468e+14
8 44925840087.1 1.69988289035e+29 5.82823222692e+14
8 44936865087.1 1.69832650664e+29 5.82587902917e+14
8 44947890087.1 1.69676798104e+29 5.82352583142e+14
8 44958915087.1 1.69520731268e+29 5.82117263366e+14
8 44969940087.1 1.6936445007e+29 5.81881943591e+14
8 44980965087.1 1.69207954422e+29 5.81646623815e+14
8 44991990087.1 1.6905124424e+29 5.8141130404e+14
8 45003015087.1 1.68894319436e+29 5.81175984265e+14
8 45014040087.1 1.68737179924e+29 5.80940664489e+14
8 45025065087.1 1.68579825618e+29 5.80705344714e+14
8 45036090087.1 1.68422256431e+29 5.80470024938e+14
8 45047115087.1 1.68264472278e+29 5.80234705163e+14
8 45058140087.1 1.68106473071e+29 5.79999385388e+14
8 45069165087.1 1.67948258725e+29 5.79764065612e+14
8 45080190087.1 1.67789829153e+29 5.79528745837e+14
8 45091215087.1 1.67631184269e+29 5.79293426061e+14
8 45102240087.1 1.67472323986e+29 5.79058106286e+14
8 45113265087.1 1.67313248217e+29 5.78822786511e+14
8 45124290087.1 1.67153956878e+29 5.78587466735e+14
8 45135315087.1 1.66994449881e+29 5.7835214696e+14
8 45146340087.1 1.6683472714e+29 5.78116827184e+14
8 45157365087.1 1.66674788568e+29 5.77881507409e+14
8 45168390087.1 1.6651463408e+29 5.77646187633e+14
8 45179415087.1 1.66354263588e+29 5.77410867858e+14
8 45190440087.1 1.66193677007e+29 5.77175548083e+14
8 45201465087.1 1.66034177246e+29 5.76940228307e+14
8 45212490087.1 1.65879658877e+29 5.76704926272e+14
8 45223515087.1 1.65728137762e+29 5.76469625956e+14
8 45234540087.1 1.65576427582e+29 5.76234325639e+14
8 45245565087.1 1.65424510374e+29 5.75999025323e+14
8 45256590087.1 1.65272386054e+29 5.75763725006e+14
8 45267615087.1 1.6512005454e+29 5.7552842469e+14
8 45278640087.1 1.64967515748e+29 5.75293124373e+14
8 45289665087.1 1.64814769595e+29 5.75057824057e+14
8 45300690087.1 1.64661816e+29 5.7482252374e+14
8 45311715087.1 1.64508654879e+29 5.74587223424e+14
8 45322740087.1 1.64355286148e+29 5.74351923107e+14
8 45333765087.1 1.64201709726e+29 5.74116622791e+14
8 45344790087.1 1.64047925529e+29 5.73881322474e+14
8 45355815087.1 1.63893933474e+29 5.73646022158e+14
8 45366840087.1 1.63739733479e+29 5.73410721841e+14
8 45377865087.1 1.63585325461e+29 5.73175421525e+14
8 45388890087.1 1.63430709336e+29 5.72940121208e+14
8 45399915087.1 1.63275885022e+29 5.72704820892e+14
8 45410940087.1 1.63120852436e+29 5.72469520575e+14
8 45421965087.1 1.62965611496e+29 5.72234220259e+14
8 45432990087.1 1.62810162117e+29 5.71998919942e+14
8 45444015087.1 1.62654504218e+29 5.71763619626e+14
8 45455040087.1 1.62498637715e+29 5.71528319309e+14
8 45466065087.1 1.62342562526e+29 5.71293018992e+14
8 45477090087.1 1.62186278567e+29 5.71057718676e+14
8 45488115087.1 1.62030761628e+29 5.70822418359e+14
8 45499140087.1 1.61879923818e+29 5.7058698285e+14
8 45510165087.1 1.61732359431e+29 5.70351519358e+14
8 45521190087.1 1.61584676091e+29 5.70116055865e+14
8 45532215087.1 1.61436792705e+29 5.69880592373e+14
8 45543240087.1 1.61288709193e+29 5.69645128881e+14
8 45554265087.1 1.61140425476e+29 5.69409665388e+14
8 45565290087.1 1.60991941474e+29 5.69174201896e+14
8 45576315087.1 1.60843257107e+29 5.68938738404e+14
8 45587340087.1 1.60694372297e+29 5.68703274912e+14
8 45598365087.1 1.60545286963e+29 5.68467811419e+14
8 45609390087.1 1.60396001026e+29 5.68232347927e+14
8 45620415087.1 1.60246514406e+29 5.67996884435e+14
8 45631440087.1 1.60096827024e+29 5.67761420942e+14
8 45642465087.1 1.59946938801e+29 5.6752595745e+14
8 45653490087.1 1.59796849655e+29 5.67290493958e+14
8 45664515087.1 1.59646559509e+29 5.67055030466e+14
8 45675540087.1 1.59496068283e+29 5.66819566973e+14
8 45686565087.1 1.59345375896e+29 5.66584103481e+14
8 45697590087.1 1.5919448227e+29 5.66348639989e+14
8 45708615087.1 1.59043387324e+29 5.66113176496e+14
8 45719640087.1 1.5889209098e+29 5.65877713004e+14
8 45730665087.1 1.58740593157e+29 5.65642249512e+14
8 45741690087.1 1.58588893777e+29 5.65406786019e+14
8 45752715087.1 1.58436992759e+29 5.65171322527e+14
8 45763740087.1 1.58284890024e+29 5.64935859035e+14
8 45774765087.1 1.58133556174e+29 5.64700395543e+14
8 45785790087.1 1.57986770435e+29 5.644645762e+14
8 45796815087.1 1.57843126435e+29 5.64228687178e+14
8 45807840087.1 1.57699360345e+29 5.63992798156e+14
8 45818865087.1 1.57555400938e+29 5.63756909135e+14
8 45829890087.1 1.57411248139e+29 5.63521020113e+14
8 45840915087.1 1.57266901872e+29 5.63285131091e+14
8 45851940087.1 1.5712236206e+29 5.6304924207e+14
8 45862965087.1 1.56977628627e+29 5.62813353048e+14
8 45873990087.1 1.56832701497e+29 5.62577464026e+14
8 45885015087.1 1.56687580592e+29 5.62341575004e+14
8 45896040087.1 1.56542265837e+29 5.62105685983e+14
8 45907065087.1 1.56396757155e+29 5.61869796961e+14
8 45918090087.1 1.56251054471e+29 5.61633907939e+14
8 45929115087.1 1.56105157706e+29 5.61398018918e+14
8 45940140087.1 1.55959066786e+29 5.61162129896e+14
8 45951165087.1 1.55812781633e+29 5.60926240874e+14
8 45962190087.1 1.55666302172e+29 5.60690351852e+14
8 45973215087.1 1.55519628325e+29 5.60454462831e+14
8 45984240087.1 1.55372760017e+29 5.60218573809e+14
8 45995265087.1 1.55225697172e+29 5.59982684787e+14
8 46006290087.1 1.55078439712e+29 5.59746795766e+14
8 46017315087.1 1.54930987561e+29 5.59510906744e+14
8 46028340087.1 1.54783340643e+29 5.59275017722e+14
8 46039365087.1 1.54635498882e+29 5.590391287e+14
8 46050390087.1 1.54487462201e+29 5.58803239679e+14
8 46061415087.1 1.54340517622e+29 5.58567350657e+14
8 46072440087.1 1.54198150506e+29 5.58330764129e+14
8 46083465087.1 1.54058362568e+29 5.58094133957e+14
8 46094490087.1 1.53918398704e+29 5.57857503785e+14
8 46105515087.1 1.53778248004e+29 5.57620873614e+14
8 46116540087.1 1.53637910395e+29 5.57384243442e+14
8 46127565087.1 1.53497385803e+29 5.5714761327e+14
8 46138590087.1 1.53356674155e+29 5.56910983099e+14
8 46149615087.1 1.53215775378e+29 5.56674352927e+14
8 46160640087.1 1.53074689398e+29 5.56437722755e+14
8 46171665087.1 1.52933416143e+29 5.56201092584e+14
8 46182690087.1 1.52791955538e+29 5.55964462412e+14
8 46194940087.1 1.71713869548e+29 5.55701539999e+14
8 46207190087.1 1.71536536068e+29 5.55438617586e+14
8 46219440087.1 1.71358942053e+29 5.55175695173e+14
8 46231690087.1 1.71181087389e+29 5.5491277276e+14
8 46243940087.1 1.71002971963e+29 5.54649850347e+14
8 46256190087.1 1.70824595661e+29 5.54386927934e+14
8 46268440087.1 1.70645958371e+29 5.54124005521e+14
8 46280690087.1 1.70467059979e+29 5.53861083108e+14
8 46292940087.1 1.70287900373e+29 5.53598160695e+14
8 46305190087.1 1.70108479438e+29 5.53335238282e+14
8 46317440087.1 1.69928797062e+29 5.53072315869e+14
8 46329690087.1 1.69748853131e+29 5.52809393457e+14
8 46341940087.1 1.695692115e+29 5.52546471044e+14
8 46354190087.1 1.69394296608e+29 5.52282839031e+14
8 46366440087.1 1.69223868228e+29 5.52018798281e+14
8 46378690087.1 1.69053589019e+29 5.51754757531e+14
8 46390940087.1 1.68883059003e+29 5.5149071678e+14
8 46403190087.1 1.6871227807e+29 5.5122667603e+14
8 46415440087.1 1.68541246111e+29 5.50962635279e+14
8 46427690087.1 1.68369963018e+29 5.50698594529e+14
8 46439940087.1 1.68198428682e+29 5.50434553779e+14
8 46452190087.1 1.68026642994e+29 5.50170513028e+14
8 46464440087.1 1.67854605846e+29 5.49906472278e+14
8 46476690087.1 1.67682317129e+29 5.49642431527e+14
8 46488940087.1 1.67509776734e+29 5.49378390777e+14
8 46501190087.1 1.67336984553e+29 5.49114350027e+14
8 46513440087.1 1.67163940477e+29 5.48850309276e+14
8 46525690087.1 1.66990644396e+29 5.48586268526e+14
8 46537940087.1 1.66817096203e+29 5.48322227775e+14
8 46550190087.1 1.66643295788e+29 5.48058187025e+14
8 46562440087.1 1.66469243044e+29 5.47794146275e+14
8 46574690087.1 1.6629493786e+29 5.47530105524e+14
8 46586940087.1 1.66120380129e+29 5.47266064774e+14
8 46599190087.1 1.65945569742e+29 5.47002024023e+14
8 46611440087.1 1.65770506589e+29 5.46737983273e+14
8 46623690087.1 1.6559548416e+29 5.46473942522e+14
8 46635940087.1 1.65424639154e+29 5.4620920104e+14
8 46648190087.1 1.65258521997e+29 5.45943815405e+14
8 46660440087.1 1.65092819273e+29 5.4567842977e+14
8 46672690087.1 1.64926874128e+29 5.45413044136e+14
8 46684940087.1 1.64760686459e+29 5.45147658501e+14
8 46697190087.1 1.64594256161e+29 5.44882272866e+14
8 46709440087.1 1.64427583129e+29 5.44616887231e+14
8 46721690087.1 1.64260667259e+29 5.44351501596e+14
8 46733940087.1 1.64093508447e+29 5.44086115962e+14
8 46746190087.1 1.63926106588e+29 5.43820730327e+14
8 46758440087.1 1.63758461577e+29 5.43555344692e+14
8 46770690087.1 1.63590573311e+29 5.43289959057e+14
8 46782940087.1 1.63422441685e+29 5.43024573422e+14
8 46795190087.1 1.63254066594e+29 5.42759187788e+14
8 46807440087.1 1.63085447934e+29 5.42493802153e+14
8 46819690087.1 1.629165856e+29 5.42228416518e+14
8 46831940087.1 1.62747479489e+29 5.41963030883e+14
8 46844190087.1 1.62578129495e+29 5.41697645248e+14
8 46856440087.1 1.62408535515e+29 5.41432259614e+14
8 46868690087.1 1.62238697443e+29 5.41166873979e+14
8 46880940087.1 1.62068615176e+29 5.40901488344e+14
8 46893190087.1 1.61898288609e+29 5.40636102709e+14
8 46905440087.1 1.61727985001e+29 5.40370717074e+14
8 46917690087.1 1.61561701566e+29 5.40104523965e+14
8 46929940087.1 1.61400028168e+29 5.39837563106e+14
8 46942190087.1 1.61238777488e+29 5.39570602247e+14
8 46954440087.1 1.61077292476e+29 5.39303641388e+14
8 46966690087.1 1.60915573033e+29 5.3903668053e+14
8 46978940087.1 1.60753619057e+29 5.38769719671e+14
8 46991190087.1 1.60591430449e+29 5.38502758812e+14
8 47003440087.1 1.60429007108e+29 5.38235797953e+14
8 47015690087.1 1.60266348934e+29 5.37968837094e+14
8 47027940087.1 1.60103455827e+29 5.37701876235e+14
8 47040190087.1 1.59940327686e+29 5.37434915376e+14
8 47052440087.1 1.5977696441e+29 5.37167954517e+14
8 47064690087.1 1.59613365901e+29 5.36900993658e+14
8 47076940087.1 1.59449532056e+29 5.366340328e+14
8 47089190087.1 1.59285462777e+29 5.36367071941e+14
8 47101440087.1 1.59121157962e+29 5.36100111082e+14
8 47113690087.1 1.58956617512e+29 5.35833150223e+14
8 47125940087.1 1.58791841325e+29 5.35566189364e+14
8 47138190087.1 1.58626829302e+29 5.35299228505e+14
8 47150440087.1 1.58461581343e+29 5.35032267646e+14
8 47162690087.1 1.58296097346e+29 5.34765306787e+14
8 47174940087.1 1.58130377212e+29 5.34498345929e+14
8 47187190087.1 1.57964890072e+29 5.3423138507e+14
8 47199440087.1 1.57803653746e+29 5.33963247167e+14
8 47211690087.1 1.57646572915e+29 5.33694373867e+14
8 47223940087.1 1.57489667821e+29 5.33425500567e+14
8 47236190087.1 1.57332536212e+29 5.33156627268e+14
8 47248440087.1 1.57175177991e+29 5.32887753968e+14
8 47260690087.1 1.57017593062e+29 5.32618880668e+14
8 47272940087.1 1.56859781328e+29 5.32350007368e+14
8 47285190087.1 1.56701742692e+29 5.32081134068e+14
8 47297440087.1 1.56543477059e+29 5.31812260768e+14
8 47309690087.1 1.56384984332e+29 5.31543387469e+14
8 47321940087.1 1.56226264414e+29 5.31274514169e+14
8 47334190087.1 1.5606731721e+29 5.31005640869e+14
8 47346440087.1 1.55908142622e+29 5.30736767569e+14
8 47358690087.1 1.55748740555e+29 5.30467894269e+14
8 47370940087.1 1.55589110912e+29 5.30199020969e+14
8 47383190087.1 1.55429253597e+29 5.29930147669e+14
8 47395440087.1 1.55269168513e+29 5.2966127437e+14
8 47407690087.1 1.55108855563e+29 5.2939240107e+14
8 47419940087.1 1.54948314653e+29 5.2912352777e+14
8 47432190087.1 1.54787545684e+29 5.2885465447e+14
8 47444440087.1 1.54626548561e+29 5.2858578117e+14
8 47456690087.1 1.54465323188e+29 5.2831690787e+14
8 47468940087.1 1.54304935502e+29 5.28048034571e+14
8 47481190087.1 1.54149226159e+29 5.27777212058e+14
8 47493440087.1 1.53996711444e+29 5.27506007388e+14
8 47505690087.1 1.53844051346e+29 5.27234802718e+14
8 47517940087.1 1.53691172287e+29 5.26963598048e+14
8 47530190087.1 1.53538074175e+29 5.26692393378e+14
8 47542440087.1 1.53384756917e+29 5.26421188708e+14
8 47554690087.1 1.53231220422e+29 5.26149984038e+14
8 47566940087.1 1.53077464596e+29 5.25878779368e+14
8 47579190087.1 1.52923489347e+29 5.25607574698e+14
8 47591440087.1 1.52769294581e+29 5.25336370028e+14
8 47604915087.1 1.69554910812e+29 5.25038044891e+14
8 47618390087.1 1.69365873316e+29 5.24739719754e+14
8 47631865087.1 1.69176540296e+29 5.24441394617e+14
8 47645340087.1 1.68986911612e+29 5.2414306948e+14
8 47658815087.1 1.6879698713e+29 5.23844744343e+14
8 47672290087.1 1.68606766711e+29 5.23546419206e+14
8 47685765087.1 1.6841625022e+29 5.23248094069e+14
8 47699240087.1 1.68225437518e+29 5.22949768932e+14
8 47712715087.1 1.68034328469e+29 5.22651443795e+14
8 47726190087.1 1.67842922935e+29 5.22353118658e+14
8 47739665087.1 1.67651306869e+29 5.22054793522e+14
8 47753140087.1 1.67463410415e+29 5.21755408436e+14
8 47766615087.1 1.67281039667e+29 5.21454024481e+14
8 47780090087.1 1.67099700151e+29 5.21152640527e+14
8 47793565087.1 1.66918076157e+29 5.20851256572e+14
8 47807040087.1 1.66736167552e+29 5.20549872617e+14
8 47820515087.1 1.66553974205e+29 5.20248488663e+14
8 47833990087.1 1.66371495985e+29 5.19947104708e+14
8 47847465087.1 1.66188732759e+29 5.19645720753e+14
8 47860940087.1 1.66005684397e+29 5.19344336799e+14
8 47874415087.1 1.65822350767e+29 5.19042952844e+14
8 47887890087.1 1.65638731736e+29 5.18741568889e+14
8 47901365087.1 1.65454827174e+29 5.18440184934e+14
8 47914840087.1 1.65270636949e+29 5.1813880098e+14
8 47928315087.1 1.65086160929e+29 5.17837417025e+14
8 47941790087.1 1.64901398983e+29 5.1753603307e+14
8 47955265087.1 1.64716350979e+29 5.17234649116e+14
8 47968740087.1 1.64531016786e+29 5.16933265161e+14
8 47982215087.1 1.64345396272e+29 5.16631881206e+14
8 47995690087.1 1.64159489305e+29 5.16330497251e+14
8 48009165087.1 1.63973295753e+29 5.16029113297e+14
8 48022640087.1 1.63788242968e+29 5.15727729342e+14
8 48036115087.1 1.63608617676e+29 5.15423245045e+14
8 48049590087.1 1.63432444387e+29 5.15118300245e+14
8 48063065087.1 1.63256047735e+29 5.14813355444e+14
8 48076540087.1 1.63079376106e+29 5.14508410644e+14
8 48090015087.1 1.62902429376e+29 5.14203465844e+14
8 48103490087.1 1.62725207416e+29 5.13898521044e+14
8 48116965087.1 1.62547710102e+29 5.13593576243e+14
8 48130440087.1 1.62369937307e+29 5.13288631443e+14
8 48143915087.1 1.62191888904e+29 5.12983686643e+14
8 48157390087.1 1.62013564766e+29 5.12678741843e+14
8 48170865087.1 1.61834964768e+29 5.12373797042e+14
8 48184340087.1 1.61656088783e+29 5.12068852242e+14
8 48197815087.1 1.61476936684e+29 5.11763907442e+14
8 48211290087.1 1.61297508345e+29 5.11458962642e+14
8 48224765087.1 1.61117803639e+29 5.11154017841e+14
8 48238240087.1 1.60937822441e+29 5.10849073041e+14
8 48251715087.1 1.60757564623e+29 5.10544128241e+14
8 48265190087.1 1.6057703006e+29 5.10239183441e+14
8 48278665087.1 1.60396218624e+29 5.0993423864e+14
8 48292140087.1 1.60215468688e+29 5.0962929384e+14
8 48305615087.1 1.60039002741e+29 5.09322209226e+14
8 48319090087.1 1.59867320575e+29 5.0901315704e+14
8 48332565087.1 1.59696041718e+29 5.08704104855e+14
8 48346040087.1 1.59524497218e+29 5.08395052669e+14
8 48359515087.1 1.59352686954e+29 5.08086000483e+14
8 48372990087.1 1.59180610805e+29 5.07776948298e+14
8 48386465087.1 1.59008268649e+29 5.07467896112e+14
8 48399940087.1 1.58835660365e+29 5.07158843926e+14
8 48413415087.1 1.58662785831e+29 5.06849791741e+14
8 48426890087.1 1.58489644926e+29 5.06540739555e+14
8 48440365087.1 1.58316237528e+29 5.0623168737e+14
8 48453840087.1 1.58142563516e+29 5.05922635184e+14
8 48467315087.1 1.57968622768e+29 5.05613582998e+14
8 48480790087.1 1.57794415163e+29 5.05304530813e+14
8 48494265087.1 1.57619940579e+29 5.04995478627e+14
8 48507740087.1 1.57445198896e+29 5.04686426441e+14
8 48521215087.1 1.5727018999e+29 5.04377374256e+14
8 48534690087.1 1.57094913742e+29 5.0406832207e+14
8 48548165087.1 1.56919370029e+29 5.03759269884e+14
8 48561640087.1 1.5674360165e+29 5.03450217699e+14
8 48575115087.1 1.56571071469e+29 5.03139717543e+14
8 48588590087.1 1.56403706868e+29 5.02825906737e+14
8 48602065087.1 1.56237466319e+29 5.0251209593e+14
8 48615540087.1 1.56070969199e+29 5.02198285124e+14
8 48629015087.1 1.55904215392e+29 5.01884474318e+14
8 48642490087.1 1.5573720478e+29 5.01570663512e+14
8 48655965087.1 1.55569937248e+29 5.01256852705e+14
8 48669440087.1 1.55402412678e+29 5.00943041899e+14
8 48682915087.1 1.55234630954e+29 5.00629231093e+14
8 48696390087.1 1.55066591959e+29 5.00315420287e+14
8 48709865087.1 1.54898295576e+29 5.00001609481e+14
8 48723340087.1 1.54729741689e+29 4.99687798674e+14
8 48736815087.1 1.54560930181e+29 4.99373987868e+14
8 48750290087.1 1.54391860936e+29 4.99060177062e+14
8 48763765087.1 1.54222533836e+29 4.98746366256e+14
8 48777240087.1 1.54052948765e+29 4.98432555449e+14
8 48790715087.1 1.53883105606e+29 4.98118744643e+14
8 48804190087.1 1.53713004242e+29 4.97804933837e+14
8 48817665087.1 1.53542644558e+29 4.97491123031e+14
8 48831140087.1 1.53372034207e+29 4.97177312224e+14
8 48844615087.1 1.53204201054e+29 4.96862237837e+14
8 48858090087.1 1.53041540553e+29 4.96542881308e+14
8 48871565087.1 1.52880294887e+29 4.9622352478e+14
8 48885040087.1 1.52718801505e+29 4.95904168251e+14
8 48899740087.1 1.67796570793e+29 4.95555779311e+14
8 48914440087.1 1.67602143226e+29 4.95207390371e+14
8 48929140087.1 1.67407390912e+29 4.94859001431e+14
8 48943840087.1 1.67212313688e+29 4.94510612491e+14
8 48958540087.1 1.67016911395e+29 4.94162223551e+14
8 48973240087.1 1.66821183874e+29 4.93813834611e+14
8 48987940087.1 1.66625130963e+29 4.93465445671e+14
8 49002640087.1 1.66428752504e+29 4.9311705673e+14
8 49017340087.1 1.66232048335e+29 4.9276866779e+14
8 49032040087.1 1.66035018297e+29 4.9242027885e+14
8 49046740087.1 1.6583766223e+29 4.9207188991e+14
8 49061440087.1 1.65639979974e+29 4.9172350097e+14
8 49076140087.1 1.65441971369e+29 4.9137511203e+14
8 49090840087.1 1.65243636254e+29 4.9102672309e+14
8 49105540087.1 1.65035066843e+29 4.9067833415e+14
8 49120240087.1 1.64762425345e+29 4.90200225364e+14
8 49134940087.1 1.64434659768e+29 4.89664116296e+14
8 49149640087.1 1.64102952611e+29 4.89128007228e+14
8 49164340087.1 1.63770760237e+29 4.8859189816e+14
8 49179040087.1 1.63438082413e+29 4.88055789092e+14
8 49193740087.1 1.6310491891e+29 4.87519680023e+14
8 49208440087.1 1.62771269496e+29 4.86983570955e+14
8 49223140087.1 1.62437133941e+29 4.86447461887e+14
8 49237840087.1 1.62110645866e+29 4.85911352819e+14
8 49252540087.1 1.61853330749e+29 4.85483637395e+14
8 49267240087.1 1.61662605719e+29 4.85124878932e+14
8 49281940087.1 1.6147779509e+29 4.84766120469e+14
8 49296640087.1 1.61292677561e+29 4.84407362007e+14
8 49311340087.1 1.61107252982e+29 4.84048603544e+14
8 49326040087.1 1.60921521202e+29 4.83689845081e+14
8 49340740087.1 1.60735482072e+29 4.83331086619e+14
8 49355440087.1 1.60549135441e+29 4.82972328156e+14
8 49370140087.1 1.60365775271e+29 4.82613569693e+14
8 49384840087.1 1.60215881087e+29 4.8230473261e+14
8 49399540087.1 1.60100229736e+29 4.82033851286e+14
8 49414240087.1 1.59988175339e+29 4.81762969963e+14
8 49428940087.1 1.59875902516e+29 4.81492088639e+14
8 49443640087.1 1.59763411155e+29 4.81221207316e+14
8 49458340087.1 1.59650701148e+29 4.80950325993e+14
8 49473040087.1 1.59537772383e+29 4.80679444669e+14
8 49487740087.1 1.59424624752e+29 4.80408563346e+14
8 49502440087.1 1.59311258143e+29 4.80137682022e+14
8 49517140087.1 1.59197672447e+29 4.79866800699e+14
8 49531840087.1 1.59083867553e+29 4.79595919376e+14
8 49546540087.1 1.58969843352e+29 4.79325038052e+14
8 49561240087.1 1.58855599733e+29 4.79054156729e+14
8 49575940087.1 1.58741136587e+29 4.78783275406e+14
8 49590640087.1 1.58626453802e+29 4.78512394082e+14
8 49605340087.1 1.5851155127e+29 4.78241512759e+14
8 49620040087.1 1.58396428879e+29 4.77970631435e+14
8 49634740087.1 1.58278158497e+29 4.77699750112e+14
8 49649440087.1 1.58132682605e+29 4.77367743393e+14
8 49664140087.1 1.57960378966e+29 4.76994014901e+14
8 49678840087.1 1.5778515328e+29 4.76620286409e+14
8 49693540087.1 1.57609637124e+29 4.76246557917e+14
8 49708240087.1 1.57433830358e+29 4.75872829425e+14
8 49722940087.1 1.57257732839e+29 4.75499100933e+14
8 49737640087.1 1.57081344426e+29 4.75125372441e+14
8 49752340087.1 1.56904664978e+29 4.74751643949e+14
8 49767040087.1 1.56727694355e+29 4.74377915457e+14
8 49781740087.1 1.56550432414e+29 4.74004186964e+14
8 49796440087.1 1.56372879016e+29 4.73630458472e+14
8 49811140087.1 1.56195034017e+29 4.7325672998e+14
8 49825840087.1 1.56016897278e+29 4.72883001488e+14
8 49840540087.1 1.55838468657e+29 4.72509272996e+14
8 49855240087.1 1.55659748013e+29 4.72135544504e+14
8 49869940087.1 1.55480735204e+29 4.71761816012e+14
8 49884640087.1 1.5530143009e+29 4.7138808752e+14
8 49899340087.1 1.55123037044e+29 4.71014359028e+14
8 49914040087.1 1.54950268551e+29 4.70631534922e+14
8 49928740087.1 1.54781661523e+29 4.70246153053e+14
8 49943440087.1 1.54612929786e+29 4.69860771183e+14
8 49958140087.1 1.54443918856e+29 4.69475389314e+14
8 49972840087.1 1.54274628598e+29 4.69090007444e+14
8 49987540087.1 1.54105058877e+29 4.68704625575e+14
8 50002240087.1 1.53935209558e+29 4.68319243705e+14
8 50016940087.1 1.53765080506e+29 4.67933861836e+14
8 50031640087.1 1.53594671586e+29 4.67548479966e+14
8 50046340087.1 1.53423982662e+29 4.67163098097e+14
8 50061040087.1 1.53253013599e+29 4.66777716227e+14
8 50075740087.1 1.53081764263e+29 4.66392334358e+14
8 50090440087.1 1.52910234519e+29 4.66006952488e+14
8 50105140087.1 1.5273842423e+29 4.65621570619e+14
8 50121065087.1 1.66420333308e+29 4.65204073593e+14
8 50136990087.1 1.66216579703e+29 4.64786576568e+14
8 50152915087.1 1.66012764851e+29 4.64369079543e+14
8 50168840087.1 1.65814193717e+29 4.63945119296e+14
8 50184765087.1 1.65622133409e+29 4.63512713439e+14
8 50200690087.1 1.65430945071e+29 4.63080307581e+14
8 50216615087.1 1.65239414018e+29 4.62647901723e+14
8 50232540087.1 1.65047540071e+29 4.62215495865e+14
8 50248465087.1 1.64855323051e+29 4.61783090007e+14
8 50264390087.1 1.6466276278e+29 4.61350684149e+14
8 50280315087.1 1.64469859077e+29 4.60918278291e+14
8 50296240087.1 1.64276611765e+29 4.60485872434e+14
8 50312165087.1 1.64083020665e+29 4.60053466576e+14
8 50328090087.1 1.63889085597e+29 4.59621060718e+14
8 50344015087.1 1.63694806382e+29 4.5918865486e+14
8 50359940087.1 1.63500182842e+29 4.58756249002e+14
8 50375865087.1 1.63305214798e+29 4.58323843144e+14
8 50391790087.1 1.6310990207e+29 4.57891437287e+14
8 50407715087.1 1.62914343456e+29 4.57459031429e+14
8 50423640087.1 1.62723434535e+29 4.5702107484e+14
8 50439565087.1 1.62539557926e+29 4.56570938549e+14
8 50455490087.1 1.62357172375e+29 4.56120802259e+14
8 50471415087.1 1.62174459302e+29 4.55670665969e+14
8 50487340087.1 1.61991418537e+29 4.55220529679e+14
8 50503265087.1 1.6180804991e+29 4.54770393389e+14
8 50519190087.1 1.6162435325e+29 4.54320257099e+14
8 50535115087.1 1.61440328386e+29 4.53870120809e+14
8 50551040087.1 1.61255975149e+29 4.53419984518e+14
8 50566965087.1 1.61071293368e+29 4.52969848228e+14
8 50582890087.1 1.60886282873e+29 4.52519711938e+14
8 50598815087.1 1.60700943493e+29 4.52069575648e+14
8 50614740087.1 1.60515275058e+29 4.51619439358e+14
8 50630665087.1 1.60329277397e+29 4.51169303068e+14
8 50646590087.1 1.6014295034e+29 4.50719166778e+14
8 50662515087.1 1.59956479153e+29 4.50269030488e+14
8 50678440087.1 1.59775258911e+29 4.49810968515e+14
8 50694365087.1 1.59601199921e+29 4.49339428427e+14
8 50710290087.1 1.59428424693e+29 4.4886788834e+14
8 50726215087.1 1.59255337891e+29 4.48396348252e+14
8 50742140087.1 1.59081939351e+29 4.47924808165e+14
8 50758065087.1 1.58908228912e+29 4.47453268077e+14
8 50773990087.1 1.58734206414e+29 4.4698172799e+14
8 50789915087.1 1.58559871694e+29 4.46510187902e+14
8 50805840087.1 1.58385224591e+29 4.46038647815e+14
8 50821765087.1 1.58210264942e+29 4.45567107728e+14
8 50837690087.1 1.58034992588e+29 4.4509556764e+14
8 50853615087.1 1.57859407365e+29 4.44624027553e+14
8 50869540087.1 1.57683509113e+29 4.44152487465e+14
8 50885465087.1 1.57507297669e+29 4.43680947378e+14
8 50901390087.1 1.57330772873e+29 4.4320940729e+14
8 50917315087.1 1.57154542351e+29 4.42737867203e+14
8 50933240087.1 1.56982824543e+29 4.42259689768e+14
8 50949165087.1 1.56815374205e+29 4.41777409661e+14
8 50965090087.1 1.56648029357e+29 4.41295129554e+14
8 50981015087.1 1.56480383384e+29 4.40812849446e+14
8 50996940087.1 1.56312436129e+29 4.40330569339e+14
8 51012865087.1 1.56144187439e+29 4.39848289232e+14
8 51028790087.1 1.55975637156e+29 4.39366009124e+14
8 51044715087.1 1.55806785126e+29 4.38883729017e+14
8 51060640087.1 1.55637631194e+29 4.3840144891e+14
8 51076565087.1 1.55468175203e+29 4.37919168802e+14
8 51092490087.1 1.55298416999e+29 4.37436888695e+14
8 51108415087.1 1.55128356425e+29 4.36954608588e+14
8 51124340087.1 1.54957993326e+29 4.3647232848e+14
8 51140265087.1 1.54787327548e+29 4.35990048373e+14
8 51156190087.1 1.54616358933e+29 4.35507768266e+14
8 51172115087.1 1.54446167853e+29 4.35025744026e+14
8 51188040087.1 1.54278274241e+29 4.34547561894e+14
8 51203965087.1 1.54111232944e+29 4.34069379762e+14
8 51219890087.1 1.53943894206e+29 4.3359119763e+14
8 51235815087.1 1.53776257872e+29 4.33113015498e+14
8 51251740087.1 1.53608323791e+29 4.32634833366e+14
8 51267665087.1 1.5344009181e+29 4.32156651234e+14
8 51283590087.1 1.53271561776e+29 4.31678469102e+14
8 51299515087.1 1.53102733537e+29 4.3120028697e+14
8 51315440087.1 1.52933606939e+29 4.30722104838e+14
8 51331365087.1 1.52764181831e+29 4.30243922706e+14
8 51348515087.1 1.65296497861e+29 4.29728957333e+14
8 51365665087.1 1.65098097933e+29 4.2921399196e+14
8 51382815087.1 1.64899322347e+29 4.28699026587e+14
8 51399965087.1 1.64700170898e+29 4.28184061214e+14
8 51417115087.1 1.64501944801e+29 4.27669446864e+14
8 51434265087.1 1.64306300899e+29 4.27158881732e+14
8 51451415087.1 1.64111542251e+29 4.266483166e+14
8 51468565087.1 1.63916414273e+29 4.26137751467e+14
8 51485715087.1 1.63720916761e+29 4.25627186335e+14
8 51502865087.1 1.63525049513e+29 4.25116621203e+14
8 51520015087.1 1.63328812326e+29 4.24606056071e+14
8 51537165087.1 1.63132204998e+29 4.24095490939e+14
8 51554315087.1 1.62935227324e+29 4.23584925806e+14
8 51571465087.1 1.62737879103e+29 4.23074360674e+14
8 51588615087.1 1.62540160131e+29 4.22563795542e+14
8 51605765087.1 1.62342070206e+29 4.2205323041e+14
8 51622915087.1 1.62143609124e+29 4.21542665278e+14
8 51640065087.1 1.61944776683e+29 4.21032100145e+14
8 51657215087.1 1.61746612396e+29 4.20521535013e+14
8 51674365087.1 1.61550914243e+29 4.20015449478e+14
8 51691515087.1 1.61356299965e+29 4.19509389844e+14
8 51708665087.1 1.61161320984e+29 4.19003330209e+14
8 51725815087.1 1.6096597671e+29 4.18497270574e+14
8 51742965087.1 1.60770266943e+29 4.1799121094e+14
8 51760115087.1 1.60574191484e+29 4.17485151305e+14
8 51777265087.1 1.60377750132e+29 4.16979091671e+14
8 51794415087.1 1.6018094269e+29 4.16473032036e+14
8 51811565087.1 1.59983768957e+29 4.15966972402e+14
8 51828715087.1 1.59786228735e+29 4.15460912767e+14
8 51845865087.1 1.59588321823e+29 4.14954853133e+14
8 51863015087.1 1.59390048023e+29 4.14448793498e+14
8 51880165087.1 1.59191407134e+29 4.13942733864e+14
8 51897315087.1 1.5899363193e+29 4.13437054486e+14
8 51914465087.1 1.58798259056e+29 4.12935473328e+14
8 51931615087.1 1.58603687737e+29 4.1243389217e+14
8 51948765087.1 1.58408755363e+29 4.11932311012e+14
8 51965915087.1 1.58213461738e+29 4.11430729854e+14
8 51983065087.1 1.58017806665e+29 4.10929148696e+14
8 52000215087.1 1.57821789948e+29 4.10427567538e+14
8 52017365087.1 1.57625411392e+29 4.0992598638e+14
8 52034515087.1 1.57428670801e+29 4.09424405222e+14
8 52051665087.1 1.57231567978e+29 4.08922824064e+14
8 52068815087.1 1.57034102727e+29 4.08421242906e+14
8 52085965087.1 1.56836274853e+29 4.07919661748e+14
8 52103115087.1 1.56638084159e+29 4.0741808059e+14
