## fname ../out/raw_MESA_output/profile_agb_timmes.data  masscut 0.95    N 8   mp 1e-07 mp_solar 1.988e+26   RKstep 2.359e+08    outer_step 2.359e+08
8 6.75462821841e+12 1.93755332858e+29
8 6.75510009078e+12 1.93702035161e+29
8 6.75557196315e+12 1.93648716897e+29
8 6.75604383551e+12 1.93595378064e+29
8 6.75651570788e+12 1.9354201866e+29
8 6.75698758025e+12 1.93488638682e+29
8 6.75745945262e+12 1.93435238128e+29
8 6.75793132498e+12 1.93381816995e+29
8 6.75840319735e+12 1.93328375281e+29
8 6.75887506972e+12 1.93274912985e+29
8 6.75934694208e+12 1.93221430102e+29
8 6.75981881445e+12 1.93167926632e+29
8 6.76029068682e+12 1.93114402571e+29
8 6.76076255918e+12 1.93060857918e+29
8 6.76123443155e+12 1.93007297419e+29
8 6.76170630392e+12 1.92953902218e+29
8 6.76217817629e+12 1.92900687099e+29
8 6.76265004865e+12 1.92847461147e+29
8 6.76312192102e+12 1.92794214703e+29
8 6.76359379339e+12 1.92740947764e+29
8 6.76406566575e+12 1.92687660328e+29
8 6.76453753812e+12 1.92634352392e+29
8 6.76500941049e+12 1.92581023955e+29
8 6.76548128285e+12 1.92527675013e+29
8 6.76595315522e+12 1.92474305565e+29
8 6.76642502759e+12 1.92420915608e+29
8 6.76689689996e+12 1.9236750514e+29
8 6.76736877232e+12 1.92314074158e+29
8 6.76784064469e+12 1.9226062266e+29
8 6.76831251706e+12 1.92207150644e+29
8 6.76878438942e+12 1.92153489427e+29
8 6.76925626179e+12 1.92099390896e+29
8 6.76972813416e+12 1.92045178531e+29
8 6.77020000652e+12 1.9199094545e+29
8 6.77067187889e+12 1.9193669165e+29
8 6.77114375126e+12 1.91882417128e+29
8 6.77161562362e+12 1.91828121882e+29
8 6.77208749599e+12 1.9177380591e+29
8 6.77255936836e+12 1.91719469209e+29
8 6.77303124073e+12 1.91665111777e+29
8 6.77350311309e+12 1.91610733612e+29
8 6.77397498546e+12 1.91556334711e+29
8 6.77444685783e+12 1.91501915072e+29
8 6.77491873019e+12 1.91447474692e+29
8 6.77539060256e+12 1.9139301357e+29
8 6.77586247493e+12 1.91338881286e+29
8 6.77633434729e+12 1.9128562505e+29
8 6.77680621966e+12 1.91232555296e+29
8 6.77727809203e+12 1.91179465196e+29
8 6.7777499644e+12 1.91126354745e+29
8 6.77822183676e+12 1.91073223943e+29
8 6.77869370913e+12 1.91020072786e+29
8 6.7791655815e+12 1.90966901272e+29
8 6.77963745386e+12 1.90913709399e+29
8 6.78010932623e+12 1.90860497165e+29
8 6.7805811986e+12 1.90807264568e+29
8 6.78105307096e+12 1.90754011604e+29
8 6.78152494333e+12 1.90700738272e+29
8 6.7819968157e+12 1.9064744457e+29
8 6.78246868807e+12 1.90594130494e+29
8 6.78294056043e+12 1.90540868904e+29
8 6.7834124328e+12 1.9048782519e+29
8 6.78388430517e+12 1.90434825835e+29
8 6.78435617753e+12 1.90381806203e+29
8 6.7848280499e+12 1.9032876629e+29
8 6.78529992227e+12 1.90275706095e+29
8 6.78577179463e+12 1.90222625616e+29
8 6.786243667e+12 1.9016952485e+29
8 6.78671553937e+12 1.90116403794e+29
8 6.78718741174e+12 1.90063262448e+29
8 6.7876592841e+12 1.90010100807e+29
8 6.78813115647e+12 1.8995691887e+29
8 6.78860302884e+12 1.89903716635e+29
8 6.7890749012e+12 1.89850494099e+29
8 6.78954677357e+12 1.8979725126e+29
8 6.79001864594e+12 1.89744037995e+29
8 6.7904905183e+12 1.89691031631e+29
8 6.79096239067e+12 1.89638098853e+29
8 6.79143426304e+12 1.89585145865e+29
8 6.7919061354e+12 1.89532172665e+29
8 6.79237800777e+12 1.89479179252e+29
8 6.79284988014e+12 1.89426165623e+29
8 6.79332175251e+12 1.89373131775e+29
8 6.79379362487e+12 1.89320077707e+29
8 6.79426549724e+12 1.89267003416e+29
8 6.79473736961e+12 1.892139089e+29
8 6.79520924197e+12 1.89160794156e+29
8 6.79568111434e+12 1.89107659182e+29
8 6.79615298671e+12 1.89054503976e+29
8 6.79662485907e+12 1.89001328536e+29
8 6.79709673144e+12 1.88948088764e+29
8 6.79756860381e+12 1.88894439976e+29
8 6.79804047618e+12 1.88840505763e+29
8 6.79851234854e+12 1.88786548252e+29
8 6.79898422091e+12 1.88732570301e+29
8 6.79945609328e+12 1.88678571907e+29
8 6.79992796564e+12 1.88624553068e+29
8 6.80039983801e+12 1.88570513781e+29
8 6.80087171038e+12 1.88516454045e+29
8 6.80134358274e+12 1.88462373856e+29
8 6.80181545511e+12 1.88408273213e+29
8 6.80228732748e+12 1.88354152114e+29
8 6.80275919985e+12 1.88300010555e+29
8 6.80323107221e+12 1.88245848535e+29
8 6.80370294458e+12 1.88191666051e+29
8 6.80417481695e+12 1.88137613189e+29
8 6.80464668931e+12 1.88084384656e+29
8 6.80511856168e+12 1.88031557872e+29
8 6.80559043405e+12 1.87978711008e+29
8 6.80606230641e+12 1.87925844061e+29
8 6.80653417878e+12 1.8787295703e+29
8 6.80700605115e+12 1.87820049912e+29
8 6.80747792351e+12 1.87767122705e+29
8 6.80794979588e+12 1.87714175407e+29
8 6.80842166825e+12 1.87661208015e+29
8 6.80889354062e+12 1.87608220528e+29
8 6.80936541298e+12 1.87555212942e+29
8 6.80983728535e+12 1.87502185256e+29
8 6.81030915772e+12 1.87449137467e+29
8 6.81078103008e+12 1.87396069573e+29
8 6.81125290245e+12 1.87343027736e+29
8 6.81172477482e+12 1.87290178563e+29
8 6.81219664718e+12 1.87237398335e+29
8 6.81266851955e+12 1.87184598089e+29
8 6.81314039192e+12 1.87131777823e+29
8 6.81361226429e+12 1.87078937535e+29
8 6.81408413665e+12 1.87026077223e+29
8 6.81455600902e+12 1.86973196884e+29
8 6.81502788139e+12 1.86920296516e+29
8 6.81549975375e+12 1.86867376116e+29
8 6.81597162612e+12 1.86814435684e+29
8 6.81644349849e+12 1.86761475215e+29
8 6.81691537085e+12 1.86708494708e+29
8 6.81738724322e+12 1.86655494161e+29
8 6.81785911559e+12 1.86602473571e+29
8 6.81833098796e+12 1.86549479271e+29
8 6.81880286032e+12 1.86496675646e+29
8 6.81927473269e+12 1.86443938896e+29
8 6.81974660506e+12 1.8639118219e+29
8 6.82021847742e+12 1.86338405525e+29
8 6.82069034979e+12 1.86285608899e+29
8 6.82116222216e+12 1.8623279231e+29
8 6.82163409452e+12 1.86179955755e+29
8 6.82210596689e+12 1.86127099233e+29
8 6.82257783926e+12 1.8607422274e+29
8 6.82304971162e+12 1.86021326275e+29
8 6.82352158399e+12 1.85968409836e+29
8 6.82399345636e+12 1.8591547342e+29
8 6.82446532873e+12 1.85862517025e+29
8 6.82493720109e+12 1.85809540649e+29
8 6.82540907346e+12 1.85756463773e+29
8 6.82588094583e+12 1.85702934965e+29
8 6.82635281819e+12 1.85649178095e+29
8 6.82682469056e+12 1.85595401035e+29
8 6.82729656293e+12 1.85541603784e+29
8 6.82776843529e+12 1.85487786338e+29
8 6.82824030766e+12 1.85433948696e+29
8 6.82871218003e+12 1.85380090855e+29
8 6.8291840524e+12 1.85326212814e+29
8 6.82965592476e+12 1.85272314569e+29
8 6.83012779713e+12 1.85218396118e+29
8 6.8305996695e+12 1.8516445746e+29
8 6.83107154186e+12 1.85110498592e+29
8 6.83154341423e+12 1.85056519512e+29
8 6.8320152866e+12 1.85002520217e+29
8 6.83248715896e+12 1.84948834269e+29
8 6.83295903133e+12 1.84895983267e+29
8 6.8334309037e+12 1.84843309553e+29
8 6.83390277607e+12 1.84790615999e+29
8 6.83437464843e+12 1.84737902601e+29
8 6.8348465208e+12 1.84685169357e+29
8 6.83531839317e+12 1.84632416267e+29
8 6.83579026553e+12 1.84579643326e+29
8 6.8362621379e+12 1.84526850534e+29
8 6.83673401027e+12 1.84474037887e+29
8 6.83720588263e+12 1.84421205384e+29
8 6.837677755e+12 1.84368353022e+29
8 6.83814962737e+12 1.84315480799e+29
8 6.83862149974e+12 1.84262588713e+29
8 6.8390933721e+12 1.84209677866e+29
8 6.83956524447e+12 1.84156867459e+29
8 6.84003711684e+12 1.84104218773e+29
8 6.8405089892e+12 1.84051571819e+29
8 6.84098086157e+12 1.83998905079e+29
8 6.84145273394e+12 1.83946218552e+29
8 6.8419246063e+12 1.83893512237e+29
8 6.84239647867e+12 1.83840786129e+29
8 6.84286835104e+12 1.83788040228e+29
8 6.8433402234e+12 1.83735274531e+29
8 6.84381209577e+12 1.83682489036e+29
8 6.84428396814e+12 1.8362968374e+29
8 6.84475584051e+12 1.83576858642e+29
8 6.84522771287e+12 1.83524013739e+29
8 6.84569958524e+12 1.83471149028e+29
8 6.84617145761e+12 1.8341826828e+29
8 6.84664332997e+12 1.83365516495e+29
8 6.84711520234e+12 1.83312906312e+29
8 6.84758707471e+12 1.83260284369e+29
8 6.84805894707e+12 1.83207642697e+29
8 6.84853081944e+12 1.83154981293e+29
8 6.84900269181e+12 1.83102300155e+29
8 6.84947456418e+12 1.83049599281e+29
8 6.84994643654e+12 1.82996878668e+29
8 6.85041830891e+12 1.82944138315e+29
8 6.85089018128e+12 1.82891378219e+29
8 6.85136205364e+12 1.82838598378e+29
8 6.85183392601e+12 1.8278579879e+29
8 6.85230579838e+12 1.82732979453e+29
8 6.85277767074e+12 1.82680140363e+29
8 6.85324954311e+12 1.8262726182e+29
8 6.85372141548e+12 1.82573992883e+29
8 6.85419328785e+12 1.82520367602e+29
8 6.85466516021e+12 1.82466714046e+29
8 6.85513703258e+12 1.82413040526e+29
8 6.85560890495e+12 1.82359347038e+29
8 6.85608077731e+12 1.8230563358e+29
8 6.85655264968e+12 1.8225190015e+29
8 6.85702452205e+12 1.82198146746e+29
8 6.85749639441e+12 1.82144373366e+29
8 6.85796826678e+12 1.82090580007e+29
8 6.85844013915e+12 1.82036766667e+29
8 6.85891201151e+12 1.81982933343e+29
8 6.85938388388e+12 1.81929080035e+29
8 6.85985575625e+12 1.81875206738e+29
8 6.86032762862e+12 1.81821540399e+29
8 6.86079950098e+12 1.81768713644e+29
8 6.86127137335e+12 1.81716143067e+29
8 6.86174324572e+12 1.81663552869e+29
8 6.86221511808e+12 1.81610943047e+29
8 6.86268699045e+12 1.81558313599e+29
8 6.86315886282e+12 1.81505664522e+29
8 6.86363073518e+12 1.81452995815e+29
8 6.86410260755e+12 1.81400307475e+29
8 6.86457447992e+12 1.813475995e+29
8 6.86504635229e+12 1.81294871888e+29
8 6.86551822465e+12 1.81242124636e+29
8 6.86599009702e+12 1.81189357743e+29
8 6.86646196939e+12 1.81136571206e+29
8 6.86693384175e+12 1.81083766213e+29
8 6.86740571412e+12 1.81031057304e+29
8 6.86787758649e+12 1.80978500089e+29
8 6.86834945885e+12 1.80925943015e+29
8 6.86882133122e+12 1.80873366371e+29
8 6.86929320359e+12 1.80820770155e+29
8 6.86976507596e+12 1.80768154364e+29
8 6.87023694832e+12 1.80715518996e+29
8 6.87070882069e+12 1.8066286405e+29
8 6.87118069306e+12 1.80610189522e+29
8 6.87165256542e+12 1.80557495411e+29
8 6.87212443779e+12 1.80504781715e+29
8 6.87259631016e+12 1.8045204843e+29
8 6.87306818252e+12 1.80399295556e+29
8 6.87354005489e+12 1.8034652309e+29
8 6.87401192726e+12 1.80293744813e+29
8 6.87448379962e+12 1.80241109181e+29
8 6.87495567199e+12 1.80188581935e+29
8 6.87542754436e+12 1.8013603752e+29
8 6.87589941673e+12 1.80083473586e+29
8 6.87637128909e+12 1.80030890132e+29
8 6.87684316146e+12 1.79978287154e+29
8 6.87731503383e+12 1.7992566465e+29
8 6.87778690619e+12 1.79873022619e+29
8 6.87825877856e+12 1.79820361058e+29
8 6.87873065093e+12 1.79767679965e+29
8 6.87920252329e+12 1.79714979337e+29
8 6.87967439566e+12 1.79662259174e+29
8 6.88014626803e+12 1.79609519471e+29
8 6.8806181404e+12 1.79556760228e+29
8 6.88109001276e+12 1.79503893013e+29
8 6.88156188513e+12 1.79450556252e+29
8 6.8820337575e+12 1.7939699257e+29
8 6.88250562986e+12 1.79343409133e+29
8 6.88297750223e+12 1.7928980594e+29
8 6.8834493746e+12 1.79236182989e+29
8 6.88392124696e+12 1.79182540277e+29
8 6.88439311933e+12 1.79128877802e+29
8 6.8848649917e+12 1.79075195562e+29
8 6.88533686407e+12 1.79021493555e+29
8 6.88580873643e+12 1.78967771779e+29
8 6.8862806088e+12 1.7891403023e+29
8 6.88675248117e+12 1.78860268908e+29
8 6.88722435353e+12 1.7880648781e+29
8 6.8876962259e+12 1.78752698056e+29
8 6.88816809827e+12 1.7869945854e+29
8 6.88863997063e+12 1.78646904982e+29
8 6.889111843e+12 1.78594388299e+29
8 6.88958371537e+12 1.78541852196e+29
8 6.89005558774e+12 1.78489296672e+29
8 6.8905274601e+12 1.78436721725e+29
8 6.89099933247e+12 1.78384127352e+29
8 6.89147120484e+12 1.78331513552e+29
8 6.8919430772e+12 1.78278880321e+29
8 6.89241494957e+12 1.78226227659e+29
8 6.89288682194e+12 1.78173555562e+29
8 6.8933586943e+12 1.78120864029e+29
8 6.89383056667e+12 1.78068153057e+29
8 6.89430243904e+12 1.78015422645e+29
8 6.8947743114e+12 1.77962713865e+29
8 6.89524618377e+12 1.77910166411e+29
8 6.89571805614e+12 1.77857671338e+29
8 6.89618992851e+12 1.77805156896e+29
8 6.89666180087e+12 1.77752623082e+29
8 6.89713367324e+12 1.77700069896e+29
8 6.89760554561e+12 1.77647497334e+29
8 6.89807741797e+12 1.77594905394e+29
8 6.89854929034e+12 1.77542294075e+29
8 6.89902116271e+12 1.77489663373e+29
8 6.89949303507e+12 1.77437013287e+29
8 6.89996490744e+12 1.77384343816e+29
8 6.90043677981e+12 1.77331654955e+29
8 6.90090865218e+12 1.77278946704e+29
8 6.90138052454e+12 1.77226220344e+29
8 6.90185239691e+12 1.77173586089e+29
8 6.90232426928e+12 1.77121093893e+29
8 6.90279614164e+12 1.770686003e+29
8 6.90326801401e+12 1.77016087385e+29
8 6.90373988638e+12 1.76963555147e+29
8 6.90421175874e+12 1.76911003583e+29
8 6.90468363111e+12 1.76858432691e+29
8 6.90515550348e+12 1.76805842468e+29
8 6.90562737585e+12 1.76753232914e+29
8 6.90609924821e+12 1.76700604025e+29
8 6.90657112058e+12 1.76647955799e+29
8 6.90704299295e+12 1.76595288235e+29
8 6.90751486531e+12 1.7654260133e+29
8 6.90798673768e+12 1.76489895082e+29
8 6.90845861005e+12 1.76437117199e+29
8 6.90893048241e+12 1.76383894149e+29
8 6.90940235478e+12 1.76330376275e+29
8 6.90987422715e+12 1.76276836709e+29
8 6.91034609951e+12 1.76223277582e+29
8 6.91081797188e+12 1.76169698893e+29
8 6.91128984425e+12 1.7611610064e+29
8 6.91176171662e+12 1.7606248282e+29
8 6.91223358898e+12 1.76008845431e+29
8 6.91270546135e+12 1.75955188471e+29
8 6.91317733372e+12 1.75901511937e+29
8 6.91364920608e+12 1.75847815828e+29
8 6.91412107845e+12 1.75794100142e+29
8 6.91459295082e+12 1.75740364876e+29
8 6.91506482318e+12 1.75686620817e+29
8 6.91553669555e+12 1.75633417627e+29
8 6.91600856792e+12 1.75580892584e+29
8 6.91648044029e+12 1.75528404794e+29
8 6.91695231265e+12 1.75475897775e+29
8 6.91742418502e+12 1.75423371525e+29
8 6.91789605739e+12 1.75370826042e+29
8 6.91836792975e+12 1.75318261324e+29
8 6.91883980212e+12 1.75265677368e+29
8 6.91931167449e+12 1.75213074173e+29
8 6.91978354685e+12 1.75160451736e+29
8 6.92025541922e+12 1.75107810055e+29
8 6.92072729159e+12 1.75055149129e+29
8 6.92119916396e+12 1.75002468954e+29
8 6.92167103632e+12 1.74949769529e+29
8 6.92214290869e+12 1.74897106916e+29
8 6.92261478106e+12 1.74844601999e+29
8 6.92308665342e+12 1.7479212496e+29
8 6.92355852579e+12 1.74739628739e+29
8 6.92403039816e+12 1.74687113334e+29
8 6.92450227052e+12 1.74634578742e+29
8 6.92497414289e+12 1.74582024961e+29
8 6.92544601526e+12 1.74529451989e+29
8 6.92591788763e+12 1.74476859824e+29
8 6.92638975999e+12 1.74424248465e+29
8 6.92686163236e+12 1.74371617907e+29
8 6.92733350473e+12 1.74318968151e+29
8 6.92780537709e+12 1.74266299193e+29
8 6.92827724946e+12 1.74213611031e+29
8 6.92874912183e+12 1.74160915665e+29
8 6.92922099419e+12 1.74108347927e+29
8 6.92969286656e+12 1.74055878583e+29
8 6.93016473893e+12 1.74003392346e+29
8 6.93063661129e+12 1.7395088697e+29
8 6.93110848366e+12 1.73898362454e+29
8 6.93158035603e+12 1.73845818795e+29
8 6.9320522284e+12 1.73793255991e+29
8 6.93252410076e+12 1.73740674041e+29
8 6.93299597313e+12 1.73688072941e+29
8 6.9334678455e+12 1.73635452691e+29
8 6.93393971786e+12 1.73582813287e+29
8 6.93441159023e+12 1.73530154728e+29
8 6.9348834626e+12 1.73477477012e+29
8 6.93535533496e+12 1.73424780136e+29
8 6.93582720733e+12 1.73371872296e+29
8 6.9362990797e+12 1.73318475653e+29
8 6.93677095207e+12 1.73264955546e+29
8 6.93724282443e+12 1.73211416062e+29
8 6.9377146968e+12 1.73157857201e+29
8 6.93818656917e+12 1.73104278958e+29
8 6.93865844153e+12 1.73050681333e+29
8 6.9391303139e+12 1.72997064323e+29
8 6.93960218627e+12 1.72943427925e+29
8 6.94007405863e+12 1.72889772139e+29
8 6.940545931e+12 1.72836096961e+29
8 6.94101780337e+12 1.72782402389e+29
8 6.94148967574e+12 1.72728688422e+29
8 6.9419615481e+12 1.72674955057e+29
8 6.94243342047e+12 1.72621412655e+29
8 6.94290529284e+12 1.72568672222e+29
8 6.9433771652e+12 1.72516189708e+29
8 6.94384903757e+12 1.72463688143e+29
8 6.94432090994e+12 1.72411167526e+29
8 6.9447927823e+12 1.72358627854e+29
8 6.94526465467e+12 1.72306069125e+29
8 6.94573652704e+12 1.72253491337e+29
8 6.9462083994e+12 1.72200894489e+29
8 6.94668027177e+12 1.72148278577e+29
8 6.94715214414e+12 1.720956436e+29
8 6.94762401651e+12 1.72042989555e+29
8 6.94809588887e+12 1.71990316441e+29
8 6.94856776124e+12 1.71937624255e+29
8 6.94903963361e+12 1.7188493317e+29
8 6.94951150597e+12 1.71832375935e+29
8 6.94998337834e+12 1.71779893322e+29
8 6.95045525071e+12 1.71727392119e+29
8 6.95092712307e+12 1.71674871906e+29
8 6.95139899544e+12 1.71622332682e+29
8 6.95187086781e+12 1.71569774444e+29
8 6.95234274018e+12 1.71517197191e+29
8 6.95281461254e+12 1.71464600919e+29
8 6.95328648491e+12 1.71411985627e+29
8 6.95375835728e+12 1.71359351314e+29
8 6.95423022964e+12 1.71306697976e+29
8 6.95470210201e+12 1.71254025612e+29
8 6.95517397438e+12 1.71201334219e+29
8 6.95564584674e+12 1.71148626486e+29
8 6.95611771911e+12 1.71096017925e+29
8 6.95658959148e+12 1.7104352662e+29
8 6.95706146385e+12 1.70991025054e+29
8 6.95753333621e+12 1.70938504521e+29
8 6.95800520858e+12 1.7088596502e+29
8 6.95847708095e+12 1.70833406547e+29
8 6.95894895331e+12 1.70780829102e+29
8 6.95942082568e+12 1.70728232682e+29
8 6.95989269805e+12 1.70675617284e+29
8 6.96036457041e+12 1.70622982907e+29
8 6.96083644278e+12 1.70570329549e+29
8 6.96130831515e+12 1.70517657207e+29
8 6.96178018751e+12 1.7046496588e+29
8 6.96225205988e+12 1.70412255565e+29
8 6.96272393225e+12 1.70359348866e+29
8 6.96319580462e+12 1.70305941435e+29
8 6.96366767698e+12 1.70252398664e+29
8 6.96413954935e+12 1.70198836687e+29
8 6.96461142172e+12 1.70145255501e+29
8 6.96508329408e+12 1.70091655105e+29
8 6.96555516645e+12 1.70038035497e+29
8 6.96602703882e+12 1.69984396674e+29
8 6.96649891118e+12 1.69930738635e+29
8 6.96697078355e+12 1.69877061376e+29
8 6.96744265592e+12 1.69823364897e+29
8 6.96791452829e+12 1.69769649194e+29
8 6.96838640065e+12 1.69715914267e+29
8 6.96885827302e+12 1.69662160112e+29
8 6.96933014539e+12 1.69608658614e+29
8 6.96980201775e+12 1.69555950328e+29
8 6.97027389012e+12 1.69503432221e+29
8 6.97074576249e+12 1.6945089523e+29
8 6.97121763485e+12 1.6939833935e+29
8 6.97168950722e+12 1.69345764582e+29
8 6.97216137959e+12 1.69293170921e+29
8 6.97263325196e+12 1.69240558367e+29
8 6.97310512432e+12 1.69187926917e+29
8 6.97357699669e+12 1.69135276569e+29
8 6.97404886906e+12 1.69082607322e+29
8 6.97452074142e+12 1.69029919172e+29
8 6.97499261379e+12 1.68977212118e+29
8 6.97546448616e+12 1.68924486158e+29
8 6.97593635852e+12 1.68871782982e+29
8 6.97640823089e+12 1.6881922125e+29
8 6.97688010326e+12 1.68766693456e+29
8 6.97735197563e+12 1.68714146817e+29
8 6.97782384799e+12 1.68661581331e+29
8 6.97829572036e+12 1.68608996995e+29
8 6.97876759273e+12 1.68556393807e+29
8 6.97923946509e+12 1.68503771765e+29
8 6.97971133746e+12 1.68451130868e+29
8 6.98018320983e+12 1.68398471113e+29
8 6.98065508219e+12 1.68345792497e+29
8 6.98112695456e+12 1.6829309502e+29
8 6.98159882693e+12 1.68240378679e+29
8 6.98207069929e+12 1.68187643471e+29
8 6.98254257166e+12 1.68134915629e+29
8 6.98301444403e+12 1.6808231972e+29
8 6.9834863164e+12 1.68029781458e+29
8 6.98395818876e+12 1.6797722439e+29
8 6.98443006113e+12 1.67924648514e+29
8 6.9849019335e+12 1.67872053828e+29
8 6.98537380586e+12 1.6781944033e+29
8 6.98584567823e+12 1.67766808018e+29
8 6.9863175506e+12 1.67714156889e+29
8 6.98678942296e+12 1.67661486942e+29
8 6.98726129533e+12 1.67608798175e+29
8 6.9877331677e+12 1.67556090585e+29
8 6.98820504007e+12 1.67503364171e+29
8 6.98867691243e+12 1.67450618931e+29
8 6.9891487848e+12 1.67397825655e+29
8 6.98962065717e+12 1.67344606174e+29
8 6.99009252953e+12 1.67291026244e+29
8 6.9905644019e+12 1.67237420022e+29
8 6.99103627427e+12 1.6718379475e+29
8 6.99150814663e+12 1.67130150428e+29
8 6.991980019e+12 1.67076487053e+29
8 6.99245189137e+12 1.67022804622e+29
8 6.99292376374e+12 1.66969103134e+29
8 6.9933956361e+12 1.66915382587e+29
8 6.99386750847e+12 1.66861642978e+29
8 6.99433938084e+12 1.66807884305e+29
8 6.9948112532e+12 1.66754106567e+29
8 6.99528312557e+12 1.66700309762e+29
8 6.99575499794e+12 1.66646577773e+29
8 6.9962268703e+12 1.66593540689e+29
8 6.99669874267e+12 1.66540960619e+29
8 6.99717061504e+12 1.66488366343e+29
8 6.9976424874e+12 1.66435753333e+29
8 6.99811435977e+12 1.66383121588e+29
8 6.99858623214e+12 1.66330471105e+29
8 6.99905810451e+12 1.66277801883e+29
8 6.99952997687e+12 1.6622511392e+29
8 7.00000184924e+12 1.66172407214e+29
8 7.00047372161e+12 1.66119681762e+29
8 7.00094559397e+12 1.66066937562e+29
8 7.00141746634e+12 1.66014174613e+29
8 7.00188933871e+12 1.65961392912e+29
8 7.00236121107e+12 1.65908611045e+29
8 7.00283308344e+12 1.65855949199e+29
8 7.00330495581e+12 1.6580335257e+29
8 7.00377682818e+12 1.65750737554e+29
8 7.00424870054e+12 1.65698103842e+29
8 7.00472057291e+12 1.65645451431e+29
8 7.00519244528e+12 1.65592780319e+29
8 7.00566431764e+12 1.65540090504e+29
8 7.00613619001e+12 1.65487381984e+29
8 7.00660806238e+12 1.65434654757e+29
8 7.00707993474e+12 1.65381908821e+29
8 7.00755180711e+12 1.65329144175e+29
8 7.00802367948e+12 1.65276360815e+29
8 7.00849555185e+12 1.6522355874e+29
8 7.00896742421e+12 1.65170754945e+29
8 7.00943929658e+12 1.65118068127e+29
8 7.00991116895e+12 1.6506544912e+29
8 7.01038304131e+12 1.6501281205e+29
8 7.01085491368e+12 1.6496015632e+29
8 7.01132678605e+12 1.64907481926e+29
8 7.01179865841e+12 1.64854788868e+29
8 7.01227053078e+12 1.64802077143e+29
8 7.01274240315e+12 1.6474934675e+29
8 7.01321427551e+12 1.64696597685e+29
8 7.01368614788e+12 1.64643829947e+29
8 7.01415802025e+12 1.64591043535e+29
8 7.01462989262e+12 1.64538238445e+29
8 7.01510176498e+12 1.64485414676e+29
8 7.01557363735e+12 1.64432534557e+29
8 7.01604550972e+12 1.64379210819e+29
8 7.01651738208e+12 1.64325539075e+29
8 7.01698925445e+12 1.64271842671e+29
8 7.01746112682e+12 1.64218127364e+29
8 7.01793299918e+12 1.6416439315e+29
8 7.01840487155e+12 1.64110640029e+29
8 7.01887674392e+12 1.64056867998e+29
8 7.01934861629e+12 1.64003077055e+29
8 7.01982048865e+12 1.63949267197e+29
8 7.02029236102e+12 1.63895438423e+29
8 7.02076423339e+12 1.63841590732e+29
8 7.02123610575e+12 1.63787724119e+29
8 7.02170797812e+12 1.63733838585e+29
8 7.02217985049e+12 1.63680089866e+29
8 7.02265172285e+12 1.63627087779e+29
8 7.02312359522e+12 1.63574408592e+29
8 7.02359546759e+12 1.63521710814e+29
8 7.02406733996e+12 1.63468994442e+29
8 7.02453921232e+12 1.63416259475e+29
8 7.02501108469e+12 1.63363505911e+29
8 7.02548295706e+12 1.63310733748e+29
8 7.02595482942e+12 1.63257942984e+29
8 7.02642670179e+12 1.63205133616e+29
8 7.02689857416e+12 1.63152305643e+29
8 7.02737044652e+12 1.63099459063e+29
8 7.02784231889e+12 1.63046593873e+29
8 7.02831419126e+12 1.62993710072e+29
8 7.02878606363e+12 1.62940852243e+29
8 7.02925793599e+12 1.62888120534e+29
8 7.02972980836e+12 1.62835409376e+29
8 7.03020168073e+12 1.6278267966e+29
8 7.03067355309e+12 1.62729931384e+29
8 7.03114542546e+12 1.62677164546e+29
8 7.03161729783e+12 1.62624379143e+29
8 7.03208917019e+12 1.62571575175e+29
8 7.03256104256e+12 1.62518752638e+29
8 7.03303291493e+12 1.62465911531e+29
8 7.03350478729e+12 1.62413051852e+29
8 7.03397665966e+12 1.62360173598e+29
8 7.03444853203e+12 1.62307276769e+29
8 7.0349204044e+12 1.62254361361e+29
8 7.03539227676e+12 1.62201486728e+29
8 7.03586414913e+12 1.62148731869e+29
8 7.0363360215e+12 1.62095987772e+29
8 7.03680789386e+12 1.62043225149e+29
8 7.03727976623e+12 1.61990443999e+29
8 7.0377516386e+12 1.6193764432e+29
8 7.03822351096e+12 1.61884826109e+29
8 7.03869538333e+12 1.61831989364e+29
8 7.0391672557e+12 1.61779134084e+29
8 7.03963912807e+12 1.61726260267e+29
8 7.04011100043e+12 1.6167336791e+29
8 7.0405828728e+12 1.61620457012e+29
8 7.04105474517e+12 1.6156752757e+29
8 7.04152661753e+12 1.61514579583e+29
8 7.0419984899e+12 1.61461379326e+29
8 7.04247036227e+12 1.6140767566e+29
8 7.04294223463e+12 1.6135386304e+29
8 7.043414107e+12 1.6130003165e+29
8 7.04388597937e+12 1.61246181487e+29
8 7.04435785174e+12 1.6119231255e+29
8 7.0448297241e+12 1.61138424836e+29
8 7.04530159647e+12 1.61084518344e+29
8 7.04577346884e+12 1.61030593072e+29
8 7.0462453412e+12 1.60976649017e+29
8 7.04671721357e+12 1.60922686177e+29
8 7.04718908594e+12 1.60868704551e+29
8 7.0476609583e+12 1.60814704136e+29
8 7.04813283067e+12 1.60760715524e+29
8 7.04860470304e+12 1.6070733422e+29
8 7.0490765754e+12 1.60654512768e+29
8 7.04954844777e+12 1.60601687563e+29
8 7.05002032014e+12 1.60548843894e+29
8 7.05049219251e+12 1.60495981759e+29
8 7.05096406487e+12 1.60443101156e+29
8 7.05143593724e+12 1.60390202083e+29
8 7.05190780961e+12 1.60337284538e+29
8 7.05237968197e+12 1.60284348519e+29
8 7.05285155434e+12 1.60231394024e+29
8 7.05332342671e+12 1.6017842105e+29
8 7.05379529907e+12 1.60125429597e+29
8 7.05426717144e+12 1.60072419662e+29
8 7.05473904381e+12 1.60019416671e+29
8 7.05521091618e+12 1.59966526032e+29
8 7.05568278854e+12 1.59913677782e+29
8 7.05615466091e+12 1.59860811101e+29
8 7.05662653328e+12 1.59807925985e+29
8 7.05709840564e+12 1.59755022433e+29
8 7.05757027801e+12 1.59702100443e+29
8 7.05804215038e+12 1.59649160014e+29
8 7.05851402274e+12 1.59596201142e+29
8 7.05898589511e+12 1.59543223827e+29
8 7.05945776748e+12 1.59490228065e+29
8 7.05992963985e+12 1.59437213856e+29
8 7.06040151221e+12 1.59384181197e+29
8 7.06087338458e+12 1.59331130086e+29
8 7.06134525695e+12 1.5927810922e+29
8 7.06181712931e+12 1.5922520459e+29
8 7.06228900168e+12 1.59172314466e+29
8 7.06276087405e+12 1.59119405939e+29
8 7.06323274641e+12 1.59066479009e+29
8 7.06370461878e+12 1.59013533672e+29
8 7.06417649115e+12 1.58960569928e+29
8 7.06464836351e+12 1.58907587773e+29
8 7.06512023588e+12 1.58854587207e+29
8 7.06559210825e+12 1.58801568226e+29
8 7.06606398062e+12 1.5874853083e+29
8 7.06653585298e+12 1.58695475016e+29
8 7.06700772535e+12 1.58642400782e+29
8 7.06747959772e+12 1.58589308126e+29
8 7.06795147008e+12 1.58535926858e+29
8 7.06842334245e+12 1.58482049397e+29
8 7.06889521482e+12 1.58428083721e+29
8 7.06936708718e+12 1.58374099397e+29
8 7.06983895955e+12 1.58320096422e+29
8 7.07031083192e+12 1.58266074796e+29
8 7.07078270429e+12 1.58212034516e+29
8 7.07125457665e+12 1.58157975579e+29
8 7.07172644902e+12 1.58103897984e+29
8 7.07219832139e+12 1.58049801729e+29
8 7.07267019375e+12 1.57995686811e+29
8 7.07314206612e+12 1.57941553229e+29
8 7.07361393849e+12 1.57887400982e+29
8 7.07408581085e+12 1.57833326954e+29
8 7.07455768322e+12 1.57779949006e+29
8 7.07502955559e+12 1.57726980565e+29
8 7.07550142796e+12 1.57673995082e+29
8 7.07597330032e+12 1.57620991255e+29
8 7.07644517269e+12 1.5756796908e+29
8 7.07691704506e+12 1.57514928556e+29
8 7.07738891742e+12 1.57461869681e+29
8 7.07786078979e+12 1.57408792453e+29
8 7.07833266216e+12 1.57355696869e+29
8 7.07880453452e+12 1.57302582929e+29
8 7.07927640689e+12 1.5724945063e+29
8 7.07974827926e+12 1.5719629997e+29
8 7.08022015163e+12 1.57143130947e+29
8 7.08069202399e+12 1.5709000121e+29
8 7.08116389636e+12 1.57036979785e+29
8 7.08163576873e+12 1.56983965261e+29
8 7.08210764109e+12 1.56930932422e+29
8 7.08257951346e+12 1.56877881267e+29
8 7.08305138583e+12 1.56824811792e+29
8 7.08352325819e+12 1.56771723996e+29
8 7.08399513056e+12 1.56718617878e+29
8 7.08446700293e+12 1.56665493435e+29
8 7.08493887529e+12 1.56612350665e+29
8 7.08541074766e+12 1.56559189566e+29
8 7.08588262003e+12 1.56506010137e+29
8 7.0863544924e+12 1.56452812374e+29
8 7.08682636476e+12 1.56399600078e+29
8 7.08729823713e+12 1.56346472184e+29
8 7.0877701095e+12 1.56293425479e+29
8 7.08824198186e+12 1.56240363208e+29
8 7.08871385423e+12 1.56187282651e+29
8 7.0891857266e+12 1.56134183804e+29
8 7.08965759896e+12 1.56081066667e+29
8 7.09012947133e+12 1.56027931236e+29
8 7.0906013437e+12 1.55974777511e+29
8 7.09107321607e+12 1.55921605489e+29
8 7.09154508843e+12 1.55868415169e+29
8 7.0920169608e+12 1.55815206548e+29
8 7.09248883317e+12 1.55761979624e+29
8 7.09296070553e+12 1.55708734395e+29
8 7.0934325779e+12 1.55655382033e+29
8 7.09390445027e+12 1.55601518314e+29
8 7.09437632263e+12 1.55547392414e+29
8 7.094848195e+12 1.55493247983e+29
8 7.09532006737e+12 1.55439085018e+29
8 7.09579193974e+12 1.55384903516e+29
8 7.0962638121e+12 1.55330703476e+29
8 7.09673568447e+12 1.55276484896e+29
8 7.09720755684e+12 1.55222247774e+29
8 7.0976794292e+12 1.55167992108e+29
8 7.09815130157e+12 1.55113717896e+29
8 7.09862317394e+12 1.55059425135e+29
8 7.0990950463e+12 1.55005113825e+29
8 7.09956691867e+12 1.54950795605e+29
8 7.10003879104e+12 1.54896997281e+29
8 7.1005106634e+12 1.54843817219e+29
8 7.10098253577e+12 1.54790663295e+29
8 7.10145440814e+12 1.54737491137e+29
8 7.10192628051e+12 1.54684300745e+29
8 7.10239815287e+12 1.54631092117e+29
8 7.10287002524e+12 1.5457786525e+29
8 7.10334189761e+12 1.54524620143e+29
8 7.10381376997e+12 1.54471356793e+29
8 7.10428564234e+12 1.54418075199e+29
8 7.10475751471e+12 1.54364775358e+29
8 7.10522938707e+12 1.5431145727e+29
8 7.10570125944e+12 1.54258120931e+29
8 7.10617313181e+12 1.5420479967e+29
8 7.10664500418e+12 1.54151585972e+29
8 7.10711687654e+12 1.54098394209e+29
8 7.10758874891e+12 1.5404518424e+29
8 7.10806062128e+12 1.53991956064e+29
8 7.10853249364e+12 1.53938709679e+29
8 7.10900436601e+12 1.53885445083e+29
8 7.10947623838e+12 1.53832162274e+29
8 7.10994811074e+12 1.53778861251e+29
8 7.11041998311e+12 1.5372554201e+29
8 7.11089185548e+12 1.53672204551e+29
8 7.11136372785e+12 1.53618848871e+29
8 7.11183560021e+12 1.53565474969e+29
8 7.11230747258e+12 1.53512085017e+29
8 7.11277934495e+12 1.53458766635e+29
8 7.11325121731e+12 1.53405530085e+29
8 7.11372308968e+12 1.53352280943e+29
8 7.11419496205e+12 1.53299013622e+29
8 7.11466683441e+12 1.53245728118e+29
8 7.11513870678e+12 1.53192424431e+29
8 7.11561057915e+12 1.53139102558e+29
8 7.11608245151e+12 1.53085762497e+29
8 7.11655432388e+12 1.53032404246e+29
8 7.11702619625e+12 1.52979027804e+29
8 7.11749806862e+12 1.52925633169e+29
8 7.11796994098e+12 1.52872220338e+29
8 7.11844181335e+12 1.52818789309e+29
8 7.11891368572e+12 1.52765232356e+29
8 7.11938555808e+12 1.5271114687e+29
8 7.11997539854e+12 2.03524317725e+29
8 7.120565239e+12 2.03433736357e+29
8 7.12115507946e+12 2.03343116593e+29
8 7.12174491992e+12 2.03252458427e+29
8 7.12233476038e+12 2.03161761854e+29
8 7.12292460084e+12 2.0307102687e+29
8 7.12351444129e+12 2.02980253469e+29
8 7.12410428175e+12 2.02889441646e+29
8 7.12469412221e+12 2.02798591396e+29
8 7.12528396267e+12 2.02708191051e+29
8 7.12587380313e+12 2.02618958545e+29
8 7.12646364359e+12 2.02530024948e+29
8 7.12705348405e+12 2.02441053575e+29
8 7.12764332451e+12 2.02352044423e+29
8 7.12823316496e+12 2.02262997485e+29
8 7.12882300542e+12 2.02173912758e+29
8 7.12941284588e+12 2.02084790236e+29
8 7.13000268634e+12 2.01995629913e+29
8 7.1305925268e+12 2.01906431786e+29
8 7.13118236726e+12 2.01817198824e+29
8 7.13177220772e+12 2.0172806308e+29
8 7.13236204818e+12 2.01639046437e+29
8 7.13295188863e+12 2.01550007175e+29
8 7.13354172909e+12 2.01460930186e+29
8 7.13413156955e+12 2.01371815463e+29
8 7.13472141001e+12 2.01282663003e+29
8 7.13531125047e+12 2.011934728e+29
8 7.13590109093e+12 2.0110424485e+29
8 7.13649093139e+12 2.01014979147e+29
8 7.13708077185e+12 2.00925675685e+29
8 7.1376706123e+12 2.0083635745e+29
8 7.13826045276e+12 2.00747166611e+29
8 7.13885029322e+12 2.00658053845e+29
8 7.13944013368e+12 2.00568904843e+29
8 7.14002997414e+12 2.0047971816e+29
8 7.1406198146e+12 2.00390493789e+29
8 7.14120965506e+12 2.00301231726e+29
8 7.14179949552e+12 2.00211931967e+29
8 7.14238933597e+12 2.00122594505e+29
8 7.14297917643e+12 2.00033219336e+29
8 7.14356901689e+12 1.99943806456e+29
8 7.14415885735e+12 1.99854126268e+29
8 7.14474869781e+12 1.99763564564e+29
8 7.14533853827e+12 1.99672615229e+29
8 7.14592837873e+12 1.99581627693e+29
8 7.14651821918e+12 1.99490601949e+29
8 7.14710805964e+12 1.99399537993e+29
8 7.1476979001e+12 1.9930843582e+29
8 7.14828774056e+12 1.99217295425e+29
8 7.14887758102e+12 1.99126116803e+29
8 7.14946742148e+12 1.99034899948e+29
8 7.15005726194e+12 1.98943660717e+29
8 7.1506471024e+12 1.98853239775e+29
8 7.15123694285e+12 1.98763808448e+29
8 7.15182678331e+12 1.98674445808e+29
8 7.15241662377e+12 1.98585045573e+29
8 7.15300646423e+12 1.98495607738e+29
8 7.15359630469e+12 1.98406132296e+29
8 7.15418614515e+12 1.98316619245e+29
8 7.15477598561e+12 1.98227068577e+29
8 7.15536582607e+12 1.98137480289e+29
8 7.15595566652e+12 1.98047854376e+29
8 7.15654550698e+12 1.97958223278e+29
8 7.15713534744e+12 1.97868720193e+29
8 7.1577251879e+12 1.97779264857e+29
8 7.15831502836e+12 1.97689771969e+29
8 7.15890486882e+12 1.97600241524e+29
8 7.15949470928e+12 1.97510673517e+29
8 7.16008454974e+12 1.97421067943e+29
8 7.16067439019e+12 1.97331424797e+29
8 7.16126423065e+12 1.97241744075e+29
8 7.16185407111e+12 1.9715202577e+29
8 7.16244391157e+12 1.97062269878e+29
8 7.16303375203e+12 1.96972560283e+29
8 7.16362359249e+12 1.96882976173e+29
8 7.16421343295e+12 1.96793386561e+29
8 7.1648032734e+12 1.96703759435e+29
8 7.16539311386e+12 1.96614094789e+29
8 7.16598295432e+12 1.96524392618e+29
8 7.16657279478e+12 1.96434652917e+29
8 7.16716263524e+12 1.96344875682e+29
8 7.1677524757e+12 1.96255060906e+29
8 7.16834231616e+12 1.96165208587e+29
8 7.16893215662e+12 1.96075274423e+29
8 7.16952199707e+12 1.95984615739e+29
8 7.17011183753e+12 1.95893239333e+29
8 7.17070167799e+12 1.95801784519e+29
8 7.17129151845e+12 1.95710291657e+29
8 7.17188135891e+12 1.95618760744e+29
8 7.17247119937e+12 1.95527191773e+29
8 7.17306103983e+12 1.9543558474e+29
8 7.17365088029e+12 1.95343939639e+29
8 7.17424072074e+12 1.95252256466e+29
8 7.1748305612e+12 1.95160535216e+29
8 7.17542040166e+12 1.950692479e+29
8 7.17601024212e+12 1.94979101082e+29
8 7.17660008258e+12 1.94889249637e+29
8 7.17718992304e+12 1.94799360748e+29
8 7.1777797635e+12 1.94709434408e+29
8 7.17836960396e+12 1.94619470613e+29
8 7.17895944441e+12 1.94529469358e+29
8 7.17954928487e+12 1.94439430638e+29
8 7.18013912533e+12 1.94349354448e+29
8 7.18072896579e+12 1.94259240783e+29
8 7.18131880625e+12 1.94169101644e+29
8 7.18190864671e+12 1.94079054722e+29
8 7.18249848717e+12 1.93989083966e+29
8 7.18308832763e+12 1.93899078865e+29
8 7.18367816808e+12 1.93809036349e+29
8 7.18426800854e+12 1.93718956413e+29
8 7.184857849e+12 1.93628839053e+29
8 7.18544768946e+12 1.93538684264e+29
8 7.18603752992e+12 1.9344849204e+29
8 7.18662737038e+12 1.93358262377e+29
8 7.18721721084e+12 1.93267995269e+29
8 7.18780705129e+12 1.93177747647e+29
8 7.18839689175e+12 1.93087614144e+29
8 7.18898673221e+12 1.92997488919e+29
8 7.18957657267e+12 1.92907326314e+29
8 7.19016641313e+12 1.92817126323e+29
8 7.19075625359e+12 1.92726888941e+29
8 7.19134609405e+12 1.92636614164e+29
8 7.19193593451e+12 1.92546301987e+29
8 7.19252577496e+12 1.92455952405e+29
8 7.19311561542e+12 1.92365565413e+29
8 7.19370545588e+12 1.92275720903e+29
8 7.19429529634e+12 1.92199376991e+29
8 7.1948851368e+12 1.9213758701e+29
8 7.19547497726e+12 1.92076931418e+29
8 7.19606481772e+12 1.92016248189e+29
8 7.19665465818e+12 1.91955537318e+29
8 7.19724449863e+12 1.91894798801e+29
8 7.19783433909e+12 1.91834032635e+29
8 7.19842417955e+12 1.91773238817e+29
8 7.19901402001e+12 1.91712417342e+29
8 7.19960386047e+12 1.91651568206e+29
8 7.20019370093e+12 1.91590691407e+29
8 7.20078354139e+12 1.9152978694e+29
8 7.20137338185e+12 1.91468854801e+29
8 7.2019632223e+12 1.91407894987e+29
8 7.20255306276e+12 1.91346907495e+29
8 7.20314290322e+12 1.9128589232e+29
8 7.20373274368e+12 1.91224849458e+29
8 7.20432258414e+12 1.91163778907e+29
8 7.2049124246e+12 1.91102680661e+29
8 7.20550226506e+12 1.91041554719e+29
8 7.20609210552e+12 1.90973242016e+29
8 7.20668194597e+12 1.90855847265e+29
8 7.20727178643e+12 1.90705246964e+29
8 7.20786162689e+12 1.90554223691e+29
8 7.20845146735e+12 1.90403143315e+29
8 7.20904130781e+12 1.90252005831e+29
8 7.20963114827e+12 1.90100811231e+29
8 7.21022098873e+12 1.89949559507e+29
8 7.21081082918e+12 1.89798250652e+29
8 7.21140066964e+12 1.89646884659e+29
8 7.2119905101e+12 1.89495585254e+29
8 7.21258035056e+12 1.89364840538e+29
8 7.21317019102e+12 1.89268417502e+29
8 7.21376003148e+12 1.89177679789e+29
8 7.21434987194e+12 1.89086904804e+29
8 7.2149397124e+12 1.88996092541e+29
8 7.21552955285e+12 1.88905242996e+29
8 7.21611939331e+12 1.88814356164e+29
8 7.21670923377e+12 1.88723432039e+29
8 7.21729907423e+12 1.88632470618e+29
8 7.21788891469e+12 1.88541471895e+29
8 7.21847875515e+12 1.8845316727e+29
8 7.21906859561e+12 1.88381585174e+29
8 7.21965843607e+12 1.88320242722e+29
8 7.22024827652e+12 1.88258944137e+29
8 7.22083811698e+12 1.88197617979e+29
8 7.22142795744e+12 1.88136264244e+29
8 7.2220177979e+12 1.88074882927e+29
8 7.22260763836e+12 1.88013474025e+29
8 7.22319747882e+12 1.87952037534e+29
8 7.22378731928e+12 1.87890573451e+29
8 7.22437715974e+12 1.87829081772e+29
8 7.22496700019e+12 1.87767562494e+29
8 7.22555684065e+12 1.87706015611e+29
8 7.22614668111e+12 1.87644441122e+29
8 7.22673652157e+12 1.87582839022e+29
8 7.22732636203e+12 1.87521209308e+29
8 7.22791620249e+12 1.87459551976e+29
8 7.22850604295e+12 1.87397867021e+29
8 7.2290958834e+12 1.87336154441e+29
8 7.22968572386e+12 1.87274414232e+29
8 7.23027556432e+12 1.87212646391e+29
8 7.23086540478e+12 1.8714260815e+29
8 7.23145524524e+12 1.87055557997e+29
8 7.2320450857e+12 1.86964763965e+29
8 7.23263492616e+12 1.86873932844e+29
8 7.23322476662e+12 1.86783064629e+29
8 7.23381460707e+12 1.86692159315e+29
8 7.23440444753e+12 1.86601216897e+29
8 7.23499428799e+12 1.86510237371e+29
8 7.23558412845e+12 1.86419220731e+29
8 7.23617396891e+12 1.86328166973e+29
8 7.23676380937e+12 1.86237076091e+29
8 7.23735364983e+12 1.86145948082e+29
8 7.23794349029e+12 1.8605478294e+29
8 7.23853333074e+12 1.85963580661e+29
8 7.2391231712e+12 1.85872341239e+29
8 7.23971301166e+12 1.85781064669e+29
8 7.24030285212e+12 1.85689750948e+29
8 7.24089269258e+12 1.85598400069e+29
8 7.24148253304e+12 1.85507012029e+29
8 7.2420723735e+12 1.85415586822e+29
8 7.24266221396e+12 1.85324115979e+29
8 7.24325205441e+12 1.85232089856e+29
8 7.24384189487e+12 1.85139362558e+29
8 7.24443173533e+12 1.85046519507e+29
8 7.24502157579e+12 1.84953638852e+29
8 7.24561141625e+12 1.84860720587e+29
8 7.24620125671e+12 1.84767764709e+29
8 7.24679109717e+12 1.84674771212e+29
8 7.24738093763e+12 1.84581740091e+29
8 7.24797077808e+12 1.84488671342e+29
8 7.24856061854e+12 1.84395564959e+29
8 7.249150459e+12 1.84302420937e+29
8 7.24974029946e+12 1.84209239273e+29
8 7.25033013992e+12 1.8411601996e+29
8 7.25091998038e+12 1.84022762994e+29
8 7.25150982084e+12 1.8392946837e+29
8 7.25209966129e+12 1.83836136083e+29
8 7.25268950175e+12 1.83742766128e+29
8 7.25327934221e+12 1.83649358501e+29
8 7.25386918267e+12 1.83555913196e+29
8 7.25445902313e+12 1.83462430209e+29
8 7.25504886359e+12 1.83369278221e+29
8 7.25563870405e+12 1.83277385534e+29
8 7.25622854451e+12 1.83185972103e+29
8 7.25681838496e+12 1.83094521679e+29
8 7.25740822542e+12 1.83003034259e+29
8 7.25799806588e+12 1.82911509836e+29
8 7.25858790634e+12 1.82819948407e+29
8 7.2591777468e+12 1.82728349966e+29
8 7.25976758726e+12 1.82636714509e+29
8 7.26035742772e+12 1.8254504203e+29
8 7.26094726818e+12 1.82453332526e+29
8 7.26153710863e+12 1.8236158599e+29
8 7.26212694909e+12 1.82269802419e+29
8 7.26271678955e+12 1.82177981808e+29
8 7.26330663001e+12 1.82086124151e+29
8 7.26389647047e+12 1.81994229444e+29
8 7.26448631093e+12 1.81902297683e+29
8 7.26507615139e+12 1.81810328861e+29
8 7.26566599185e+12 1.81718322976e+29
8 7.2662558323e+12 1.81626280021e+29
8 7.26684567276e+12 1.81534195121e+29
8 7.26743551322e+12 1.81441604083e+29
8 7.26802535368e+12 1.81348270433e+29
8 7.26861519414e+12 1.81254794262e+29
8 7.2692050346e+12 1.8116128058e+29
8 7.26979487506e+12 1.81067729384e+29
8 7.27038471552e+12 1.80974140667e+29
8 7.27097455597e+12 1.80880514426e+29
8 7.27156439643e+12 1.80786850654e+29
8 7.27215423689e+12 1.80693149348e+29
8 7.27274407735e+12 1.80599410503e+29
8 7.27333391781e+12 1.80505634113e+29
8 7.27392375827e+12 1.80411820174e+29
8 7.27451359873e+12 1.80317968682e+29
8 7.27510343918e+12 1.8022407963e+29
8 7.27569327964e+12 1.80130153014e+29
8 7.2762831201e+12 1.8003618883e+29
8 7.27687296056e+12 1.79942187072e+29
8 7.27746280102e+12 1.79848147736e+29
8 7.27805264148e+12 1.79754070817e+29
8 7.27864248194e+12 1.7965995631e+29
8 7.2792323224e+12 1.79566254949e+29
8 7.27982216285e+12 1.79473818676e+29
8 7.28041200331e+12 1.79381767038e+29
8 7.28100184377e+12 1.79289678497e+29
8 7.28159168423e+12 1.79197553049e+29
8 7.28218152469e+12 1.79105390688e+29
8 7.28277136515e+12 1.79013191411e+29
8 7.28336120561e+12 1.78920955213e+29
8 7.28395104607e+12 1.78828682088e+29
8 7.28454088652e+12 1.78736372032e+29
8 7.28513072698e+12 1.78644025041e+29
8 7.28572056744e+12 1.78551641108e+29
8 7.2863104079e+12 1.78459220231e+29
8 7.28690024836e+12 1.78366762403e+29
8 7.28749008882e+12 1.7827426762e+29
8 7.28807992928e+12 1.78181735878e+29
8 7.28866976974e+12 1.78089167171e+29
8 7.28925961019e+12 1.77996561495e+29
8 7.28984945065e+12 1.77903918845e+29
8 7.29043929111e+12 1.77811239216e+29
8 7.29102913157e+12 1.77718479305e+29
8 7.29161897203e+12 1.77625058969e+29
8 7.29220881249e+12 1.77530996941e+29
8 7.29279865295e+12 1.77436864738e+29
8 7.2933884934e+12 1.77342695111e+29
8 7.29397833386e+12 1.77248488053e+29
8 7.29456817432e+12 1.77154243562e+29
8 7.29515801478e+12 1.77059961632e+29
8 7.29574785524e+12 1.76965642257e+29
8 7.2963376957e+12 1.76871285434e+29
8 7.29692753616e+12 1.76776891157e+29
8 7.29751737662e+12 1.76682459422e+29
8 7.29810721707e+12 1.76587990224e+29
8 7.29869705753e+12 1.76493483557e+29
8 7.29928689799e+12 1.76398939418e+29
8 7.29987673845e+12 1.76304357801e+29
8 7.30046657891e+12 1.76209738702e+29
8 7.30105641937e+12 1.76115082115e+29
8 7.30164625983e+12 1.76020388036e+29
8 7.30223610029e+12 1.7592565646e+29
8 7.30282594074e+12 1.75830904008e+29
8 7.3034157812e+12 1.75737032713e+29
8 7.30400562166e+12 1.75644240775e+29
8 7.30459546212e+12 1.75551530752e+29
8 7.30518530258e+12 1.7545878391e+29
8 7.30577514304e+12 1.75366000243e+29
8 7.3063649835e+12 1.75273179747e+29
8 7.30695482396e+12 1.75180322417e+29
8 7.30754466441e+12 1.75087428249e+29
8 7.30813450487e+12 1.74994497237e+29
8 7.30872434533e+12 1.74901529376e+29
8 7.30931418579e+12 1.74808524663e+29
8 7.30990402625e+12 1.74715483092e+29
8 7.31049386671e+12 1.74622404659e+29
8 7.31108370717e+12 1.74529289359e+29
8 7.31167354763e+12 1.74436137187e+29
8 7.31226338808e+12 1.74342948138e+29
8 7.31285322854e+12 1.74249722208e+29
8 7.313443069e+12 1.74156459392e+29
8 7.31403290946e+12 1.74063159685e+29
8 7.31462274992e+12 1.73969823083e+29
8 7.31521259038e+12 1.73862711398e+29
8 7.31580243084e+12 1.73717469853e+29
8 7.31639227129e+12 1.73560266217e+29
8 7.31698211175e+12 1.73403005108e+29
8 7.31757195221e+12 1.73245686519e+29
8 7.31816179267e+12 1.73088310443e+29
8 7.31875163313e+12 1.72930876871e+29
8 7.31934147359e+12 1.72773385798e+29
8 7.31993131405e+12 1.72615837216e+29
8 7.32052115451e+12 1.72458231118e+29
8 7.32111099496e+12 1.72315309513e+29
8 7.32170083542e+12 1.72210531055e+29
8 7.32229067588e+12 1.72116924382e+29
8 7.32288051634e+12 1.72023280839e+29
8 7.3234703568e+12 1.71929600422e+29
8 7.32406019726e+12 1.71835883127e+29
8 7.32465003772e+12 1.71742128947e+29
8 7.32523987818e+12 1.7164833788e+29
8 7.32582971863e+12 1.71554509919e+29
8 7.32641955909e+12 1.71460645061e+29
8 7.32700939955e+12 1.7136679009e+29
8 7.32759924001e+12 1.71273028679e+29
8 7.32818908047e+12 1.711792714e+29
8 7.32877892093e+12 1.71085477274e+29
8 7.32936876139e+12 1.70991646297e+29
8 7.32995860185e+12 1.70897778465e+29
8 7.3305484423e+12 1.70803873771e+29
8 7.33113828276e+12 1.70709932213e+29
8 7.33172812322e+12 1.70615953785e+29
8 7.33231796368e+12 1.70521938482e+29
8 7.33290780414e+12 1.70427924801e+29
8 7.3334976446e+12 1.70334006251e+29
8 7.33408748506e+12 1.70240102142e+29
8 7.33467732552e+12 1.7014616121e+29
8 7.33526716597e+12 1.70052183451e+29
8 7.33585700643e+12 1.69958168861e+29
8 7.33644684689e+12 1.69864117435e+29
8 7.33703668735e+12 1.69770029167e+29
8 7.33762652781e+12 1.69675904054e+29
8 7.33821636827e+12 1.6958174209e+29
8 7.33880620873e+12 1.69490786309e+29
8 7.33939604918e+12 1.69417154141e+29
8 7.33998588964e+12 1.69352642325e+29
8 7.3405757301e+12 1.69288103205e+29
8 7.34116557056e+12 1.69223536778e+29
8 7.34175541102e+12 1.69158943041e+29
8 7.34234525148e+12 1.6909432199e+29
8 7.34293509194e+12 1.69029673621e+29
8 7.3435249324e+12 1.68964997931e+29
8 7.34411477285e+12 1.68900294916e+29
8 7.34470461331e+12 1.68835564573e+29
8 7.34529445377e+12 1.68770806899e+29
8 7.34588429423e+12 1.68706021889e+29
8 7.34647413469e+12 1.6864120954e+29
8 7.34706397515e+12 1.68576369848e+29
8 7.34765381561e+12 1.68511502811e+29
8 7.34824365607e+12 1.68446608424e+29
8 7.34883349652e+12 1.68381686684e+29
8 7.34942333698e+12 1.68316737587e+29
8 7.35001317744e+12 1.6825176113e+29
8 7.3506030179e+12 1.68181992879e+29
8 7.35119285836e+12 1.68095079959e+29
8 7.35178269882e+12 1.68001183075e+29
8 7.35237253928e+12 1.67907249561e+29
8 7.35296237974e+12 1.67813279414e+29
8 7.35355222019e+12 1.67719272629e+29
8 7.35414206065e+12 1.676252292e+29
8 7.35473190111e+12 1.67531149125e+29
8 7.35532174157e+12 1.67437032397e+29
8 7.35591158203e+12 1.67342879012e+29
8 7.35650142249e+12 1.67248688966e+29
8 7.35709126295e+12 1.67154462253e+29
8 7.3576811034e+12 1.6706019887e+29
8 7.35827094386e+12 1.66965898811e+29
8 7.35886078432e+12 1.66871562072e+29
8 7.35945062478e+12 1.66777188648e+29
8 7.36004046524e+12 1.66682778534e+29
8 7.3606303057e+12 1.66588331726e+29
8 7.36122014616e+12 1.6649384822e+29
8 7.36180998662e+12 1.66399328009e+29
8 7.36239982707e+12 1.66304622196e+29
8 7.36298966753e+12 1.66209139024e+29
8 7.36357950799e+12 1.66113242403e+29
8 7.36416934845e+12 1.66017308653e+29
8 7.36475918891e+12 1.65921337771e+29
8 7.36534902937e+12 1.65825329752e+29
8 7.36593886983e+12 1.6572928459e+29
8 7.36652871029e+12 1.65633202282e+29
8 7.36711855074e+12 1.65537082822e+29
8 7.3677083912e+12 1.65440926206e+29
8 7.36829823166e+12 1.65344732429e+29
8 7.36888807212e+12 1.65248501486e+29
8 7.36947791258e+12 1.65152233373e+29
8 7.37006775304e+12 1.65055928084e+29
8 7.3706575935e+12 1.64959585616e+29
8 7.37124743396e+12 1.64863205964e+29
8 7.37183727441e+12 1.64766789122e+29
8 7.37242711487e+12 1.64670335086e+29
8 7.37301695533e+12 1.64573843851e+29
8 7.37360679579e+12 1.64477315413e+29
8 7.37419663625e+12 1.64381274797e+29
8 7.37478647671e+12 1.64286544949e+29
8 7.37537631717e+12 1.64192170475e+29
8 7.37596615763e+12 1.64097759504e+29
8 7.37655599808e+12 1.6400331203e+29
8 7.37714583854e+12 1.6390882805e+29
8 7.377735679e+12 1.63814307558e+29
8 7.37832551946e+12 1.6371975055e+29
8 7.37891535992e+12 1.63625157022e+29
8 7.37950520038e+12 1.63530526968e+29
8 7.38009504084e+12 1.63435860384e+29
8 7.38068488129e+12 1.63341157265e+29
8 7.38127472175e+12 1.63246417607e+29
8 7.38186456221e+12 1.63151641405e+29
8 7.38245440267e+12 1.63056828655e+29
8 7.38304424313e+12 1.62961979352e+29
8 7.38363408359e+12 1.6286709349e+29
8 7.38422392405e+12 1.62772171067e+29
8 7.38481376451e+12 1.62677212076e+29
8 7.38540360496e+12 1.62582216514e+29
8 7.38599344542e+12 1.62486898393e+29
8 7.38658328588e+12 1.62390823678e+29
8 7.38717312634e+12 1.62294506869e+29
8 7.3877629668e+12 1.62198153082e+29
8 7.38835280726e+12 1.62101762314e+29
8 7.38894264772e+12 1.6200533456e+29
8 7.38953248818e+12 1.61908869814e+29
8 7.39012232863e+12 1.61812368073e+29
8 7.39071216909e+12 1.61715829331e+29
8 7.39130200955e+12 1.61619253584e+29
8 7.39189185001e+12 1.61522640827e+29
8 7.39248169047e+12 1.61425991056e+29
8 7.39307153093e+12 1.61329304266e+29
8 7.39366137139e+12 1.61232580451e+29
8 7.39425121185e+12 1.61135819608e+29
8 7.3948410523e+12 1.61039021732e+29
8 7.39543089276e+12 1.60942186818e+29
8 7.39602073322e+12 1.60845314862e+29
8 7.39661057368e+12 1.60748405858e+29
8 7.39720041414e+12 1.6065148502e+29
8 7.3977902546e+12 1.6055554634e+29
8 7.39838009506e+12 1.6046074383e+29
8 7.39896993552e+12 1.60366015549e+29
8 7.39955977597e+12 1.60271250939e+29
8 7.40014961643e+12 1.60176449997e+29
8 7.40073945689e+12 1.60081612717e+29
8 7.40132929735e+12 1.59986739096e+29
8 7.40191913781e+12 1.59891829128e+29
8 7.40250897827e+12 1.59796882809e+29
8 7.40309881873e+12 1.59701900135e+29
8 7.40368865918e+12 1.596068811e+29
8 7.40427849964e+12 1.59511825701e+29
8 7.4048683401e+12 1.59416733932e+29
8 7.40545818056e+12 1.59321605789e+29
8 7.40604802102e+12 1.59226441268e+29
8 7.40663786148e+12 1.59131240364e+29
8 7.40722770194e+12 1.59036003072e+29
8 7.4078175424e+12 1.58940729388e+29
8 7.40840738285e+12 1.58845419307e+29
8 7.40899722331e+12 1.58750033991e+29
8 7.40958706377e+12 1.58654063609e+29
8 7.41017690423e+12 1.58557527602e+29
8 7.41076674469e+12 1.584609269e+29
8 7.41135658515e+12 1.58364289413e+29
8 7.41194642561e+12 1.58267615137e+29
8 7.41253626607e+12 1.58170904068e+29
8 7.41312610652e+12 1.580741562e+29
8 7.41371594698e+12 1.5797737153e+29
8 7.41430578744e+12 1.57880550052e+29
8 7.4148956279e+12 1.57783691762e+29
8 7.41548546836e+12 1.57686796655e+29
8 7.41607530882e+12 1.57589864727e+29
8 7.41666514928e+12 1.57492895973e+29
8 7.41725498974e+12 1.57395890389e+29
8 7.41784483019e+12 1.57298847969e+29
8 7.41843467065e+12 1.57201768709e+29
8 7.41902451111e+12 1.57104652605e+29
8 7.41961435157e+12 1.57007499651e+29
8 7.42020419203e+12 1.56910309844e+29
8 7.42079403249e+12 1.56813525156e+29
8 7.42138387295e+12 1.56718134697e+29
8 7.42197371341e+12 1.56623231241e+29
8 7.42256355386e+12 1.56528291676e+29
8 7.42315339432e+12 1.56433315995e+29
8 7.42374323478e+12 1.56338304195e+29
8 7.42433307524e+12 1.56243256271e+29
8 7.4249229157e+12 1.56148172219e+29
8 7.42551275616e+12 1.56053052033e+29
8 7.42610259662e+12 1.5595789571e+29
8 7.42669243707e+12 1.55862703245e+29
8 7.42728227753e+12 1.55767474633e+29
8 7.42787211799e+12 1.55672209869e+29
8 7.42846195845e+12 1.5557690895e+29
8 7.42905179891e+12 1.55481571871e+29
8 7.42964163937e+12 1.55386198627e+29
8 7.43023147983e+12 1.55290789213e+29
8 7.43082132029e+12 1.55195343625e+29
8 7.43141116074e+12 1.55099861859e+29
8 7.4320010012e+12 1.5500434391e+29
8 7.43259084166e+12 1.54890401514e+29
8 7.43318068212e+12 1.5473961246e+29
8 7.43377052258e+12 1.54581129086e+29
8 7.43436036304e+12 1.54422589563e+29
8 7.4349502035e+12 1.54263993884e+29
8 7.43554004396e+12 1.54105342042e+29
8 7.43612988441e+12 1.5394663403e+29
8 7.43671972487e+12 1.53787869841e+29
8 7.43730956533e+12 1.53629049468e+29
8 7.43789940579e+12 1.53471589684e+29
8 7.43848924625e+12 1.53343221772e+29
8 7.43907908671e+12 1.53245531519e+29
8 7.43966892717e+12 1.53150096693e+29
8 7.44025876763e+12 1.5305462582e+29
8 7.44084860808e+12 1.52959118894e+29
8 7.44143844854e+12 1.52863575911e+29
8 7.442028289e+12 1.52767996867e+29
8 7.44273609755e+12 1.90816565302e+29
8 7.4434439061e+12 1.90673203206e+29
8 7.44415171465e+12 1.90545669736e+29
8 7.4448595232e+12 1.90442979592e+29
8 7.44556733175e+12 1.90344875268e+29
8 7.4462751403e+12 1.90246723309e+29
8 7.44698294885e+12 1.90148523706e+29
8 7.44769075741e+12 1.90050276453e+29
8 7.44839856596e+12 1.89951981542e+29
8 7.44910637451e+12 1.89853638966e+29
8 7.44981418306e+12 1.89755248717e+29
8 7.45052199161e+12 1.89656810788e+29
8 7.45122980016e+12 1.89558325173e+29
8 7.45193760871e+12 1.89459791863e+29
8 7.45264541726e+12 1.89361210851e+29
8 7.45335322581e+12 1.89262582131e+29
8 7.45406103436e+12 1.89163905694e+29
8 7.45476884291e+12 1.89065181534e+29
8 7.45547665146e+12 1.88960348893e+29
8 7.45618446001e+12 1.88829394041e+29
8 7.45689226856e+12 1.88684413078e+29
8 7.45760007711e+12 1.88539359016e+29
8 7.45830788566e+12 1.88394239682e+29
8 7.45901569421e+12 1.88249055066e+29
8 7.45972350276e+12 1.88103805157e+29
8 7.46043131131e+12 1.87958489945e+29
8 7.46113911986e+12 1.87813109422e+29
8 7.46184692841e+12 1.87667663578e+29
8 7.46255473696e+12 1.87522152402e+29
8 7.46326254552e+12 1.87376575884e+29
8 7.46397035407e+12 1.87230934016e+29
8 7.46467816262e+12 1.87085226786e+29
8 7.46538597117e+12 1.86939454187e+29
8 7.46609377972e+12 1.86793616206e+29
8 7.46680158827e+12 1.86647994963e+29
8 7.46750939682e+12 1.86504313807e+29
8 7.46821720537e+12 1.86362049832e+29
8 7.46892501392e+12 1.86219742152e+29
8 7.46963282247e+12 1.8607737048e+29
8 7.47034063102e+12 1.85934934806e+29
8 7.47104843957e+12 1.85792435121e+29
8 7.47175624812e+12 1.85649871416e+29
8 7.47246405667e+12 1.85507243679e+29
8 7.47317186522e+12 1.85364551903e+29
8 7.47387967377e+12 1.85221796078e+29
8 7.47458748232e+12 1.85078976193e+29
8 7.47529529087e+12 1.8493609224e+29
8 7.47600309942e+12 1.84793144209e+29
8 7.47671090797e+12 1.84650132089e+29
8 7.47741871652e+12 1.84507055873e+29
8 7.47812652507e+12 1.84363908868e+29
8 7.47883433363e+12 1.84220171327e+29
8 7.47954214218e+12 1.84075636407e+29
8 7.48024995073e+12 1.83930926878e+29
8 7.48095775928e+12 1.83786152682e+29
8 7.48166556783e+12 1.8364131381e+29
8 7.48237337638e+12 1.83496410252e+29
8 7.48308118493e+12 1.83351441999e+29
8 7.48378899348e+12 1.83206409042e+29
8 7.48449680203e+12 1.83061311369e+29
8 7.48520461058e+12 1.82916148973e+29
8 7.48591241913e+12 1.82770921843e+29
8 7.48662022768e+12 1.82625629969e+29
8 7.48732803623e+12 1.82480273343e+29
8 7.48803584478e+12 1.82334851953e+29
8 7.48874365333e+12 1.82189365791e+29
8 7.48945146188e+12 1.82043821445e+29
8 7.49015927043e+12 1.81899492622e+29
8 7.49086707898e+12 1.81757259935e+29
8 7.49157488753e+12 1.81615410408e+29
8 7.49228269608e+12 1.81473497533e+29
8 7.49299050463e+12 1.81331521299e+29
8 7.49369831318e+12 1.81189481699e+29
8 7.49440612174e+12 1.81047378722e+29
8 7.49511393029e+12 1.80905212358e+29
8 7.49582173884e+12 1.80762982599e+29
8 7.49652954739e+12 1.80620689435e+29
8 7.49723735594e+12 1.80478332856e+29
8 7.49794516449e+12 1.80335912853e+29
8 7.49865297304e+12 1.80193429417e+29
8 7.49936078159e+12 1.80050882538e+29
8 7.50006859014e+12 1.79908272206e+29
8 7.50077639869e+12 1.79765598413e+29
8 7.50148420724e+12 1.79622651406e+29
8 7.50219201579e+12 1.79478922064e+29
8 7.50289982434e+12 1.79334812755e+29
8 7.50360763289e+12 1.79190639477e+29
8 7.50431544144e+12 1.79046402221e+29
8 7.50502324999e+12 1.78902100976e+29
8 7.50573105854e+12 1.78757735733e+29
8 7.50643886709e+12 1.78613306483e+29
8 7.50714667564e+12 1.78468813216e+29
8 7.50785448419e+12 1.78324255923e+29
8 7.50856229274e+12 1.78179634594e+29
8 7.50927010129e+12 1.7803494922e+29
8 7.50997790985e+12 1.77890199791e+29
8 7.5106857184e+12 1.77745386298e+29
8 7.51139352695e+12 1.77600508731e+29
8 7.5121013355e+12 1.7745556708e+29
8 7.51280914405e+12 1.77311162267e+29
8 7.5135169526e+12 1.77168972017e+29
8 7.51422476115e+12 1.77027822191e+29
8 7.5149325697e+12 1.76886609744e+29
8 7.51564037825e+12 1.76745334668e+29
8 7.5163481868e+12 1.76603996954e+29
8 7.51705599535e+12 1.76462596591e+29
8 7.5177638039e+12 1.7632113357e+29
8 7.51847161245e+12 1.76179607883e+29
8 7.519179421e+12 1.7603801952e+29
8 7.51988722955e+12 1.75896368471e+29
8 7.5205950381e+12 1.75754654728e+29
8 7.52130284665e+12 1.75612878281e+29
8 7.5220106552e+12 1.75471039121e+29
8 7.52271846375e+12 1.75329137238e+29
8 7.5234262723e+12 1.75187172624e+29
8 7.52413408085e+12 1.75045075221e+29
8 7.52484188941e+12 1.74902335277e+29
8 7.52554969796e+12 1.74759063158e+29
8 7.52625750651e+12 1.74615713103e+29
8 7.52696531506e+12 1.74472299842e+29
8 7.52767312361e+12 1.74328823367e+29
8 7.52838093216e+12 1.74185283669e+29
8 7.52908874071e+12 1.74041680738e+29
8 7.52979654926e+12 1.73898014564e+29
8 7.53050435781e+12 1.73754285139e+29
8 7.53121216636e+12 1.73610492453e+29
8 7.53191997491e+12 1.73466636496e+29
8 7.53262778346e+12 1.7332271726e+29
8 7.53333559201e+12 1.73178734735e+29
8 7.53404340056e+12 1.73034688911e+29
8 7.53475120911e+12 1.72890579779e+29
8 7.53545901766e+12 1.7274666466e+29
8 7.53616682621e+12 1.72604770531e+29
8 7.53687463476e+12 1.72464479294e+29
8 7.53758244331e+12 1.72324174096e+29
8 7.53829025186e+12 1.72183807067e+29
8 7.53899806041e+12 1.72043378198e+29
8 7.53970586896e+12 1.71902887481e+29
8 7.54041367752e+12 1.71762334904e+29
8 7.54112148607e+12 1.71621720461e+29
8 7.54182929462e+12 1.71481044141e+29
8 7.54253710317e+12 1.71340305935e+29
8 7.54324491172e+12 1.71199505834e+29
8 7.54395272027e+12 1.7105864383e+29
8 7.54466052882e+12 1.70917719913e+29
8 7.54536833737e+12 1.70776734073e+29
8 7.54607614592e+12 1.70635686302e+29
8 7.54678395447e+12 1.70492748375e+29
8 7.54749176302e+12 1.70310852055e+29
8 7.54819957157e+12 1.70084381032e+29
8 7.54890738012e+12 1.6985318733e+29
8 7.54961518867e+12 1.69621897939e+29
8 7.55032299722e+12 1.69390512846e+29
8 7.55103080577e+12 1.69159032036e+29
8 7.55173861432e+12 1.68927455495e+29
8 7.55244642287e+12 1.68698430937e+29
8 7.55315423142e+12 1.68511044254e+29
8 7.55386203997e+12 1.68367275852e+29
8 7.55456984852e+12 1.6822707443e+29
8 7.55527765707e+12 1.68086811592e+29
8 7.55598546563e+12 1.67946487327e+29
8 7.55669327418e+12 1.67806101629e+29
8 7.55740108273e+12 1.67665654486e+29
8 7.55810889128e+12 1.67526394955e+29
8 7.55881669983e+12 1.67406972153e+29
8 7.55952450838e+12 1.67308408999e+29
8 7.56023231693e+12 1.67211556747e+29
8 7.56094012548e+12 1.67114659422e+29
8 7.56164793403e+12 1.67017717017e+29
8 7.56235574258e+12 1.66920729525e+29
8 7.56306355113e+12 1.6682369694e+29
8 7.56377135968e+12 1.66726619254e+29
8 7.56447916823e+12 1.66629496461e+29
8 7.56518697678e+12 1.66532328554e+29
8 7.56589478533e+12 1.66435115527e+29
8 7.56660259388e+12 1.66337857373e+29
8 7.56731040243e+12 1.66240554084e+29
8 7.56801821098e+12 1.66143205655e+29
8 7.56872601953e+12 1.66045812078e+29
8 7.56943382808e+12 1.65948176103e+29
8 7.57014163663e+12 1.65834104299e+29
8 7.57084944518e+12 1.65696734973e+29
8 7.57155725374e+12 1.65555680648e+29
8 7.57226506229e+12 1.65414564886e+29
8 7.57297287084e+12 1.65273387676e+29
8 7.57368067939e+12 1.65132149011e+29
8 7.57438848794e+12 1.64990848881e+29
8 7.57509629649e+12 1.64849487277e+29
8 7.57580410504e+12 1.6470806419e+29
8 7.57651191359e+12 1.64566579611e+29
8 7.57721972214e+12 1.64425033531e+29
8 7.57792753069e+12 1.64283425941e+29
8 7.57863533924e+12 1.64141756832e+29
8 7.57934314779e+12 1.64000026196e+29
8 7.58005095634e+12 1.63858234022e+29
8 7.58075876489e+12 1.63716441913e+29
8 7.58146657344e+12 1.63576345028e+29
8 7.58217438199e+12 1.63438320598e+29
8 7.58288219054e+12 1.63300485962e+29
8 7.58358999909e+12 1.63162591313e+29
8 7.58429780764e+12 1.63024636642e+29
8 7.58500561619e+12 1.62886621942e+29
8 7.58571342474e+12 1.62748547202e+29
8 7.58642123329e+12 1.62610412414e+29
8 7.58712904185e+12 1.62472217569e+29
8 7.5878368504e+12 1.62333962658e+29
8 7.58854465895e+12 1.62195647674e+29
8 7.5892524675e+12 1.62057272606e+29
8 7.58996027605e+12 1.61918837446e+29
8 7.5906680846e+12 1.61780342185e+29
8 7.59137589315e+12 1.61641786815e+29
8 7.5920837017e+12 1.61503169121e+29
8 7.59279151025e+12 1.6136422375e+29
8 7.5934993188e+12 1.61224799022e+29
8 7.59420712735e+12 1.610852359e+29
8 7.5949149359e+12 1.60945612338e+29
8 7.59562274445e+12 1.60805928328e+29
8 7.596330553e+12 1.60666183861e+29
8 7.59703836155e+12 1.60526378928e+29
8 7.5977461701e+12 1.6038651352e+29
8 7.59845397865e+12 1.60246587627e+29
8 7.5991617872e+12 1.60106601243e+29
8 7.59986959575e+12 1.59966554357e+29
8 7.6005774043e+12 1.5982644696e+29
8 7.60128521285e+12 1.59686279044e+29
8 7.60199302141e+12 1.59546050601e+29
8 7.60270082996e+12 1.5940576162e+29
8 7.60340863851e+12 1.59265460979e+29
8 7.60411644706e+12 1.59126847206e+29
8 7.60482425561e+12 1.58990368626e+29
8 7.60553206416e+12 1.58854103672e+29
8 7.60623987271e+12 1.58717779725e+29
8 7.60694768126e+12 1.58581396776e+29
8 7.60765548981e+12 1.58444954816e+29
8 7.60836329836e+12 1.58308453838e+29
8 7.60907110691e+12 1.58171893832e+29
8 7.60977891546e+12 1.5803527479e+29
8 7.61048672401e+12 1.57898596703e+29
8 7.61119453256e+12 1.57761859563e+29
8 7.61190234111e+12 1.5762506336e+29
8 7.61261014966e+12 1.57488208087e+29
8 7.61331795821e+12 1.57351293735e+29
8 7.61402576676e+12 1.57214320295e+29
8 7.61473357531e+12 1.57077285693e+29
8 7.61544138386e+12 1.56939961228e+29
8 7.61614919241e+12 1.56802222417e+29
8 7.61685700096e+12 1.56664360007e+29
8 7.61756480952e+12 1.56526438224e+29
8 7.61827261807e+12 1.56388457058e+29
8 7.61898042662e+12 1.56250416502e+29
8 7.61968823517e+12 1.56112316546e+29
8 7.62039604372e+12 1.55974157182e+29
8 7.62110385227e+12 1.55835938401e+29
8 7.62181166082e+12 1.55697660195e+29
8 7.62251946937e+12 1.55559322555e+29
8 7.62322727792e+12 1.55420925472e+29
8 7.62393508647e+12 1.55282468937e+29
8 7.62464289502e+12 1.55143952943e+29
8 7.62535070357e+12 1.55005377479e+29
8 7.62605851212e+12 1.54866816472e+29
8 7.62676632067e+12 1.547300239e+29
8 7.62747412922e+12 1.54595334334e+29
8 7.62818193777e+12 1.54460827642e+29
8 7.62888974632e+12 1.54326263036e+29
8 7.62959755487e+12 1.54191640508e+29
8 7.63030536342e+12 1.54056960049e+29
8 7.63101317197e+12 1.53922221652e+29
8 7.63172098052e+12 1.53787425307e+29
8 7.63242878907e+12 1.53652571006e+29
8 7.63313659763e+12 1.53517658741e+29
8 7.63384440618e+12 1.53382688503e+29
8 7.63455221473e+12 1.53247660284e+29
8 7.63526002328e+12 1.53112574075e+29
8 7.63596783183e+12 1.52977429868e+29
8 7.63667564038e+12 1.52842227655e+29
8 7.63738344893e+12 1.52706964619e+29
8 7.63820922557e+12 1.83058539525e+29
8 7.63903500221e+12 1.82868259967e+29
8 7.63986077885e+12 1.82677842337e+29
8 7.6406865555e+12 1.82487329553e+29
8 7.64151233214e+12 1.82296721598e+29
8 7.64233810878e+12 1.82106018455e+29
8 7.64316388542e+12 1.81915220109e+29
8 7.64398966207e+12 1.81724326544e+29
8 7.64481543871e+12 1.81533337743e+29
8 7.64564121535e+12 1.8134225369e+29
8 7.64646699199e+12 1.8115107437e+29
8 7.64729276863e+12 1.80959799765e+29
8 7.64811854528e+12 1.80768429861e+29
8 7.64894432192e+12 1.80577817731e+29
8 7.64977009856e+12 1.80390496874e+29
8 7.6505958752e+12 1.80204893558e+29
8 7.65142165185e+12 1.80019200228e+29
8 7.65224742849e+12 1.79833414132e+29
8 7.65307320513e+12 1.79647535253e+29
8 7.65389898177e+12 1.79461563578e+29
8 7.65472475841e+12 1.79275499089e+29
8 7.65555053506e+12 1.79089341771e+29
8 7.6563763117e+12 1.78903091609e+29
8 7.65720208834e+12 1.78716748587e+29
8 7.65802786498e+12 1.78530312689e+29
8 7.65885364163e+12 1.78343783899e+29
8 7.65967941827e+12 1.78157162201e+29
8 7.66050519491e+12 1.77941336452e+29
8 7.66133097155e+12 1.77659620101e+29
8 7.66215674819e+12 1.77356755014e+29
8 7.66298252484e+12 1.77053746972e+29
8 7.66380830148e+12 1.76750595949e+29
8 7.66463407812e+12 1.76447301922e+29
8 7.66545985476e+12 1.7614479863e+29
8 7.66628563141e+12 1.75888032508e+29
8 7.66711140805e+12 1.75693279118e+29
8 7.66793718469e+12 1.75508779671e+29
8 7.66876296133e+12 1.75324188513e+29
8 7.66958873797e+12 1.75139505629e+29
8 7.67041451462e+12 1.74954731003e+29
8 7.67124029126e+12 1.74772107018e+29
8 7.6720660679e+12 1.74615941859e+29
8 7.67289184454e+12 1.74485845117e+29
8 7.67371762118e+12 1.74357735018e+29
8 7.67454339783e+12 1.74229557644e+29
8 7.67536917447e+12 1.74101312985e+29
8 7.67619495111e+12 1.73973001027e+29
8 7.67702072775e+12 1.73844621761e+29
8 7.6778465044e+12 1.73716175175e+29
8 7.67867228104e+12 1.73587661256e+29
8 7.67949805768e+12 1.73459079994e+29
8 7.68032383432e+12 1.73330431377e+29
8 7.68114961096e+12 1.73201715393e+29
8 7.68197538761e+12 1.73072932031e+29
8 7.68280116425e+12 1.72938093716e+29
8 7.68362694089e+12 1.72773386954e+29
8 7.68445271753e+12 1.72589005186e+29
8 7.68527849418e+12 1.72404365453e+29
8 7.68610427082e+12 1.72219634398e+29
8 7.68693004746e+12 1.72034812007e+29
8 7.6877558241e+12 1.71849898263e+29
8 7.68858160074e+12 1.71664893152e+29
8 7.68940737739e+12 1.71479796657e+29
8 7.69023315403e+12 1.71294608765e+29
8 7.69105893067e+12 1.71109329458e+29
8 7.69188470731e+12 1.70923958723e+29
8 7.69271048396e+12 1.70738496543e+29
8 7.6935362606e+12 1.70552952129e+29
8 7.69436203724e+12 1.70369262401e+29
8 7.69518781388e+12 1.70188808023e+29
8 7.69601359052e+12 1.70009032811e+29
8 7.69683936717e+12 1.69829168675e+29
8 7.69766514381e+12 1.696492156e+29
8 7.69849092045e+12 1.69469173572e+29
8 7.69931669709e+12 1.69289042576e+29
8 7.70014247374e+12 1.69108822596e+29
8 7.70096825038e+12 1.68928513618e+29
8 7.70179402702e+12 1.68748115626e+29
8 7.70261980366e+12 1.68567628606e+29
8 7.7034455803e+12 1.68387052543e+29
8 7.70427135695e+12 1.68206387422e+29
8 7.70509713359e+12 1.68025621062e+29
8 7.70592291023e+12 1.67844569039e+29
8 7.70674868687e+12 1.67663211184e+29
8 7.70757446352e+12 1.67481742497e+29
8 7.70840024016e+12 1.67300184486e+29
8 7.7092260168e+12 1.67118537135e+29
8 7.71005179344e+12 1.6693680043e+29
8 7.71087757008e+12 1.66754974356e+29
8 7.71170334673e+12 1.66573058897e+29
8 7.71252912337e+12 1.66391054039e+29
8 7.71335490001e+12 1.66208959766e+29
8 7.71418067665e+12 1.66026776065e+29
8 7.7150064533e+12 1.65844502919e+29
8 7.71583222994e+12 1.65662140314e+29
8 7.71665800658e+12 1.65480701658e+29
8 7.71748378322e+12 1.65302596364e+29
8 7.71830955986e+12 1.65126015012e+29
8 7.71913533651e+12 1.6494934673e+29
8 7.71996111315e+12 1.64772591503e+29
8 7.72078688979e+12 1.64595749317e+29
8 7.72161266643e+12 1.64418820157e+29
8 7.72243844307e+12 1.64241804008e+29
8 7.72326421972e+12 1.64064700856e+29
8 7.72408999636e+12 1.63887510687e+29
8 7.724915773e+12 1.63710233485e+29
8 7.72574154964e+12 1.63532869237e+29
8 7.72656732629e+12 1.63355417928e+29
8 7.72739310293e+12 1.63177879443e+29
8 7.72821887957e+12 1.63000155356e+29
8 7.72904465621e+12 1.62822157441e+29
8 7.72987043285e+12 1.62644024697e+29
8 7.7306962095e+12 1.62465804677e+29
8 7.73152198614e+12 1.62287497367e+29
8 7.73234776278e+12 1.6210910275e+29
8 7.73317353942e+12 1.61930620814e+29
8 7.73399931607e+12 1.61752051542e+29
8 7.73482509271e+12 1.61573394922e+29
8 7.73565086935e+12 1.61394650937e+29
8 7.73647664599e+12 1.61215819575e+29
8 7.73730242263e+12 1.61036900819e+29
8 7.73812819928e+12 1.60857894655e+29
8 7.73895397592e+12 1.60679186423e+29
8 7.73977975256e+12 1.60503423787e+29
8 7.7406055292e+12 1.60330087663e+29
8 7.74143130585e+12 1.60156776929e+29
8 7.74225708249e+12 1.59983381292e+29
8 7.74308285913e+12 1.5980990074e+29
8 7.74390863577e+12 1.59636335258e+29
8 7.74473441241e+12 1.59462684832e+29
8 7.74556018906e+12 1.59288949448e+29
8 7.7463859657e+12 1.59115129091e+29
8 7.74721174234e+12 1.58941223747e+29
8 7.74803751898e+12 1.58767233403e+29
8 7.74886329563e+12 1.58593158043e+29
8 7.74968907227e+12 1.58418997655e+29
8 7.75051484891e+12 1.58244719244e+29
8 7.75134062555e+12 1.58070232019e+29
8 7.75216640219e+12 1.57895596935e+29
8 7.75299217884e+12 1.57720876672e+29
8 7.75381795548e+12 1.57546071216e+29
8 7.75464373212e+12 1.57371180551e+29
8 7.75546950876e+12 1.57196204665e+29
8 7.75629528541e+12 1.57021143543e+29
8 7.75712106205e+12 1.56845997171e+29
8 7.75794683869e+12 1.56670765534e+29
8 7.75877261533e+12 1.56495448618e+29
8 7.75959839197e+12 1.5632004641e+29
8 7.76042416862e+12 1.56144558894e+29
8 7.76124994526e+12 1.55969040132e+29
8 7.7620757219e+12 1.55795774759e+29
8 7.76290149854e+12 1.55625551937e+29
8 7.76372727518e+12 1.55455753843e+29
8 7.76455305183e+12 1.55285872937e+29
8 7.76537882847e+12 1.55115909204e+29
8 7.76620460511e+12 1.54945862632e+29
8 7.76703038175e+12 1.54775733205e+29
8 7.7678561584e+12 1.54605520911e+29
8 7.76868193504e+12 1.54435225736e+29
8 7.76950771168e+12 1.54264847665e+29
8 7.77033348832e+12 1.54094386686e+29
8 7.77115926496e+12 1.53923842784e+29
8 7.77198504161e+12 1.53753215946e+29
8 7.77281081825e+12 1.53577194318e+29
8 7.77363659489e+12 1.53350638399e+29
8 7.77446237153e+12 1.53079680162e+29
8 7.77528814818e+12 1.52806167542e+29
8 7.77623189291e+12 1.779089913e+29
8 7.77717563764e+12 1.77543934102e+29
8 7.77811938238e+12 1.77179982255e+29
8 7.77906312711e+12 1.76869354526e+29
8 7.78000687185e+12 1.76632124871e+29
8 7.78095061658e+12 1.76408091274e+29
8 7.78189436131e+12 1.76183933383e+29
8 7.78283810605e+12 1.75959651175e+29
8 7.78378185078e+12 1.75735905438e+29
8 7.78472559552e+12 1.75537570429e+29
8 7.78566934025e+12 1.7537388597e+29
8 7.78661308498e+12 1.75216303805e+29
8 7.78755682972e+12 1.75058629776e+29
8 7.78850057445e+12 1.74900863866e+29
8 7.78944431918e+12 1.74743006057e+29
8 7.79038806392e+12 1.74585056331e+29
8 7.79133180865e+12 1.74427014672e+29
8 7.79227555339e+12 1.7426888106e+29
8 7.79321929812e+12 1.7411065548e+29
8 7.79416304285e+12 1.73952337912e+29
8 7.79510678759e+12 1.737920732e+29
8 7.79605053232e+12 1.73605006342e+29
8 7.79699427706e+12 1.73389051908e+29
8 7.79793802179e+12 1.73169879271e+29
8 7.79888176652e+12 1.72950585283e+29
8 7.79982551126e+12 1.72731169921e+29
8 7.80076925599e+12 1.72511633161e+29
8 7.80171300073e+12 1.72291974981e+29
8 7.80265674546e+12 1.72072195358e+29
8 7.80360049019e+12 1.71852294269e+29
8 7.80454423493e+12 1.7163227169e+29
8 7.80548797966e+12 1.714121276e+29
8 7.8064317244e+12 1.7119186208e+29
8 7.80737546913e+12 1.70971476871e+29
8 7.80831921386e+12 1.70750972221e+29
8 7.8092629586e+12 1.70530346239e+29
8 7.81020670333e+12 1.70309598633e+29
8 7.81115044807e+12 1.70088729379e+29
8 7.8120941928e+12 1.69867738454e+29
8 7.81303793753e+12 1.69646625836e+29
8 7.81398168227e+12 1.69425391502e+29
8 7.814925427e+12 1.69204035428e+29
8 7.81586917174e+12 1.68982557591e+29
8 7.81681291647e+12 1.6876095797e+29
8 7.8177566612e+12 1.68539644459e+29
8 7.81870040594e+12 1.68321960151e+29
8 7.81964415067e+12 1.68107624344e+29
8 7.82058789541e+12 1.67893408735e+29
8 7.82153164014e+12 1.67679075024e+29
8 7.82247538487e+12 1.6746462319e+29
8 7.82341912961e+12 1.6725005321e+29
8 7.82436287434e+12 1.67035365062e+29
8 7.82530661907e+12 1.66820558724e+29
8 7.82625036381e+12 1.66605634173e+29
8 7.82719410854e+12 1.66390591387e+29
8 7.82813785328e+12 1.66175430343e+29
8 7.82908159801e+12 1.65960154659e+29
8 7.83002534274e+12 1.65744803403e+29
8 7.83096908748e+12 1.65529376409e+29
8 7.83191283221e+12 1.65313834651e+29
8 7.83285657695e+12 1.65098174569e+29
8 7.83380032168e+12 1.64882396141e+29
8 7.83474406641e+12 1.64666499345e+29
8 7.83568781115e+12 1.64450484157e+29
8 7.83663155588e+12 1.64234350557e+29
8 7.83757530062e+12 1.64018098522e+29
8 7.83851904535e+12 1.63801728029e+29
8 7.83946279008e+12 1.63585239057e+29
8 7.84040653482e+12 1.633691999e+29
8 7.84135027955e+12 1.63156937144e+29
8 7.84229402429e+12 1.62947727913e+29
8 7.84323776902e+12 1.62738537242e+29
8 7.84418151375e+12 1.6252923172e+29
8 7.84512525849e+12 1.62319811325e+29
8 7.84606900322e+12 1.62110276037e+29
8 7.84701274796e+12 1.61900625833e+29
8 7.84795649269e+12 1.61690860692e+29
8 7.84890023742e+12 1.61480980591e+29
8 7.84984398216e+12 1.61270985511e+29
8 7.85078772689e+12 1.61060875429e+29
8 7.85173147163e+12 1.60850660013e+29
8 7.85267521636e+12 1.60640411034e+29
8 7.85361896109e+12 1.60430119858e+29
8 7.85456270583e+12 1.60219718173e+29
8 7.85550645056e+12 1.6000920146e+29
8 7.8564501953e+12 1.59798569696e+29
8 7.85739394003e+12 1.5958782286e+29
8 7.85833768476e+12 1.5937696093e+29
8 7.8592814295e+12 1.59165983886e+29
8 7.86022517423e+12 1.58954891704e+29
8 7.86116891896e+12 1.58743684365e+29
8 7.8621126637e+12 1.58532361846e+29
8 7.86305640843e+12 1.58321622761e+29
8 7.86400015317e+12 1.58114731951e+29
8 7.8649438979e+12 1.57910658607e+29
8 7.86588764263e+12 1.57706552649e+29
8 7.86683138737e+12 1.57502335087e+29
8 7.8677751321e+12 1.572980059e+29
8 7.86871887684e+12 1.57093565067e+29
8 7.86966262157e+12 1.56889012568e+29
8 7.8706063663e+12 1.56684348382e+29
8 7.87155011104e+12 1.56479572486e+29
8 7.87249385577e+12 1.56274684862e+29
8 7.87343760051e+12 1.56069685487e+29
8 7.87438134524e+12 1.55856032921e+29
8 7.87532508997e+12 1.55580868555e+29
8 7.87626883471e+12 1.55254431947e+29
8 7.87721257944e+12 1.54925445883e+29
8 7.87815632418e+12 1.54596288774e+29
8 7.87910006891e+12 1.54266960588e+29
8 7.88004381364e+12 1.53949281616e+29
8 7.88098755838e+12 1.53697941431e+29
8 7.88193130311e+12 1.53495405295e+29
8 7.88287504785e+12 1.53294039023e+29
8 7.88381879258e+12 1.53092563109e+29
8 7.88476253731e+12 1.52890977532e+29
8 7.88570628205e+12 1.52695462679e+29
8 7.88676799487e+12 1.74302225676e+29
8 7.8878297077e+12 1.7412116315e+29
8 7.88889142052e+12 1.73940390004e+29
8 7.88995313335e+12 1.73759500605e+29
8 7.89101484618e+12 1.73578494929e+29
8 7.892076559e+12 1.7339737295e+29
8 7.89313827183e+12 1.73216134645e+29
8 7.89419998465e+12 1.73034779988e+29
8 7.89526169748e+12 1.72853308955e+29
8 7.8963234103e+12 1.72671721521e+29
8 7.89738512313e+12 1.72473098755e+29
8 7.89844683596e+12 1.72232690892e+29
8 7.89950854878e+12 1.71975690495e+29
8 7.90057026161e+12 1.71718533248e+29
8 7.90163197443e+12 1.71461219118e+29
8 7.90269368726e+12 1.71203748072e+29
8 7.90375540008e+12 1.70946120078e+29
8 7.90481711291e+12 1.70688335102e+29
8 7.90587882574e+12 1.70430393112e+29
8 7.90694053856e+12 1.70172294074e+29
8 7.90800225139e+12 1.699142866e+29
8 7.90906396421e+12 1.69660196658e+29
8 7.91012567704e+12 1.69410552151e+29
8 7.91118738986e+12 1.69161354752e+29
8 7.91224910269e+12 1.68912005257e+29
8 7.91331081552e+12 1.68662503633e+29
8 7.91437252834e+12 1.68412849848e+29
8 7.91543424117e+12 1.68163043871e+29
8 7.91649595399e+12 1.6791308567e+29
8 7.91755766682e+12 1.67662975214e+29
8 7.91861937964e+12 1.67412712469e+29
8 7.91968109247e+12 1.67162331516e+29
8 7.9207428053e+12 1.66912005996e+29
8 7.92180451812e+12 1.66661690396e+29
8 7.92286623095e+12 1.66411228849e+29
8 7.92392794377e+12 1.66160615076e+29
8 7.9249896566e+12 1.65909849043e+29
8 7.92605136942e+12 1.6565893072e+29
8 7.92711308225e+12 1.65407860074e+29
8 7.92817479507e+12 1.65156637075e+29
8 7.9292365079e+12 1.64905261689e+29
8 7.93029822073e+12 1.64653733885e+29
8 7.93135993355e+12 1.64404368577e+29
8 7.93242164638e+12 1.64159986255e+29
8 7.9334833592e+12 1.63917284308e+29
8 7.93454507203e+12 1.63674434784e+29
8 7.93560678485e+12 1.63431437653e+29
8 7.93666849768e+12 1.63188292884e+29
8 7.93773021051e+12 1.62945000447e+29
8 7.93879192333e+12 1.6270156031e+29
8 7.93985363616e+12 1.62457972442e+29
8 7.94091534898e+12 1.62214236814e+29
8 7.94197706181e+12 1.61970356697e+29
8 7.94303877463e+12 1.61726482741e+29
8 7.94410048746e+12 1.6148267996e+29
8 7.94516220029e+12 1.61238774199e+29
8 7.94622391311e+12 1.60994720749e+29
8 7.94728562594e+12 1.60750519579e+29
8 7.94834733876e+12 1.60506170656e+29
8 7.94940905159e+12 1.60261673952e+29
8 7.95047076441e+12 1.60017029434e+29
8 7.95153247724e+12 1.59772237073e+29
8 7.95259419007e+12 1.59527296837e+29
8 7.95365590289e+12 1.59282953062e+29
8 7.95471761572e+12 1.59043055495e+29
8 7.95577932854e+12 1.58806629171e+29
8 7.95684104137e+12 1.58570204828e+29
8 7.95790275419e+12 1.58333637316e+29
8 7.95896446702e+12 1.58096926606e+29
8 7.96002617985e+12 1.57860072668e+29
8 7.96108789267e+12 1.57623075473e+29
8 7.9621496055e+12 1.5738593499e+29
8 7.96321131832e+12 1.57148651189e+29
8 7.96427303115e+12 1.56911224042e+29
8 7.96533474397e+12 1.56673724814e+29
8 7.9663964568e+12 1.56436331277e+29
8 7.96745816963e+12 1.56198930998e+29
8 7.96851988245e+12 1.55961387809e+29
8 7.96958159528e+12 1.55723701369e+29
8 7.9706433081e+12 1.55485871646e+29
8 7.97170502093e+12 1.55247898611e+29
8 7.97276673375e+12 1.55009782235e+29
8 7.97382844658e+12 1.54771522488e+29
8 7.97489015941e+12 1.5453311934e+29
8 7.97595187223e+12 1.54294591636e+29
8 7.97701358506e+12 1.54058913066e+29
8 7.97807529788e+12 1.53827806766e+29
8 7.97913701071e+12 1.53597700556e+29
8 7.98019872353e+12 1.53367455517e+29
8 7.98126043636e+12 1.5313707162e+29
8 7.98232214919e+12 1.52906548836e+29
8 7.9835018301e+12 1.71731525201e+29
8 7.98468151102e+12 1.71442995446e+29
8 7.98586119194e+12 1.71154272663e+29
8 7.98704087285e+12 1.7086535681e+29
8 7.98822055377e+12 1.7054109452e+29
8 7.98940023469e+12 1.701218885e+29
8 7.99057991561e+12 1.69659611984e+29
8 7.99175959652e+12 1.69197040198e+29
8 7.99293927744e+12 1.68734427174e+29
8 7.99411895836e+12 1.6832887829e+29
8 7.99529863928e+12 1.68019276573e+29
8 7.99647832019e+12 1.6773562395e+29
8 7.99765800111e+12 1.6745178198e+29
8 7.99883768203e+12 1.67169346376e+29
8 8.00001736295e+12 1.66921288264e+29
8 8.00119704386e+12 1.66715788832e+29
8 8.00237672478e+12 1.66517182456e+29
8 8.0035564057e+12 1.66318437212e+29
8 8.00473608662e+12 1.6611955307e+29
8 8.00591576753e+12 1.65920529996e+29
8 8.00709544845e+12 1.65721367959e+29
8 8.00827512937e+12 1.65522066926e+29
8 8.00945481029e+12 1.65322626865e+29
8 8.0106344912e+12 1.65117447138e+29
8 8.01181417212e+12 1.64872280008e+29
8 8.01299385304e+12 1.64592540583e+29
8 8.01417353396e+12 1.64310640425e+29
8 8.01535321487e+12 1.64028552866e+29
8 8.01653289579e+12 1.63746277861e+29
8 8.01771257671e+12 1.63463815369e+29
8 8.01889225763e+12 1.63181165347e+29
8 8.02007193854e+12 1.62898327751e+29
8 8.02125161946e+12 1.62615302539e+29
8 8.02243130038e+12 1.62334256562e+29
8 8.0236109813e+12 1.62058586649e+29
8 8.02479066221e+12 1.61785112202e+29
8 8.02597034313e+12 1.61511455913e+29
8 8.02715002405e+12 1.6123761774e+29
8 8.02832970496e+12 1.60963597642e+29
8 8.02950938588e+12 1.60689395578e+29
8 8.0306890668e+12 1.60415011505e+29
8 8.03186874772e+12 1.60140445382e+29
8 8.03304842863e+12 1.59865697029e+29
8 8.03422810955e+12 1.5959074098e+29
8 8.03540779047e+12 1.59315561497e+29
8 8.03658747139e+12 1.59040189163e+29
8 8.0377671523e+12 1.58764634525e+29
8 8.03894683322e+12 1.58488897542e+29
8 8.04012651414e+12 1.58212978172e+29
8 8.04130619506e+12 1.57936876373e+29
8 8.04248587597e+12 1.57660592103e+29
8 8.04366555689e+12 1.57384125322e+29
8 8.04484523781e+12 1.57108015739e+29
8 8.04602491873e+12 1.56836225709e+29
8 8.04720459964e+12 1.56568438696e+29
8 8.04838428056e+12 1.56300801373e+29
8 8.04956396148e+12 1.56032986933e+29
8 8.0507436424e+12 1.55764995336e+29
8 8.05192332331e+12 1.55496826541e+29
8 8.05310300423e+12 1.55228480508e+29
8 8.05428268515e+12 1.54959957197e+29
8 8.05546236607e+12 1.54691256567e+29
8 8.05664204698e+12 1.54404052147e+29
8 8.0578217279e+12 1.54033012736e+29
8 8.05900140882e+12 1.53603766443e+29
8 8.06018108974e+12 1.53173040836e+29
8 8.06136077065e+12 1.52742043297e+29
8 8.06265841966e+12 1.69234541748e+29
8 8.06395606867e+12 1.68866307698e+29
8 8.06525371768e+12 1.6854219808e+29
8 8.06655136669e+12 1.68217853616e+29
8 8.0678490157e+12 1.67900277555e+29
8 8.06914666471e+12 1.676295005e+29
8 8.07044431372e+12 1.67399169848e+29
8 8.07174196273e+12 1.67171194216e+29
8 8.07303961174e+12 1.66943046002e+29
8 8.07433726074e+12 1.6671472516e+29
8 8.07563490975e+12 1.66486231648e+29
8 8.07693255876e+12 1.66257565421e+29
8 8.07823020777e+12 1.66028726436e+29
8 8.07952785678e+12 1.65791545479e+29
8 8.08082550579e+12 1.65507420586e+29
8 8.0821231548e+12 1.65185475113e+29
8 8.08342080381e+12 1.64861610419e+29
8 8.08471845282e+12 1.64537512192e+29
8 8.08601610183e+12 1.64213180375e+29
8 8.08731375084e+12 1.63888614907e+29
8 8.08861139985e+12 1.63563815732e+29
8 8.08990904885e+12 1.6323878279e+29
8 8.09120669786e+12 1.62915062362e+29
8 8.09250434687e+12 1.62596684344e+29
8 8.09380199588e+12 1.62281473777e+29
8 8.09509964489e+12 1.61966051349e+29
8 8.0963972939e+12 1.61650401622e+29
8 8.09769494291e+12 1.61334524542e+29
8 8.09899259192e+12 1.6101842005e+29
8 8.10029024093e+12 1.60702088091e+29
8 8.10158788994e+12 1.60385528607e+29
8 8.10288553895e+12 1.60039857399e+29
8 8.10418318796e+12 1.59593077499e+29
8 8.10548083696e+12 1.59086090377e+29
8 8.10677848597e+12 1.58578517037e+29
8 8.10807613498e+12 1.58076420607e+29
8 8.10937378399e+12 1.5765710449e+29
8 8.110671433e+12 1.57331030835e+29
8 8.11196908201e+12 1.57017658194e+29
8 8.11326673102e+12 1.56704060851e+29
8 8.11456438003e+12 1.56409833862e+29
8 8.11586202904e+12 1.56166211609e+29
8 8.11715967805e+12 1.55945367276e+29
8 8.11845732706e+12 1.55724357753e+29
8 8.11975497607e+12 1.55503182999e+29
8 8.12105262508e+12 1.55281842973e+29
8 8.12235027408e+12 1.55060337633e+29
8 8.12364792309e+12 1.54838666937e+29
8 8.1249455721e+12 1.54616830845e+29
8 8.12624322111e+12 1.54377144351e+29
8 8.12754087012e+12 1.54087913128e+29
8 8.12883851913e+12 1.53774642985e+29
8 8.13013616814e+12 1.5346114922e+29
8 8.13143381715e+12 1.53147431776e+29
8 8.13273146616e+12 1.52833490598e+29
8 8.13414708326e+12 1.67739822365e+29
8 8.13556270036e+12 1.67362519154e+29
8 8.13697831746e+12 1.66985146674e+29
8 8.13839393456e+12 1.6661224961e+29
8 8.13980955166e+12 1.66244999339e+29
8 8.14122516876e+12 1.65878521511e+29
8 8.14264078586e+12 1.65511758591e+29
8 8.14405640296e+12 1.65144710501e+29
8 8.14547202007e+12 1.64777377165e+29
8 8.14688763717e+12 1.64409758506e+29
8 8.14830325427e+12 1.64041854447e+29
8 8.14971887137e+12 1.63621171984e+29
8 8.15113448847e+12 1.63081120258e+29
8 8.15255010557e+12 1.62492455859e+29
8 8.15396572267e+12 1.6190335304e+29
8 8.15538133977e+12 1.61357541273e+29
8 8.15679695687e+12 1.6093291423e+29
8 8.15821257397e+12 1.60568470115e+29
8 8.15962819108e+12 1.60203743936e+29
8 8.16104380818e+12 1.59853590465e+29
8 8.16245942528e+12 1.5955955667e+29
8 8.16387504238e+12 1.59301533702e+29
8 8.16529065948e+12 1.59043766479e+29
8 8.16670627658e+12 1.58785791743e+29
8 8.16812189368e+12 1.58527609435e+29
8 8.16953751078e+12 1.582692195e+29
8 8.17095312788e+12 1.58010621881e+29
8 8.17236874498e+12 1.57742365292e+29
8 8.17378436208e+12 1.5733653719e+29
8 8.17519997919e+12 1.56774105862e+29
8 8.17661559629e+12 1.56188280592e+29
8 8.17803121339e+12 1.55606239646e+29
8 8.17944683049e+12 1.55113164568e+29
8 8.18086244759e+12 1.54730910833e+29
8 8.18227806469e+12 1.54368149091e+29
8 8.18369368179e+12 1.54006668004e+29
8 8.18510929889e+12 1.53685769481e+29
8 8.18652491599e+12 1.53417798213e+29
8 8.18794053309e+12 1.53159970736e+29
8 8.18935615019e+12 1.52901937412e+29
8 8.19088973539e+12 1.66496905605e+29
8 8.19242332058e+12 1.66191439954e+29
8 8.19395690577e+12 1.6588571053e+29
8 8.19549049096e+12 1.65563451805e+29
8 8.19702407616e+12 1.65175479341e+29
8 8.19855766135e+12 1.6474305222e+29
8 8.20009124654e+12 1.64309424569e+29
8 8.20162483174e+12 1.63875437907e+29
8 8.20315841693e+12 1.63441092131e+29
8 8.20469200212e+12 1.63006387135e+29
8 8.20622558731e+12 1.62573197267e+29
8 8.20775917251e+12 1.62146548766e+29
8 8.2092927577e+12 1.61723961781e+29
8 8.21082634289e+12 1.61301081918e+29
8 8.21235992808e+12 1.60877852223e+29
8 8.21389351328e+12 1.60454272592e+29
8 8.21542709847e+12 1.60030342925e+29
8 8.21696068366e+12 1.59556582916e+29
8 8.21849426885e+12 1.58949910579e+29
8 8.22002785405e+12 1.58277843365e+29
8 8.22156143924e+12 1.57625802431e+29
8 8.22309502443e+12 1.5709833781e+29
8 8.22462860963e+12 1.56675670485e+29
8 8.22616219482e+12 1.5626108412e+29
8 8.22769578001e+12 1.55893292392e+29
8 8.2292293652e+12 1.55585136305e+29
8 8.2307629504e+12 1.55288271879e+29
8 8.23229653559e+12 1.54991153757e+29
8 8.23383012078e+12 1.54693781864e+29
8 8.23536370597e+12 1.54396156127e+29
8 8.23689729117e+12 1.54077461385e+29
8 8.23843087636e+12 1.53693697233e+29
8 8.23996446155e+12 1.53272959947e+29
8 8.24149804674e+12 1.52851785702e+29
8 8.24314960003e+12 1.65097636887e+29
8 8.24480115331e+12 1.64605414415e+29
8 8.2464527066e+12 1.64115671391e+29
8 8.24810425988e+12 1.63633295815e+29
8 8.24975581317e+12 1.63154411195e+29
8 8.25140736645e+12 1.62675103687e+29
8 8.25305891974e+12 1.62195373159e+29
8 8.25471047302e+12 1.61715190929e+29
8 8.2563620263e+12 1.61233678256e+29
8 8.25801357959e+12 1.60750508917e+29
8 8.25966513287e+12 1.60266641731e+29
8 8.26131668616e+12 1.59782348916e+29
8 8.26296823944e+12 1.59297630343e+29
8 8.26461979273e+12 1.58815066224e+29
8 8.26627134601e+12 1.58339742529e+29
8 8.2679228993e+12 1.57868235576e+29
8 8.26957445258e+12 1.57396322055e+29
8 8.27122600586e+12 1.56923993704e+29
8 8.27287755915e+12 1.56451092147e+29
8 8.27452911243e+12 1.5597662594e+29
8 8.27618066572e+12 1.55500687522e+29
8 8.277832219e+12 1.55024243754e+29
8 8.27948377229e+12 1.54547382556e+29
8 8.28113532557e+12 1.54070712094e+29
8 8.28278687885e+12 1.53599830789e+29
8 8.28443843214e+12 1.53134989014e+29
8 8.28620795352e+12 1.6437866511e+29
8 8.28797747489e+12 1.63842233733e+29
8 8.28974699627e+12 1.63305011696e+29
8 8.29151651764e+12 1.62765909871e+29
8 8.29328603902e+12 1.62225246381e+29
8 8.2950555604e+12 1.61684032606e+29
8 8.29682508177e+12 1.61142401764e+29
8 8.29859460315e+12 1.60605651992e+29
8 8.30036412452e+12 1.60076600061e+29
8 8.3021336459e+12 1.5954927838e+29
8 8.30390316728e+12 1.59021463417e+29
8 8.30567268865e+12 1.58450201796e+29
8 8.30744221003e+12 1.57721019446e+29
8 8.30921173141e+12 1.56917792758e+29
8 8.31098125278e+12 1.5626783696e+29
8 8.31275077416e+12 1.55751096793e+29
8 8.31452029553e+12 1.55308963189e+29
8 8.31628981691e+12 1.54931445967e+29
8 8.31805933829e+12 1.54559793466e+29
8 8.31982885966e+12 1.54184053098e+29
8 8.32159838104e+12 1.53746609391e+29
8 8.32336790241e+12 1.53235443089e+29
8 8.32513742379e+12 1.52710902711e+29
8 8.32702491326e+12 1.63019574543e+29
8 8.32891240273e+12 1.6242737344e+29
8 8.33079989219e+12 1.6184238505e+29
8 8.33268738166e+12 1.61257759356e+29
8 8.33457487113e+12 1.60671975859e+29
8 8.3364623606e+12 1.60083535272e+29
8 8.33834985007e+12 1.59493150136e+29
8 8.34023733953e+12 1.5890234014e+29
8 8.342124829e+12 1.5831699669e+29
8 8.34401231847e+12 1.57739465573e+29
8 8.34589980794e+12 1.57163364932e+29
8 8.34778729741e+12 1.56586086763e+29
8 8.34967478687e+12 1.56005977589e+29
8 8.35156227634e+12 1.55423779133e+29
8 8.35344976581e+12 1.54841624165e+29
8 8.35533725528e+12 1.54265944857e+29
8 8.35722474474e+12 1.53697257262e+29
8 8.35911223421e+12 1.5312904133e+29
8 8.36111769177e+12 1.62691303913e+29
8 8.36312314933e+12 1.6204180014e+29
8 8.36512860689e+12 1.61391067497e+29
8 8.36713406445e+12 1.607459389e+29
8 8.36913952201e+12 1.60109125317e+29
8 8.37114497957e+12 1.59473863988e+29
8 8.37315043713e+12 1.58836045374e+29
8 8.37515589469e+12 1.58195124366e+29
8 8.37716135225e+12 1.5755397772e+29
8 8.37916680981e+12 1.56920037156e+29
8 8.38117226737e+12 1.56293182443e+29
8 8.38317772493e+12 1.55665880782e+29
8 8.38518318249e+12 1.55035344117e+29
8 8.38718864005e+12 1.54402319904e+29
8 8.38919409761e+12 1.53773403766e+29
8 8.39119955517e+12 1.53152705308e+29
8 8.39332298082e+12 1.62029371865e+29
8 8.39544640647e+12 1.61333629705e+29
8 8.39756983212e+12 1.60637536069e+29
8 8.39969325777e+12 1.59947209137e+29
8 8.40181668342e+12 1.59266788638e+29
8 8.40394010908e+12 1.58588316449e+29
8 8.40606353473e+12 1.57906177397e+29
8 8.40818696038e+12 1.57221543049e+29
8 8.41031038603e+12 1.56543322452e+29
8 8.41243381168e+12 1.55873269821e+29
8 8.41455723733e+12 1.55203663127e+29
8 8.41668066298e+12 1.54531901452e+29
8 8.41880408863e+12 1.53872290659e+29
8 8.42092751429e+12 1.5330359453e+29
8 8.42305093994e+12 1.52818119192e+29
8 8.42529233368e+12 1.6127243813e+29
8 8.42753372742e+12 1.60736828136e+29
8 8.42977512117e+12 1.60045199321e+29
8 8.43201651491e+12 1.59027256534e+29
8 8.43425790865e+12 1.57940546683e+29
8 8.4364993024e+12 1.57077750728e+29
8 8.43874069614e+12 1.56352865369e+29
8 8.44098208988e+12 1.55625621729e+29
8 8.44322348363e+12 1.54895832941e+29
8 8.44546487737e+12 1.54173482029e+29
8 8.44770627111e+12 1.53459206276e+29
8 8.44994766485e+12 1.52743117275e+29
8 8.45230702669e+12 1.60428913695e+29
8 8.45466638852e+12 1.59634573813e+29
8 8.45702575036e+12 1.58850095622e+29
8 8.45938511219e+12 1.58065514926e+29
8 8.46174447403e+12 1.57276529891e+29
8 8.46410383586e+12 1.56492056709e+29
8 8.4664631977e+12 1.55717453314e+29
8 8.46882255953e+12 1.54943395722e+29
8 8.47118192137e+12 1.54164885335e+29
8 8.4735412832e+12 1.53390474414e+29
8 8.47601861313e+12 1.60618577044e+29
8 8.47849594306e+12 1.59773648029e+29
8 8.48097327298e+12 1.58924318379e+29
8 8.48345060291e+12 1.58081681785e+29
8 8.48592793284e+12 1.57248490941e+29
8 8.48840526276e+12 1.56413117701e+29
8 8.49088259269e+12 1.55575050144e+29
8 8.49335992262e+12 1.54745915896e+29
8 8.49583725254e+12 1.53923865261e+29
8 8.49831458247e+12 1.53097708547e+29
8 8.50090988049e+12 1.59845058282e+29
8 8.50350517851e+12 1.58948752733e+29
8 8.50610047652e+12 1.58054623106e+29
8 8.50869577454e+12 1.57156495155e+29
8 8.51129107256e+12 1.56266625733e+29
8 8.51388637058e+12 1.55385265799e+29
8 8.5164816686e+12 1.5450018419e+29
8 8.51907696662e+12 1.53617544895e+29
8 8.52167226463e+12 1.52745860237e+29
8 8.52438553074e+12 1.59065526025e+29
8 8.52709879685e+12 1.58109955163e+29
8 8.52981206297e+12 1.57165300485e+29
8 8.53252532908e+12 1.56225883347e+29
8 8.53523859519e+12 1.55283154053e+29
8 8.5379518613e+12 1.54349607553e+29
8 8.54066512741e+12 1.53423547139e+29
8 8.54349636161e+12 1.59382658643e+29
8 8.54632759581e+12 1.58375818457e+29
8 8.54915883001e+12 1.57377832364e+29
8 8.55199006421e+12 1.56377481617e+29
8 8.55482129841e+12 1.55385773501e+29
8 8.55765253262e+12 1.54402157951e+29
8 8.56048376682e+12 1.53437657719e+29
8 8.56343296911e+12 1.59210885596e+29
8 8.56638217141e+12 1.58437854656e+29
8 8.5693313737e+12 1.57519125935e+29
8 8.57228057599e+12 1.5619060205e+29
8 8.57522977829e+12 1.54856619703e+29
8 8.57817898058e+12 1.53784547812e+29
8 8.58112818287e+12 1.52801376079e+29
8 8.58419535326e+12 1.58265347788e+29
8 8.58726252364e+12 1.57440158196e+29
8 8.59032969403e+12 1.56267268199e+29
8 8.59339686441e+12 1.54821283655e+29
8 8.5964640348e+12 1.53602528196e+29
8 8.59964917328e+12 1.58601951491e+29
8 8.60283431175e+12 1.57617755338e+29
8 8.60601945023e+12 1.56747496723e+29
8 8.60920458871e+12 1.55521030311e+29
8 8.61238972719e+12 1.54040077427e+29
8 8.61557486566e+12 1.52788035181e+29
8 8.61887797223e+12 1.57513472423e+29
8 8.6221810788e+12 1.56538686667e+29
8 8.62548418537e+12 1.555002497e+29
8 8.62878729194e+12 1.54049496114e+29
8 8.6322083666e+12 1.58216401668e+29
8 8.63562944126e+12 1.56973564904e+29
8 8.63905051592e+12 1.5591852239e+29
8 8.64247159058e+12 1.5484772101e+29
8 8.64589266524e+12 1.53370830284e+29
8 8.64943170799e+12 1.57270584317e+29
8 8.65297075074e+12 1.56019719131e+29
8 8.6565097935e+12 1.54963007212e+29
8 8.66004883625e+12 1.53666392749e+29
8 8.66370584709e+12 1.57293830195e+29
8 8.66736285794e+12 1.55851511217e+29
8 8.67101986878e+12 1.54684384089e+29
8 8.67467687963e+12 1.5344616578e+29
8 8.67845185856e+12 1.57016278939e+29
8 8.6822268375e+12 1.55732523961e+29
8 8.68600181643e+12 1.54474989831e+29
8 8.68977679537e+12 1.52868140435e+29
8 8.6936697424e+12 1.56163857647e+29
8 8.69756268942e+12 1.54876165203e+29
8 8.70145563645e+12 1.53442848244e+29
8 8.70546655157e+12 1.56479335981e+29
8 8.70947746669e+12 1.5504383937e+29
8 8.71348838181e+12 1.53502267876e+29
8 8.71761726502e+12 1.56474794107e+29
8 8.72174614823e+12 1.55092247988e+29
8 8.72587503144e+12 1.53550948215e+29
8 8.73012188274e+12 1.56304356699e+29
8 8.73436873405e+12 1.54362546844e+29
8 8.73861558535e+12 1.52729495168e+29
8 8.74298040474e+12 1.55657737554e+29
8 8.74734522414e+12 1.54029762655e+29
8 8.75182801163e+12 1.56407032601e+29
8 8.75631079911e+12 1.54377841009e+29
8 8.7607935866e+12 1.52698807868e+29
8 8.76539434218e+12 1.5525215278e+29
8 8.76999509775e+12 1.53483931234e+29
8 8.77471382142e+12 1.55404305661e+29
8 8.77943254509e+12 1.53386307841e+29
8 8.7842692